[result]
bound_eq26 = 0.0170829673066950
infid = 0.002687695998995876
tracedist = 0.009137597907175632
infid_ideal = 0.0003684824907684847

