[shined]
shined = [4, 13]

[amplitude]
pulse_type = AM
shape = rectangular
mu = 2082827.6269689063
delta_t = 1.4999999999999999e-05
segnum = 66
amp_list0 = [-0.11603857105749364, 0.4489119192674978, -0.723317664043707, 0.34819624281500605, 0.4562311250844763, -0.5844948778955009, -0.2647731775330613, 0.6643675568992246, 0.1094583548643369, -0.7285983503508242, -0.013104476995439075, 0.7191884297090373, -0.05719434643545854, -0.5881908306131911, 0.29517475288239226, 0.8137163935650823, -0.5246611966770789, -0.905739413876999, 0.14978871629795798, 0.6594543478718077, -0.30644337452903264, -0.8289351354701596, 0.7483677460982696, 0.4694806062106062, -0.4124867059633861, -0.9087206748471777, 0.7471262525489251, 0.6246830257530577, -0.6120084426858944, -0.699874328853072, 0.7123662705214567, 0.6343300904342134, -0.7298396292347807, -0.6072737005588515, 0.7578299489253073, 0.5619153015950001, -0.7838843355786395, -0.5217208225415065, 0.79660740167718, 0.4695389335225313, -0.8131886240443201, -0.42752776053330305, 0.8095092035401503, 0.37046375544930227, -0.836687914271362, -0.2832498962860961, 0.7846638278221613, 0.21213343278507432, -0.7652712316825958, -0.17492484364121466, 0.7655725654580575, 0.056535348920331116, -0.7365467361382134, 0.0016808192945684767, 0.6996636282710096, -0.05467281897912666, -0.7898462558099205, 0.30190122781612583, 0.5924370805387933, -0.3819948692158772, -0.49368705218845055, 0.5783741802410132, 0.09750067209098312, -0.527898816364413, 0.3697324887137421, -0.10174451055152177]
amp_list1 = [-0.11603857105749364, 0.4489119192674978, -0.723317664043707, 0.34819624281500605, 0.4562311250844763, -0.5844948778955009, -0.2647731775330613, 0.6643675568992246, 0.1094583548643369, -0.7285983503508242, -0.013104476995439075, 0.7191884297090373, -0.05719434643545854, -0.5881908306131911, 0.29517475288239226, 0.8137163935650823, -0.5246611966770789, -0.905739413876999, 0.14978871629795798, 0.6594543478718077, -0.30644337452903264, -0.8289351354701596, 0.7483677460982696, 0.4694806062106062, -0.4124867059633861, -0.9087206748471777, 0.7471262525489251, 0.6246830257530577, -0.6120084426858944, -0.699874328853072, 0.7123662705214567, 0.6343300904342134, -0.7298396292347807, -0.6072737005588515, 0.7578299489253073, 0.5619153015950001, -0.7838843355786395, -0.5217208225415065, 0.79660740167718, 0.4695389335225313, -0.8131886240443201, -0.42752776053330305, 0.8095092035401503, 0.37046375544930227, -0.836687914271362, -0.2832498962860961, 0.7846638278221613, 0.21213343278507432, -0.7652712316825958, -0.17492484364121466, 0.7655725654580575, 0.056535348920331116, -0.7365467361382134, 0.0016808192945684767, 0.6996636282710096, -0.05467281897912666, -0.7898462558099205, 0.30190122781612583, 0.5924370805387933, -0.3819948692158772, -0.49368705218845055, 0.5783741802410132, 0.09750067209098312, -0.527898816364413, 0.3697324887137421, -0.10174451055152177]

