[result]
infid = 0.004284623800379417
tracedist = 0.08378263779055126
infid_ideal = 0.18459535791997128
bound_eq26 = 0.461967551414835

