[phonon]
partialpos = [0.0e+00 5.0e-06 1.0e-05 1.5e-05 2.0e-05 2.5e-05]
z_freqcal = [2030581.9713717622, 2055906.286798394, 2089671.49832303, 2127271.845950871, 2161668.968463606, 2180000.0]
z_modes = [[-0.12350251246970276, 0.2623193814654957, -0.4016526769640501, 0.5143169017647506, 0.5687022564587618, -0.4082482904638589], [0.3849835598328728, -0.5765711932567326, 0.44185271856709957, -0.029983202628235874, 0.3956688435463073, -0.408248290463857], [-0.5801161849768341, 0.3142518117912325, 0.3787364547841603, -0.4843336991365164, 0.14150586470337156, -0.40824829046386346], [0.5801161849768379, 0.3142518117912304, -0.3787364547841575, -0.4843336991365135, -0.1415058647033675, -0.40824829046386646], [-0.38498355983287563, -0.5765711932567258, -0.44185271856710134, -0.029983202628233396, -0.3956688435463026, -0.4082482904638663], [0.12350251246970392, 0.2623193814654941, 0.401652676964055, 0.5143169017647543, -0.5687022564587512, -0.408248290463866]]

