[shined]
shined = [0, 1]

[amplitude]
pulse_type = AM
shape = rectangular
mu = 2083791.6604744513
delta_t = 1.4999999999999999e-05
segnum = 36
amp_list0 = [-0.015597403437355592, 0.05002430718481534, -0.023869947889043928, -0.09423323051351329, 0.09411342783729829, 0.10938460019843634, -0.1274648378542187, -0.15098043272654182, 0.1344205941445138, 0.2115598131876233, -0.10577951908940202, -0.27453758824867597, 0.03711317718605121, 0.3166464114402996, 0.062388203536408296, -0.3157436942720451, -0.17304889135137594, 0.2652115212143584, 0.26521318232688945, -0.17322311966168835, -0.3154972000085757, 0.06220571750204517, 0.3167513225093176, 0.03712648597311929, -0.2746617615346843, -0.10573414959197948, 0.21168549260335165, 0.13432878992544997, -0.1510862928549655, -0.12731452916692557, 0.10941924445026213, 0.09388517392442217, -0.09397154147666432, -0.024039023961845405, 0.05008896207776664, -0.015608875475194697]
amp_list1 = [-0.015597403437355592, 0.05002430718481534, -0.023869947889043928, -0.09423323051351329, 0.09411342783729829, 0.10938460019843634, -0.1274648378542187, -0.15098043272654182, 0.1344205941445138, 0.2115598131876233, -0.10577951908940202, -0.27453758824867597, 0.03711317718605121, 0.3166464114402996, 0.062388203536408296, -0.3157436942720451, -0.17304889135137594, 0.2652115212143584, 0.26521318232688945, -0.17322311966168835, -0.3154972000085757, 0.06220571750204517, 0.3167513225093176, 0.03712648597311929, -0.2746617615346843, -0.10573414959197948, 0.21168549260335165, 0.13432878992544997, -0.1510862928549655, -0.12731452916692557, 0.10941924445026213, 0.09388517392442217, -0.09397154147666432, -0.024039023961845405, 0.05008896207776664, -0.015608875475194697]

