[phonon]
partialpos = [0.0e+00 5.0e-06 1.0e-05 1.5e-05 2.0e-05 2.5e-05 3.0e-05 3.5e-05 4.0e-05
	 4.5e-05 5.0e-05 5.5e-05 6.0e-05 6.5e-05 7.0e-05]
z_freqcal = [2018607.3213128352, 2023298.1039867317, 2030197.4522912074, 2039155.8691381344, 2049987.8921122407, 2062468.3578006518, 2076329.1170189402, 2091254.2039299624, 2106872.2282515005, 2122743.2685348424, 2138337.327145422, 2152993.021434067, 2165841.4857734977, 2175596.384771755, 2180000.0]
z_modes = [[-0.021224549167675823, -0.04728056468456915, 0.07853429662572287, -0.11355339389460475, 0.1509700736854071, 0.18941609952299204, -0.2275267167738061, 0.263934444526359, 0.2973254453261257, -0.3264042949081425, 0.3500059450164855, 0.3668477639759386, 0.375830100071513, -0.3717704661529133, -0.2581988897471522], [0.07543300016424068, 0.15941737223722033, -0.24410714596390923, 0.315087855741536, -0.3600012522558029, -0.36995141706832513, 0.34063018399970835, -0.2729859577118322, -0.1731680439224077, 0.05192138620088718, 0.0768141067349976, 0.19728827112681863, 0.2941725595668112, -0.34971684006526926, -0.25819888974715255], [-0.14589048024704238, -0.2793719843651615, 0.3631572047567778, -0.3614354078024522, 0.2655102092355001, 0.09686864684575308, 0.09880789688557395, -0.26531358610046757, -0.3530847404226684, 0.3348747181528209, -0.21459955515261653, -0.027363266065352297, 0.1708381428534111, -0.31408769705231415, -0.2581988897471545], [0.22030768863734027, 0.3607304160179741, -0.3455510547601787, 0.1633522349854722, 0.10073062298316354, 0.3105271456168925, -0.3540028997360334, 0.2066340109151422, -0.0525073631517597, 0.28224198001841466, -0.35571147607060355, -0.2309661209736322, 0.025296944344528356, -0.26656895417614845, -0.25819888974715727], [-0.2891857032268839, -0.3736012106804077, 0.18044499079174017, 0.1527363618207856, -0.35663393430698376, -0.261242657923308, -0.05400928678897438, 0.32265467897843436, 0.31624556424120914, -0.03997239548096534, -0.2694444105440735, -0.34558009643457976, -0.12011766833512742, -0.20908509157312807, -0.25819888974716154], [0.3445305960748835, 0.30749364902331155, 0.06546569305737605, -0.3539066240852208, 0.22017170285397475, -0.1755669762140521, 0.35899452449052827, -0.10986070883395316, 0.2712543638080108, -0.3239199196520405, -0.015058939310361185, -0.33420208788849504, -0.24328562605361345, -0.14383834280214366, -0.258198889747165], [-0.3802945497155167, -0.17333580741409318, -0.2810998185380412, 0.28622974761103287, 0.1603469271480062, 0.3498218945237022, 0.01741739052103665, -0.3557428077082739, -0.12627513294559684, -0.3040409298597542, 0.24851779964580506, -0.20319773663480845, -0.32553229076130197, -0.07327154374522968, -0.25819888974716504], [0.392647994961299, -2.101649834900605e-15, 0.366311668061016, 1.3517617142695088e-14, -0.36218869868652953, 8.895433648459282e-15, -0.3606221851960614, -5.4320895835909835e-15, -0.3595801858658348, -1.1750230009927002e-15, 0.35895305936070865, -6.5319116661573045e-15, -0.35440432337235145, -4.072867935692894e-15, -0.25819888974716576], [-0.3802945497154958, 0.17333580741409899, -0.28109981853802884, -0.2862297476110534, 0.1603469271480055, -0.3498218945237114, 0.017417390521022195, 0.3557428077082759, -0.12627513294559647, 0.3040409298597562, 0.248517799645818, 0.20319773663479856, -0.32553229076130547, 0.0732715437452211, -0.25819888974716426], [0.34453059607486103, -0.30749364902332327, 0.06546569305736993, 0.3539066240852319, 0.22017170285397214, 0.17556697621405057, 0.3589945244905317, 0.10986070883395918, 0.2712543638080139, 0.32391991965204253, -0.015058939310344131, 0.3342020878884909, -0.2432856260536196, 0.14383834280213476, -0.25819888974716393], [-0.28918570322686843, 0.373601210680427, 0.1804449907917307, -0.15273636182078798, -0.35663393430698087, 0.26124265792331214, -0.05400928678896233, -0.32265467897843203, 0.31624556424120903, 0.03997239548096673, -0.2694444105440645, 0.3455800964345878, -0.12011766833513748, 0.2090850915731212, -0.25819888974716376], [0.22030768863733147, -0.36073041601799427, -0.3455510547601552, -0.16335223498547755, 0.10073062298316418, -0.31052714561688977, -0.3540028997360335, -0.20663401091514713, -0.05250736315175869, -0.28224198001841005, -0.35571147607060527, 0.23096612097364952, 0.02529694434451324, 0.26656895417614185, -0.25819888974716154], [-0.1458904802470383, 0.2793719843651785, 0.3631572047567542, 0.36143540780246664, 0.26551020923549834, -0.09686864684575419, 0.09880789688557046, 0.2653135861004706, -0.3530847404226698, -0.33487471815281555, -0.21459955515262105, 0.02736326606536359, 0.1708381428534018, 0.3140876970523126, -0.2581988897471622], [0.07543300016424018, -0.15941737223723285, -0.24410714596389613, -0.3150878557415489, -0.36000125225579704, 0.36995141706831697, 0.34063018399970457, 0.27298595771183665, -0.17316804392240961, -0.05192138620088831, 0.07681410673499046, -0.19728827112681563, 0.2941725595668081, 0.3497168400652724, -0.25819888974716376], [-0.021224549167675705, 0.04728056468457271, 0.07853429662571827, 0.11355339389460913, 0.15097007368540552, -0.1894160995229902, -0.2275267167738074, -0.263934444526367, 0.29732544532612804, 0.32640429490813305, 0.3500059450164748, -0.3668477639759396, 0.3758301000715117, 0.37177046615291787, -0.2581988897471639]]

