[result]
infid = 7.925182830992306e-05
tracedist = 0.005556714256008846
infid_ideal = 0.35433908908717326

