[shined]
shined = [0, 9]

[amplitude]
pulse_type = AM
shape = rectangular
mu = 2099645.2173228892
delta_t = 1.4999999999999999e-05
segnum = 50
amp_list0 = [-0.49749612650648445, 0.2033686490263022, 0.18480661802026477, -0.11704394923614483, 0.11328413755687768, 0.48372984420741255, 0.4642992619027956, 0.14973348627913854, 0.01179438729126387, 0.13870434487831176, 0.1925998092340927, -0.0036649669687162842, -0.1940565267709572, -0.11131258755965721, 0.09607708563229633, 0.09054527569683243, -0.13397076731312782, -0.2442414310874707, -0.08920617289122591, 0.06334145595216854, -0.13756475112051111, -0.2298824159643024, 0.4617891023663165, 0.49292944698994523, 0.4895082900777365, 0.4895747316645427, 0.4939663111492399, 0.4658962881152813, -0.2267914562575536, -0.13650403349067777, 0.06456734415741504, -0.08767254881882766, -0.2436750002294626, -0.13459254660331169, 0.08984654783875057, 0.09612535763422798, -0.11108009438008772, -0.19487174256873327, -0.005479304019277532, 0.19118067633629485, 0.13812656530383965, 0.010956889634423782, 0.14821565973392406, 0.4637738521745163, 0.48415638194696725, 0.11648183734865963, -0.11604230237131247, 0.184144375664322, 0.20755277385735063, -0.4976189249192112]
amp_list1 = [-0.49749612650648445, 0.2033686490263022, 0.18480661802026477, -0.11704394923614483, 0.11328413755687768, 0.48372984420741255, 0.4642992619027956, 0.14973348627913854, 0.01179438729126387, 0.13870434487831176, 0.1925998092340927, -0.0036649669687162842, -0.1940565267709572, -0.11131258755965721, 0.09607708563229633, 0.09054527569683243, -0.13397076731312782, -0.2442414310874707, -0.08920617289122591, 0.06334145595216854, -0.13756475112051111, -0.2298824159643024, 0.4617891023663165, 0.49292944698994523, 0.4895082900777365, 0.4895747316645427, 0.4939663111492399, 0.4658962881152813, -0.2267914562575536, -0.13650403349067777, 0.06456734415741504, -0.08767254881882766, -0.2436750002294626, -0.13459254660331169, 0.08984654783875057, 0.09612535763422798, -0.11108009438008772, -0.19487174256873327, -0.005479304019277532, 0.19118067633629485, 0.13812656530383965, 0.010956889634423782, 0.14821565973392406, 0.4637738521745163, 0.48415638194696725, 0.11648183734865963, -0.11604230237131247, 0.184144375664322, 0.20755277385735063, -0.4976189249192112]

