[result]
infid = 0.056584789340277
tracedist = 0.11046257968586337
infid_ideal = -1.558285470992793e-05
bound_eq26 = 0.240643632605899

