[shined]
shined = [0, 1]

[amplitude]
pulse_type = AM
shape = rectangular
mu = 2141842.400881019
delta_t = 1.4999999999999999e-05
segnum = 21
amp_list0 = [-0.19942078073483566, 0.06388325450048668, 0.19846172144238455, 0.19835879503304213, 0.18954740763364775, -0.1174945777529132, -0.19373076244393309, -0.19287810275479605, -0.12461407575217444, 0.19366609690377923, 0.1948589916976071, 0.18836236192438452, -0.11820843823101604, -0.1949274410986626, -0.1973651619220254, -0.12049797525001434, 0.19067069823903104, 0.1995337881206552, 0.1996965710522974, 0.05548057655706924, -0.19464805848715494]
amp_list1 = [-0.19942078073483566, 0.06388325450048668, 0.19846172144238455, 0.19835879503304213, 0.18954740763364775, -0.1174945777529132, -0.19373076244393309, -0.19287810275479605, -0.12461407575217444, 0.19366609690377923, 0.1948589916976071, 0.18836236192438452, -0.11820843823101604, -0.1949274410986626, -0.1973651619220254, -0.12049797525001434, 0.19067069823903104, 0.1995337881206552, 0.1996965710522974, 0.05548057655706924, -0.19464805848715494]

