[phonon]
partialpos = [0.0e+00 5.0e-06 1.0e-05 1.5e-05 2.0e-05 2.5e-05 3.0e-05 3.5e-05 4.0e-05
	 4.5e-05 5.0e-05 5.5e-05 6.0e-05 6.5e-05 7.0e-05 7.5e-05]
z_freqcal = [2018310.1327815421, 2022450.586642897, 2028555.427710152, 2036507.1700586071, 2046160.6373402604, 2057340.1379069898, 2069837.269511122, 2083408.0337049023, 2097768.270097338, 2112586.535692742, 2127472.0487344847, 2141955.233859032, 2155450.7897946783, 2167190.366585022, 2176037.138888915, 2180000.0]
z_modes = [[0.018696151278584535, -0.04167830189742105, 0.0693247424024228, -0.10045838254186949, 0.13397020789385544, -0.16876577813691027, -0.203741593784152, 0.23780381647882298, 0.26986272053080274, -0.2988823366889146, 0.32383897057030603, 0.3438202820122049, 0.35778077228545346, 0.36482249384925997, -0.3601128053372589, -0.25000000000001327], [-0.06665573224436534, 0.1418722802747874, -0.21976029986890766, 0.28850846440687244, -0.33765629448284645, 0.3590672246209647, 0.347829763764001, -0.3028447649911632, -0.227054265787971, 0.1271449603686971, -0.012935070262975015, 0.10378105073498554, 0.21020675485388637, 0.29420154849499847, -0.34111181561923776, -0.2500000000000131], [0.12964593078650874, -0.25318447534774985, 0.3406097885527052, -0.359757598092514, 0.2976964202278705, -0.16443500748601586, 0.009393195081297875, -0.18047112681376648, -0.304469184574978, 0.34816436531941825, -0.2989336785835182, -0.16856509248152107, 0.008949164464526522, 0.18636195179182014, -0.31035882096439654, -0.2500000000000132], [-0.1974385144413462, 0.33686243015499595, -0.3521916462479336, 0.21899287224080366, 0.011244613052438342, -0.23515749901859084, -0.3477421588924253, 0.29460327130433245, 0.10021225985608827, 0.14214376450945398, -0.3147836478485109, -0.3325340775224379, -0.18528954168466333, 0.056497130434025336, -0.26919244175590634, -0.2500000000000119], [0.26217864581608724, -0.36626311367416026, 0.23280969150141734, 0.061446328541456985, -0.30800035538910464, 0.32505533189750324, 0.09895415017200333, 0.20109025657724877, 0.34854542373029823, -0.2313775349648796, -0.06157963935911177, -0.3064363165603101, -0.3148314432908136, -0.07770868929349789, -0.21911426332729353, -0.25000000000001055], [-0.31712282858669216, 0.3286610599254841, -0.021858602177991605, -0.30075242389479045, 0.3030297565372011, 0.01719231049732098, 0.31771398417871094, -0.2760027260440324, 0.06295427837801451, -0.3334270608486591, 0.24298027284705379, -0.11004626413712362, -0.3420416039849947, -0.19817422064785428, -0.16183630925948111, -0.2500000000000108], [0.35691743484349087, -0.2275569269296359, -0.19773974081796206, 0.3374890622361894, 0.0014078356173899175, -0.3361592587837495, -0.18994300613802362, -0.22732394960058935, -0.31814504454717574, -0.04725841694011813, 0.34421323278599225, 0.14675809724732666, -0.260530829774267, -0.28873596151137493, -0.09926368805519277, -0.2500000000000094], [-0.37778677438996144, 0.0812870474937103, 0.3362534028120983, -0.14546832289614325, -0.30429816954075195, 0.2032026764094801, -0.2639669147022976, 0.25314522308914705, -0.2149722496849798, 0.2934922592450085, 0.15873468855783146, 0.3232223207068864, -0.09698519263379635, -0.3372642531173917, -0.0334514136265173, -0.2500000000000068], [0.37778677438996283, 0.08128704749366758, -0.33625340281210825, -0.1454683228961536, 0.3042981695407544, 0.20320267640947326, 0.26396691470229205, 0.2531452230891481, 0.21497224968498674, 0.29349225924499933, -0.15873468855784703, 0.32322232070687884, 0.09698519263382255, -0.33726425311738456, 0.033451413626549735, -0.25000000000000294], [-0.3569174348434972, -0.22755692692960192, 0.1977397408179859, 0.3374890622361928, -0.0014078356173900263, -0.3361592587837483, 0.18994300613803508, -0.22732394960058394, 0.3181450445471741, -0.04725841694013328, -0.3442132327859961, 0.1467580972473076, 0.2605308297742865, -0.28873596151135916, 0.09926368805522177, -0.24999999999999592], [0.31712282858670565, 0.3286610599254706, 0.021858602177967965, -0.3007524238947866, -0.30302975653720987, 0.017192310497323955, -0.3177139841787104, -0.27600272604403686, -0.06295427837801741, -0.33342706084866175, -0.2429802728470468, -0.1100462641371371, 0.3420416039849984, -0.1981742206478318, 0.1618363092595088, -0.24999999999999242], [-0.2621786458161071, -0.3662631136741681, -0.2328096915014007, 0.06144632854144918, 0.30800035538911, 0.32505533189749686, -0.09895415017201756, 0.2010902565772368, -0.34854542373029695, -0.23137753496487173, 0.06157963935912054, -0.3064363165603157, 0.31483144329080803, -0.07770868929347678, 0.21911426332732023, -0.24999999999998984], [0.19743851444136684, 0.3368624301550124, 0.35219164624791527, 0.21899287224080305, -0.011244613052427724, -0.23515749901857494, 0.34774215889242205, 0.2946032713043424, -0.10021225985609797, 0.14214376450945287, 0.31478364784851165, -0.33253407752243563, 0.18528954168465483, 0.056497130434039367, 0.2691924417559279, -0.24999999999998598], [-0.1296459307865226, -0.2531844753477612, -0.3406097885526837, -0.3597575980925034, -0.29769642022789145, -0.16443500748602669, -0.009393195081280885, -0.1804711268137583, 0.30446918457498234, 0.3481643653194204, 0.2989336785835178, -0.16856509248151563, -0.008949164464534986, 0.1863619517918269, 0.31035882096441386, -0.24999999999998318], [0.06665573224437245, 0.1418722802747942, 0.2197602998688937, 0.28850846440685946, 0.3376562944828558, 0.3590672246209521, -0.34782976376400176, -0.3028447649911734, 0.227054265787984, 0.12714496036870185, 0.012935070262974425, 0.1037810507349904, -0.21020675485389337, 0.29420154849499913, 0.3411118156192532, -0.249999999999981], [-0.01869615127858835, -0.04167830189742413, -0.06932474240241754, -0.10045838254186296, -0.13397020789385689, -0.16876577813690138, 0.2037415937841469, 0.237803816478823, -0.2698627205308086, -0.2988823366889183, -0.323838970570311, 0.3438202820122104, -0.35778077228545974, 0.364822493849256, 0.360112805337272, -0.24999999999997957]]

