[shined]
shined = [0, 5]

[amplitude]
pulse_type = AM
shape = rectangular
mu = 2099645.2173228892
delta_t = 1.4999999999999999e-05
segnum = 85
amp_list0 = [-0.13665161,  0.17285691,  0.2500404 ,  0.18580706,  0.13601292,        0.1346127 ,  0.07643076,  0.06765984,  0.14314347,  0.27288686,        0.36302419,  0.31869101,  0.24019352,  0.12044711, -0.0161674 ,       -0.1177408 , -0.18227717, -0.20730199, -0.18685807, -0.12495303,       -0.04123652,  0.03195706,  0.07148359,  0.0639164 ,  0.01860305,       -0.03130882, -0.04370572,  0.00337083,  0.09231663,  0.17786947,        0.22132039,  0.21425947,  0.12329486, -0.05743349, -0.17402025,       -0.19249073, -0.15000882, -0.1047447 , -0.07772345, -0.04755704,        0.00555659, -0.01517426, -0.04686868, -0.0155775 ,  0.00438452,       -0.04935799, -0.0791349 , -0.1047599 , -0.14882225, -0.19142092,       -0.17418454, -0.05869529,  0.12225438,  0.21479988,  0.22343294,        0.18015369,  0.09349247,  0.00334073, -0.04424136, -0.0317138 ,        0.01863998,  0.06468627,  0.07330097,  0.03470594, -0.03932873,       -0.12303545, -0.18636109, -0.20770754, -0.18245416, -0.11698065,       -0.01503229,  0.12068443,  0.236128  ,  0.31632125,  0.36891401,        0.27034175,  0.14154106,  0.06731085,  0.07703061,  0.13509711,        0.13503371,  0.18276968,  0.25696865,  0.18304347, -0.13878552]
amp_list1 = [-0.13665161,  0.17285691,  0.2500404 ,  0.18580706,  0.13601292,        0.1346127 ,  0.07643076,  0.06765984,  0.14314347,  0.27288686,        0.36302419,  0.31869101,  0.24019352,  0.12044711, -0.0161674 ,       -0.1177408 , -0.18227717, -0.20730199, -0.18685807, -0.12495303,       -0.04123652,  0.03195706,  0.07148359,  0.0639164 ,  0.01860305,       -0.03130882, -0.04370572,  0.00337083,  0.09231663,  0.17786947,        0.22132039,  0.21425947,  0.12329486, -0.05743349, -0.17402025,       -0.19249073, -0.15000882, -0.1047447 , -0.07772345, -0.04755704,        0.00555659, -0.01517426, -0.04686868, -0.0155775 ,  0.00438452,       -0.04935799, -0.0791349 , -0.1047599 , -0.14882225, -0.19142092,       -0.17418454, -0.05869529,  0.12225438,  0.21479988,  0.22343294,        0.18015369,  0.09349247,  0.00334073, -0.04424136, -0.0317138 ,        0.01863998,  0.06468627,  0.07330097,  0.03470594, -0.03932873,       -0.12303545, -0.18636109, -0.20770754, -0.18245416, -0.11698065,       -0.01503229,  0.12068443,  0.236128  ,  0.31632125,  0.36891401,        0.27034175,  0.14154106,  0.06731085,  0.07703061,  0.13509711,        0.13503371,  0.18276968,  0.25696865,  0.18304347, -0.13878552]