[result]
infid = 0.1092166564146968
tracedist = 0.20658921258867002
infid_ideal = -2.258281705413978e-05
bound_eq26 = 0.498177544419333

