[shined]
shined = [0, 4]

[amplitude]
pulse_type = AM
shape = rectangular
mu = 2102637.7932052407
delta_t = 1.4999999999999999e-05
segnum = 81
amp_list0 = [0.21387547813126842, 0.08897975278407032, 0.10402971699987634, 0.17473940985731068, 0.22522888509739528, 0.23362027048981013, 0.21361146970892222, 0.19757083354568847, 0.1889706741576351, 0.17361895427154087, 0.16968614284410263, 0.18688828968815535, 0.17886758859609075, 0.27177337801319756, 0.3652009850244413, 0.37780486024472415, 0.3720249388886171, 0.3991601802484621, 0.40817449123343724, 0.37143185722588523, 0.38885160608926345, 0.3819178756145032, 0.3335154376346713, 0.32595711489789714, 0.33079207017142664, 0.29136072666078916, 0.26196510127054956, 0.30838498333402636, 0.39415394109255136, 0.3939681145633077, 0.39432967474755437, 0.3796086550191858, 0.34029453482476946, 0.27744356892138894, 0.29099560558708537, 0.31260860773818766, 0.2961032029558049, 0.26125802823334277, 0.2515243422462472, 0.2716876304478137, 0.2859955262091422, 0.2715685103006193, 0.25136807366373914, 0.2615394379470453, 0.2975173630614369, 0.3154677712688986, 0.29473100180600786, 0.280799130206874, 0.3422692618021752, 0.3804682001625372, 0.395494413639226, 0.39892222579448705, 0.39806811565511707, 0.3088763429789652, 0.26070855226840595, 0.2898310236291787, 0.3309223681163098, 0.32789458081831274, 0.33263211840419477, 0.3801900558320942, 0.3982433941417877, 0.3801430975047363, 0.40529752516120976, 0.39902937857388465, 0.37306476053847526, 0.3787352455519157, 0.36661449615362107, 0.270193927276102, 0.17942382200665086, 0.18867506103655882, 0.17033857917889672, 0.17183356492709134, 0.18616240112825944, 0.196112500873504, 0.21501295294240497, 0.23737691721947354, 0.2244863447391193, 0.16941499778315483, 0.10620676155548575, 0.08992604988137602, 0.20707691317929872]
amp_list1 = [0.21387547813126842, 0.08897975278407032, 0.10402971699987634, 0.17473940985731068, 0.22522888509739528, 0.23362027048981013, 0.21361146970892222, 0.19757083354568847, 0.1889706741576351, 0.17361895427154087, 0.16968614284410263, 0.18688828968815535, 0.17886758859609075, 0.27177337801319756, 0.3652009850244413, 0.37780486024472415, 0.3720249388886171, 0.3991601802484621, 0.40817449123343724, 0.37143185722588523, 0.38885160608926345, 0.3819178756145032, 0.3335154376346713, 0.32595711489789714, 0.33079207017142664, 0.29136072666078916, 0.26196510127054956, 0.30838498333402636, 0.39415394109255136, 0.3939681145633077, 0.39432967474755437, 0.3796086550191858, 0.34029453482476946, 0.27744356892138894, 0.29099560558708537, 0.31260860773818766, 0.2961032029558049, 0.26125802823334277, 0.2515243422462472, 0.2716876304478137, 0.2859955262091422, 0.2715685103006193, 0.25136807366373914, 0.2615394379470453, 0.2975173630614369, 0.3154677712688986, 0.29473100180600786, 0.280799130206874, 0.3422692618021752, 0.3804682001625372, 0.395494413639226, 0.39892222579448705, 0.39806811565511707, 0.3088763429789652, 0.26070855226840595, 0.2898310236291787, 0.3309223681163098, 0.32789458081831274, 0.33263211840419477, 0.3801900558320942, 0.3982433941417877, 0.3801430975047363, 0.40529752516120976, 0.39902937857388465, 0.37306476053847526, 0.3787352455519157, 0.36661449615362107, 0.270193927276102, 0.17942382200665086, 0.18867506103655882, 0.17033857917889672, 0.17183356492709134, 0.18616240112825944, 0.196112500873504, 0.21501295294240497, 0.23737691721947354, 0.2244863447391193, 0.16941499778315483, 0.10620676155548575, 0.08992604988137602, 0.20707691317929872]

