[result]
infid = 0.08793310604624671
tracedist = 0.17810757218972686
infid_ideal = -3.70664869442372e-05
bound_eq26 = 0.443018960021612

