[shined]
shined = [0, 1]

[amplitude]
pulse_type = AM
shape = rectangular
mu = 2141842.400881019
delta_t = 1.4999999999999999e-05
segnum = 6
amp_list0 = [-0.7570882486731586, 0.7157248468175437, 0.7367052962829201, -0.7367052962829229, -0.7157248468175406, 0.7570882486731608]
amp_list1 = [-0.7570882486731586, 0.7157248468175437, 0.7367052962829201, -0.7367052962829229, -0.7157248468175406, 0.7570882486731608]

