[result]
infid = 0.0032777406427961786
tracedist = 0.006568912558369249
infid_ideal = -2.5950201889557434e-06
bound_eq26 = 0.0131891298307166

