python script
[[-0.7071067811865475, 0.7071067811865475], [0.7071067811865475, 0.7071067811865475]]
----- N 2 segNum 10 -----
2022-04-15 15:16:06.595794: I tensorflow/compiler/jit/xla_cpu_device.cc:41] Not creating XLA devices, tf_xla_enable_xla_devices not set
2022-04-15 15:16:06.597094: I tensorflow/core/platform/cpu_feature_guard.cc:142] This TensorFlow binary is optimized with oneAPI Deep Neural Network Library (oneDNN) to use the following CPU instructions in performance-critical operations:  SSE4.1 SSE4.2 AVX AVX2 FMA
To enable them in other operations, rebuild TensorFlow with the appropriate compiler flags.
2022-04-15 15:16:06.598940: I tensorflow/core/common_runtime/process_util.cc:146] Creating new thread pool with default inter op setting: 2. Tune using inter_op_parallelism_threads for best performance.
detuning [-0.03815759905437846, 0.03815759905437846]
tau 150.0
mode [[-0.70710678  0.70710678]
 [ 0.70710678  0.70710678]]
k_list [0, 1]
this ions should have laser shined:  [0 1]
>>>>>>>>>> P and G calculate time used is: 0.6675117015838623 seconds
error: 2.4102808187762943e-07
constrain_error 2.256320700944059e-06
>>>>>>>>>> optimization time used is: 21.522546768188477 seconds
alpha max are: [1, 1]  for phonon cut-off in simulation
./calculation results/data/
segnum 10 (array([-0.47502435,  0.30956661,  0.47555304,  0.22467141, -0.49204552,
       -0.49239392,  0.19078295,  0.49872894,  0.30860051, -0.46816934]), array([-0.47502435,  0.30956661,  0.47555304,  0.22467141, -0.49204552,
       -0.49239392,  0.19078295,  0.49872894,  0.30860051, -0.46816934]))
test theta tf.Tensor(
[[0.        +0.j 0.39269795+0.j]
 [0.39269795+0.j 0.        +0.j]], shape=(2, 2), dtype=complex128)
----- break -----
[[0.4082482904638644, 0.7071067811865471, 0.5773502691896253], [-0.8164965809277256, 1.1180418011691705e-15, 0.5773502691896264], [0.40824829046386263, -0.7071067811865478, 0.5773502691896258]]
----- N 3 segNum 15 -----
detuning [-0.03407674048500508, 0.034076740485005544, 0.08145368634073809]
tau 225.0
mode [[ 4.08248290e-01 -8.16496581e-01  4.08248290e-01]
 [ 7.07106781e-01  1.11804180e-15 -7.07106781e-01]
 [ 5.77350269e-01  5.77350269e-01  5.77350269e-01]]
k_list [0, 1, 2]
this ions should have laser shined:  [0 1]
>>>>>>>>>> P and G calculate time used is: 4.953052282333374 seconds
error: 3.568732171547345e-06
constrain_error 7.469610875388e-07
>>>>>>>>>> optimization time used is: 17.58099603652954 seconds
alpha max are: [1, 1, 1]  for phonon cut-off in simulation
./calculation results/data/
segnum 15 (array([ 0.33030847, -0.49556739,  0.1201352 ,  0.49941438, -0.09793579,
       -0.49958241,  0.01779326,  0.49930436, -0.01321467, -0.49957099,
        0.26869814,  0.49993299, -0.39026071, -0.49682916,  0.49445164]), array([ 0.33030847, -0.49556739,  0.1201352 ,  0.49941438, -0.09793579,
       -0.49958241,  0.01779326,  0.49930436, -0.01321467, -0.49957099,
        0.26869814,  0.49993299, -0.39026071, -0.49682916,  0.49445164]))
test theta tf.Tensor(
[[0.39269871+0.j 0.39269871+0.j 0.        +0.j]
 [0.39269871+0.j 0.17104674+0.j 0.        +0.j]
 [0.        +0.j 0.        +0.j 0.        +0.j]], shape=(3, 3), dtype=complex128)
----- break -----
[[-0.25490142421265566, 0.500000000000002, 0.6595644501747807, 0.4999999999999972], [0.6595644501747805, -0.49999999999999833, 0.2549014242126576, 0.5000000000000004], [-0.6595644501747797, -0.49999999999999944, -0.25490142421265316, 0.5000000000000019], [0.25490142421265516, 0.5000000000000003, -0.6595644501747796, 0.5000000000000006]]
----- N 4 segNum 17 -----
detuning [-0.07466400128208613, -0.0267661166632534, 0.026766116663253865, 0.05928403581849113]
tau 254.99999999999997
mode [[-0.25490142  0.65956445 -0.65956445  0.25490142]
 [ 0.5        -0.5        -0.5         0.5       ]
 [ 0.65956445  0.25490142 -0.25490142 -0.65956445]
 [ 0.5         0.5         0.5         0.5       ]]
k_list [0, 1, 2, 3]
this ions should have laser shined:  [1 2]
>>>>>>>>>> P and G calculate time used is: 14.969291687011719 seconds
error: 0.158916282418292
constrain_error 8.622353409037942e-08
>>>>>>>>>> optimization time used is: 11.877235889434814 seconds
alpha max are: [1, 2, 1, 1]  for phonon cut-off in simulation
./calculation results/data/
segnum 17 (array([ 0.5       , -0.00472415,  0.5       ,  0.5       ,  0.5       ,
        0.5       ,  0.46770324,  0.5       ,  0.5       ,  0.5       ,
        0.46761354,  0.5       ,  0.5       ,  0.5       ,  0.5       ,
       -0.00464303,  0.5       ]), array([ 0.5       , -0.00472415,  0.5       ,  0.5       ,  0.5       ,
        0.5       ,  0.46770324,  0.5       ,  0.5       ,  0.5       ,
        0.46761354,  0.5       ,  0.5       ,  0.5       ,  0.5       ,
       -0.00464303,  0.5       ]))
test theta tf.Tensor(
[[0.        +0.j 0.        +0.j 0.        +0.j 0.        +0.j]
 [0.        +0.j 1.13101742+0.j 0.39269904+0.j 0.        +0.j]
 [0.        +0.j 0.39269904+0.j 1.13101742+0.j 0.        +0.j]
 [0.        +0.j 0.        +0.j 0.        +0.j 0.        +0.j]], shape=(4, 4), dtype=complex128)
----- N 4 segNum 18 -----
detuning [-0.07466400128208613, -0.0267661166632534, 0.026766116663253865, 0.05928403581849113]
tau 269.99999999999994
mode [[-0.25490142  0.65956445 -0.65956445  0.25490142]
 [ 0.5        -0.5        -0.5         0.5       ]
 [ 0.65956445  0.25490142 -0.25490142 -0.65956445]
 [ 0.5         0.5         0.5         0.5       ]]
k_list [0, 1, 2, 3]
this ions should have laser shined:  [1 2]
>>>>>>>>>> P and G calculate time used is: 16.703017711639404 seconds
error: 0.02987817772775565
constrain_error 1.0826025220733726e-07
>>>>>>>>>> optimization time used is: 13.430765390396118 seconds
alpha max are: [1, 2, 1, 1]  for phonon cut-off in simulation
./calculation results/data/
segnum 18 (array([ 0.5       , -0.08188638,  0.47777061,  0.5       ,  0.5       ,
        0.5       ,  0.5       ,  0.5       ,  0.49592467,  0.49647937,
        0.5       ,  0.5       ,  0.5       ,  0.5       ,  0.5       ,
        0.47773787, -0.08236806,  0.5       ]), array([ 0.5       , -0.08188638,  0.47777061,  0.5       ,  0.5       ,
        0.5       ,  0.5       ,  0.5       ,  0.49592467,  0.49647937,
        0.5       ,  0.5       ,  0.5       ,  0.5       ,  0.5       ,
        0.47773787, -0.08236806,  0.5       ]))
test theta tf.Tensor(
[[0.        +0.j 0.        +0.j 0.        +0.j 0.        +0.j]
 [0.        +0.j 1.16791661+0.j 0.39269914+0.j 0.        +0.j]
 [0.        +0.j 0.39269914+0.j 1.16791661+0.j 0.        +0.j]
 [0.        +0.j 0.        +0.j 0.        +0.j 0.        +0.j]], shape=(4, 4), dtype=complex128)
----- N 4 segNum 19 -----
detuning [-0.07466400128208613, -0.0267661166632534, 0.026766116663253865, 0.05928403581849113]
tau 285.0
mode [[-0.25490142  0.65956445 -0.65956445  0.25490142]
 [ 0.5        -0.5        -0.5         0.5       ]
 [ 0.65956445  0.25490142 -0.25490142 -0.65956445]
 [ 0.5         0.5         0.5         0.5       ]]
k_list [0, 1, 2, 3]
this ions should have laser shined:  [1 2]
>>>>>>>>>> P and G calculate time used is: 18.541382312774658 seconds
error: 3.920406245998134e-06
constrain_error 3.2011371126627886e-05
>>>>>>>>>> optimization time used is: 115.23472952842712 seconds
alpha max are: [1, 2, 1, 1]  for phonon cut-off in simulation
./calculation results/data/
segnum 19 (array([0.43339295, 0.13296308, 0.12204031, 0.46916331, 0.4704194 ,
       0.44653773, 0.39334829, 0.49829703, 0.49972483, 0.4994882 ,
       0.49952144, 0.49706242, 0.39716005, 0.44155992, 0.47333949,
       0.46987673, 0.11657953, 0.13801385, 0.43032692]), array([0.43339295, 0.13296308, 0.12204031, 0.46916331, 0.4704194 ,
       0.44653773, 0.39334829, 0.49829703, 0.49972483, 0.4994882 ,
       0.49952144, 0.49706242, 0.39716005, 0.44155992, 0.47333949,
       0.46987673, 0.11657953, 0.13801385, 0.43032692]))
test theta tf.Tensor(
[[0.        +0.j 0.        +0.j 0.        +0.j 0.        +0.j]
 [0.        +0.j 1.00800889+0.j 0.39268308+0.j 0.        +0.j]
 [0.        +0.j 0.39268308+0.j 1.00800889+0.j 0.        +0.j]
 [0.        +0.j 0.        +0.j 0.        +0.j 0.        +0.j]], shape=(4, 4), dtype=complex128)
----- break -----
[[-0.17230893891831756, -0.3557281850836529, 0.5199130980931763, 0.611111657831111, -0.4472135954999583], [0.5023929691884956, 0.6111116578311125, -0.21817723187804444, 0.3557281850836525, -0.4472135954999592], [-0.6601680605403586, -2.261639967052279e-15, -0.6034717324302619, -2.1241612726540853e-16, -0.44721359549995776], [0.5023929691884984, -0.6111116578311121, -0.2181772318780434, -0.35572818508365306, -0.44721359549995726], [-0.17230893891831875, 0.3557281850836527, 0.5199130980931738, -0.6111116578311134, -0.44721359549995743]]
----- N 5 segNum 19 -----
detuning [-0.05578529897892941, -0.021588718082650796, 0.021588718082650563, 0.06406451048991503, 0.0879164644071306]
tau 285.0
mode [[-1.72308939e-01  5.02392969e-01 -6.60168061e-01  5.02392969e-01
  -1.72308939e-01]
 [-3.55728185e-01  6.11111658e-01 -2.26163997e-15 -6.11111658e-01
   3.55728185e-01]
 [ 5.19913098e-01 -2.18177232e-01 -6.03471732e-01 -2.18177232e-01
   5.19913098e-01]
 [ 6.11111658e-01  3.55728185e-01 -2.12416127e-16 -3.55728185e-01
  -6.11111658e-01]
 [-4.47213595e-01 -4.47213595e-01 -4.47213595e-01 -4.47213595e-01
  -4.47213595e-01]]
k_list [0, 1, 2, 3, 4]
this ions should have laser shined:  [1 3]
>>>>>>>>>> P and G calculate time used is: 36.27512979507446 seconds
error: 0.22795898236916795
constrain_error 5.082661037603131e-07
>>>>>>>>>> optimization time used is: 55.43825054168701 seconds
alpha max are: [1, 1, 1, 1, 1]  for phonon cut-off in simulation
./calculation results/data/
segnum 19 (array([-0.5       ,  0.5       ,  0.48725984, -0.5       ,  0.39305916,
        0.5       ,  0.29685311, -0.5       , -0.17083303,  0.5       ,
       -0.1722256 , -0.5       ,  0.2960407 ,  0.5       ,  0.39177226,
       -0.5       ,  0.49000503,  0.5       , -0.5       ]), array([-0.5       ,  0.5       ,  0.48725984, -0.5       ,  0.39305916,
        0.5       ,  0.29685311, -0.5       , -0.17083303,  0.5       ,
       -0.1722256 , -0.5       ,  0.2960407 ,  0.5       ,  0.39177226,
       -0.5       ,  0.49000503,  0.5       , -0.5       ]))
test theta tf.Tensor(
[[0.        +0.j 0.        +0.j 0.        +0.j 0.        +0.j
  0.        +0.j]
 [0.        +0.j 0.28186942+0.j 0.        +0.j 0.39269934+0.j
  0.        +0.j]
 [0.        +0.j 0.        +0.j 0.        +0.j 0.        +0.j
  0.        +0.j]
 [0.        +0.j 0.39269934+0.j 0.        +0.j 0.28186942+0.j
  0.        +0.j]
 [0.        +0.j 0.        +0.j 0.        +0.j 0.        +0.j
  0.        +0.j]], shape=(5, 5), dtype=complex128)
----- N 5 segNum 20 -----
detuning [-0.05578529897892941, -0.021588718082650796, 0.021588718082650563, 0.06406451048991503, 0.0879164644071306]
tau 300.0
mode [[-1.72308939e-01  5.02392969e-01 -6.60168061e-01  5.02392969e-01
  -1.72308939e-01]
 [-3.55728185e-01  6.11111658e-01 -2.26163997e-15 -6.11111658e-01
   3.55728185e-01]
 [ 5.19913098e-01 -2.18177232e-01 -6.03471732e-01 -2.18177232e-01
   5.19913098e-01]
 [ 6.11111658e-01  3.55728185e-01 -2.12416127e-16 -3.55728185e-01
  -6.11111658e-01]
 [-4.47213595e-01 -4.47213595e-01 -4.47213595e-01 -4.47213595e-01
  -4.47213595e-01]]
k_list [0, 1, 2, 3, 4]
this ions should have laser shined:  [1 3]
>>>>>>>>>> P and G calculate time used is: 40.517327070236206 seconds
error: 0.06459998333481815
constrain_error 7.314371287536758e-07
>>>>>>>>>> optimization time used is: 50.56234431266785 seconds
alpha max are: [1, 1, 1, 1, 1]  for phonon cut-off in simulation
./calculation results/data/
segnum 20 (array([-0.5       ,  0.5       ,  0.5       , -0.27035147, -0.15929698,
        0.5       ,  0.49445812, -0.5       , -0.46235158,  0.5       ,
        0.01869632, -0.5       ,  0.07908413,  0.5       ,  0.48025548,
       -0.5       ,  0.00136089,  0.5       , -0.01409001, -0.5       ]), array([-0.5       ,  0.5       ,  0.5       , -0.27035147, -0.15929698,
        0.5       ,  0.49445812, -0.5       , -0.46235158,  0.5       ,
        0.01869632, -0.5       ,  0.07908413,  0.5       ,  0.48025548,
       -0.5       ,  0.00136089,  0.5       , -0.01409001, -0.5       ]))
test theta tf.Tensor(
[[0.        +0.j 0.        +0.j 0.        +0.j 0.        +0.j
  0.        +0.j]
 [0.        +0.j 0.30935721+0.j 0.        +0.j 0.39269872+0.j
  0.        +0.j]
 [0.        +0.j 0.        +0.j 0.        +0.j 0.        +0.j
  0.        +0.j]
 [0.        +0.j 0.39269872+0.j 0.        +0.j 0.30935721+0.j
  0.        +0.j]
 [0.        +0.j 0.        +0.j 0.        +0.j 0.        +0.j
  0.        +0.j]], shape=(5, 5), dtype=complex128)
----- N 5 segNum 21 -----
detuning [-0.05578529897892941, -0.021588718082650796, 0.021588718082650563, 0.06406451048991503, 0.0879164644071306]
tau 315.0
mode [[-1.72308939e-01  5.02392969e-01 -6.60168061e-01  5.02392969e-01
  -1.72308939e-01]
 [-3.55728185e-01  6.11111658e-01 -2.26163997e-15 -6.11111658e-01
   3.55728185e-01]
 [ 5.19913098e-01 -2.18177232e-01 -6.03471732e-01 -2.18177232e-01
   5.19913098e-01]
 [ 6.11111658e-01  3.55728185e-01 -2.12416127e-16 -3.55728185e-01
  -6.11111658e-01]
 [-4.47213595e-01 -4.47213595e-01 -4.47213595e-01 -4.47213595e-01
  -4.47213595e-01]]
k_list [0, 1, 2, 3, 4]
this ions should have laser shined:  [1 3]
>>>>>>>>>> P and G calculate time used is: 44.036028146743774 seconds
error: 2.714855996886047e-06
constrain_error 3.071143564392642e-05
>>>>>>>>>> optimization time used is: 181.82591891288757 seconds
alpha max are: [1, 1, 1, 1, 1]  for phonon cut-off in simulation
./calculation results/data/
segnum 21 (array([-0.49884195, -0.07993867,  0.49780926,  0.24861383, -0.499134  ,
        0.24670412,  0.49857696,  0.30088603, -0.49954099, -0.20896582,
        0.34729313, -0.21526951, -0.49951733,  0.25852438,  0.49832923,
        0.26898098, -0.49903861,  0.25313971,  0.49696139, -0.02692969,
       -0.4978396 ]), array([-0.49884195, -0.07993867,  0.49780926,  0.24861383, -0.499134  ,
        0.24670412,  0.49857696,  0.30088603, -0.49954099, -0.20896582,
        0.34729313, -0.21526951, -0.49951733,  0.25852438,  0.49832923,
        0.26898098, -0.49903861,  0.25313971,  0.49696139, -0.02692969,
       -0.4978396 ]))
test theta tf.Tensor(
[[0.        +0.j 0.        +0.j 0.        +0.j 0.        +0.j
  0.        +0.j]
 [0.        +0.j 0.23542465+0.j 0.        +0.j 0.39268373+0.j
  0.        +0.j]
 [0.        +0.j 0.        +0.j 0.        +0.j 0.        +0.j
  0.        +0.j]
 [0.        +0.j 0.39268373+0.j 0.        +0.j 0.23542465+0.j
  0.        +0.j]
 [0.        +0.j 0.        +0.j 0.        +0.j 0.        +0.j
  0.        +0.j]], shape=(5, 5), dtype=complex128)
----- break -----
[[0.12350251246970244, 0.26231938146549677, -0.4016526769640513, 0.5143169017647523, 0.5687022564587594, -0.4082482904638591], [-0.38498355983286997, -0.5765711932567338, 0.44185271856709846, -0.029983202628233358, 0.3956688435463069, -0.4082482904638592], [0.5801161849768298, 0.3142518117912379, 0.3787364547841608, -0.4843336991365167, 0.14150586470337065, -0.4082482904638662], [-0.5801161849768394, 0.3142518117912234, -0.3787364547841611, -0.4843336991365115, -0.14150586470337048, -0.40824829046386757], [0.38498355983288235, -0.5765711932567249, -0.4418527185670981, -0.029983202628230714, -0.3956688435463037, -0.4082482904638637], [-0.12350251246970649, 0.262319381465494, 0.4016526769640545, 0.5143169017647551, -0.5687022564587525, -0.40824829046386246]]
----- N 6 segNum 22 -----
detuning [-0.07788970062869181, -0.05256538524708524, -0.018800173781577962, 0.018800173781577962, 0.05319729623615742, 0.07152832774193957]
tau 330.0
mode [[ 0.12350251 -0.38498356  0.58011618 -0.58011618  0.38498356 -0.12350251]
 [ 0.26231938 -0.57657119  0.31425181  0.31425181 -0.57657119  0.26231938]
 [-0.40165268  0.44185272  0.37873645 -0.37873645 -0.44185272  0.40165268]
 [ 0.5143169  -0.0299832  -0.4843337  -0.4843337  -0.0299832   0.5143169 ]
 [ 0.56870226  0.39566884  0.14150586 -0.14150586 -0.39566884 -0.56870226]
 [-0.40824829 -0.40824829 -0.40824829 -0.40824829 -0.40824829 -0.40824829]]
k_list [0, 1, 2, 3, 4, 5]
this ions should have laser shined:  [1 4]
>>>>>>>>>> P and G calculate time used is: 83.81677556037903 seconds
error: 0.03160176682735543
constrain_error 0.0025888199700777603
----- N 6 segNum 23 -----
detuning [-0.07788970062869181, -0.05256538524708524, -0.018800173781577962, 0.018800173781577962, 0.05319729623615742, 0.07152832774193957]
tau 345.0
mode [[ 0.12350251 -0.38498356  0.58011618 -0.58011618  0.38498356 -0.12350251]
 [ 0.26231938 -0.57657119  0.31425181  0.31425181 -0.57657119  0.26231938]
 [-0.40165268  0.44185272  0.37873645 -0.37873645 -0.44185272  0.40165268]
 [ 0.5143169  -0.0299832  -0.4843337  -0.4843337  -0.0299832   0.5143169 ]
 [ 0.56870226  0.39566884  0.14150586 -0.14150586 -0.39566884 -0.56870226]
 [-0.40824829 -0.40824829 -0.40824829 -0.40824829 -0.40824829 -0.40824829]]
k_list [0, 1, 2, 3, 4, 5]
this ions should have laser shined:  [1 4]
>>>>>>>>>> P and G calculate time used is: 91.3923351764679 seconds
error: 0.01092198730364914
constrain_error 0.0005280980784340139
>>>>>>>>>> optimization time used is: 230.36889934539795 seconds
alpha max are: [1, 1, 1, 1, 1, 1]  for phonon cut-off in simulation
./calculation results/data/
segnum 23 (array([-0.5       ,  0.11597011,  0.12688741, -0.5       , -0.47975344,
        0.5       ,  0.5       , -0.5       ,  0.04475962,  0.5       ,
        0.5       , -0.35436395, -0.5       ,  0.05017545,  0.5       ,
       -0.5       , -0.5       ,  0.39002752,  0.49913394, -0.07939453,
        0.01468637,  0.38301071,  0.20585269]), array([-0.5       ,  0.11597011,  0.12688741, -0.5       , -0.47975344,
        0.5       ,  0.5       , -0.5       ,  0.04475962,  0.5       ,
        0.5       , -0.35436395, -0.5       ,  0.05017545,  0.5       ,
       -0.5       , -0.5       ,  0.39002752,  0.49913394, -0.07939453,
        0.01468637,  0.38301071,  0.20585269]))
test theta tf.Tensor(
[[ 0.        +0.j  0.        +0.j  0.        +0.j  0.        +0.j
   0.        +0.j  0.        +0.j]
 [ 0.        +0.j -0.134768  +0.j  0.        +0.j  0.        +0.j
   0.39296313+0.j  0.        +0.j]
 [ 0.        +0.j  0.        +0.j  0.        +0.j  0.        +0.j
   0.        +0.j  0.        +0.j]
 [ 0.        +0.j  0.        +0.j  0.        +0.j  0.        +0.j
   0.        +0.j  0.        +0.j]
 [ 0.        +0.j  0.39296313+0.j  0.        +0.j  0.        +0.j
  -0.134768  +0.j  0.        +0.j]
 [ 0.        +0.j  0.        +0.j  0.        +0.j  0.        +0.j
   0.        +0.j  0.        +0.j]], shape=(6, 6), dtype=complex128)
----- N 6 segNum 24 -----
detuning [-0.07788970062869181, -0.05256538524708524, -0.018800173781577962, 0.018800173781577962, 0.05319729623615742, 0.07152832774193957]
tau 360.0
mode [[ 0.12350251 -0.38498356  0.58011618 -0.58011618  0.38498356 -0.12350251]
 [ 0.26231938 -0.57657119  0.31425181  0.31425181 -0.57657119  0.26231938]
 [-0.40165268  0.44185272  0.37873645 -0.37873645 -0.44185272  0.40165268]
 [ 0.5143169  -0.0299832  -0.4843337  -0.4843337  -0.0299832   0.5143169 ]
 [ 0.56870226  0.39566884  0.14150586 -0.14150586 -0.39566884 -0.56870226]
 [-0.40824829 -0.40824829 -0.40824829 -0.40824829 -0.40824829 -0.40824829]]
k_list [0, 1, 2, 3, 4, 5]
this ions should have laser shined:  [1 4]
>>>>>>>>>> P and G calculate time used is: 103.0004985332489 seconds
error: 0.013661817984362334
constrain_error 0.0016422662540482857
----- N 6 segNum 25 -----
detuning [-0.07788970062869181, -0.05256538524708524, -0.018800173781577962, 0.018800173781577962, 0.05319729623615742, 0.07152832774193957]
tau 374.99999999999994
mode [[ 0.12350251 -0.38498356  0.58011618 -0.58011618  0.38498356 -0.12350251]
 [ 0.26231938 -0.57657119  0.31425181  0.31425181 -0.57657119  0.26231938]
 [-0.40165268  0.44185272  0.37873645 -0.37873645 -0.44185272  0.40165268]
 [ 0.5143169  -0.0299832  -0.4843337  -0.4843337  -0.0299832   0.5143169 ]
 [ 0.56870226  0.39566884  0.14150586 -0.14150586 -0.39566884 -0.56870226]
 [-0.40824829 -0.40824829 -0.40824829 -0.40824829 -0.40824829 -0.40824829]]
k_list [0, 1, 2, 3, 4, 5]
this ions should have laser shined:  [1 4]
>>>>>>>>>> P and G calculate time used is: 109.13324785232544 seconds
error: 0.0008073685816159609
constrain_error 2.3325794629158736e-08
>>>>>>>>>> optimization time used is: 215.08230209350586 seconds
alpha max are: [1, 1, 1, 1, 1, 1]  for phonon cut-off in simulation
./calculation results/data/
segnum 25 (array([ 0.5       , -0.28361469, -0.41600975,  0.5       ,  0.24398504,
       -0.5       , -0.5       ,  0.27287499,  0.5       , -0.30175252,
       -0.5       ,  0.42997008,  0.5       ,  0.26155334, -0.5       ,
       -0.27663618,  0.5       ,  0.18910456, -0.5       , -0.5       ,
        0.41221801,  0.5       , -0.5       , -0.10571238,  0.5       ]), array([ 0.5       , -0.28361469, -0.41600975,  0.5       ,  0.24398504,
       -0.5       , -0.5       ,  0.27287499,  0.5       , -0.30175252,
       -0.5       ,  0.42997008,  0.5       ,  0.26155334, -0.5       ,
       -0.27663618,  0.5       ,  0.18910456, -0.5       , -0.5       ,
        0.41221801,  0.5       , -0.5       , -0.10571238,  0.5       ]))
test theta tf.Tensor(
[[ 0.        +0.j  0.        +0.j  0.        +0.j  0.        +0.j
   0.        +0.j  0.        +0.j]
 [ 0.        +0.j -0.28384031+0.j  0.        +0.j  0.        +0.j
   0.39269909+0.j  0.        +0.j]
 [ 0.        +0.j  0.        +0.j  0.        +0.j  0.        +0.j
   0.        +0.j  0.        +0.j]
 [ 0.        +0.j  0.        +0.j  0.        +0.j  0.        +0.j
   0.        +0.j  0.        +0.j]
 [ 0.        +0.j  0.39269909+0.j  0.        +0.j  0.        +0.j
  -0.28384031+0.j  0.        +0.j]
 [ 0.        +0.j  0.        +0.j  0.        +0.j  0.        +0.j
   0.        +0.j  0.        +0.j]], shape=(6, 6), dtype=complex128)
----- N 6 segNum 26 -----
detuning [-0.07788970062869181, -0.05256538524708524, -0.018800173781577962, 0.018800173781577962, 0.05319729623615742, 0.07152832774193957]
tau 389.99999999999994
mode [[ 0.12350251 -0.38498356  0.58011618 -0.58011618  0.38498356 -0.12350251]
 [ 0.26231938 -0.57657119  0.31425181  0.31425181 -0.57657119  0.26231938]
 [-0.40165268  0.44185272  0.37873645 -0.37873645 -0.44185272  0.40165268]
 [ 0.5143169  -0.0299832  -0.4843337  -0.4843337  -0.0299832   0.5143169 ]
 [ 0.56870226  0.39566884  0.14150586 -0.14150586 -0.39566884 -0.56870226]
 [-0.40824829 -0.40824829 -0.40824829 -0.40824829 -0.40824829 -0.40824829]]
k_list [0, 1, 2, 3, 4, 5]
this ions should have laser shined:  [1 4]
>>>>>>>>>> P and G calculate time used is: 119.24296975135803 seconds
error: 1.8190280533992416e-05
constrain_error 1.4439574009483813e-05
>>>>>>>>>> optimization time used is: 305.42716574668884 seconds
alpha max are: [1, 1, 1, 1, 1, 1]  for phonon cut-off in simulation
./calculation results/data/
segnum 26 (array([ 0.49988958, -0.03367664, -0.4896467 ,  0.4437202 ,  0.14124988,
       -0.29737104, -0.49865382, -0.09429948,  0.18178238, -0.05914068,
       -0.28140072, -0.06978395,  0.43838901,  0.43625553, -0.07282792,
       -0.28310295, -0.05979408,  0.18067959, -0.09511586, -0.49917371,
       -0.29568486,  0.14922121,  0.44244087, -0.48976795, -0.02673703,
        0.4998132 ]), array([ 0.49988958, -0.03367664, -0.4896467 ,  0.4437202 ,  0.14124988,
       -0.29737104, -0.49865382, -0.09429948,  0.18178238, -0.05914068,
       -0.28140072, -0.06978395,  0.43838901,  0.43625553, -0.07282792,
       -0.28310295, -0.05979408,  0.18067959, -0.09511586, -0.49917371,
       -0.29568486,  0.14922121,  0.44244087, -0.48976795, -0.02673703,
        0.4998132 ]))
test theta tf.Tensor(
[[ 0.        +0.j  0.        +0.j  0.        +0.j  0.        +0.j
   0.        +0.j  0.        +0.j]
 [ 0.        +0.j -0.15261139+0.j  0.        +0.j  0.        +0.j
   0.39269186+0.j  0.        +0.j]
 [ 0.        +0.j  0.        +0.j  0.        +0.j  0.        +0.j
   0.        +0.j  0.        +0.j]
 [ 0.        +0.j  0.        +0.j  0.        +0.j  0.        +0.j
   0.        +0.j  0.        +0.j]
 [ 0.        +0.j  0.39269186+0.j  0.        +0.j  0.        +0.j
  -0.15261139+0.j  0.        +0.j]
 [ 0.        +0.j  0.        +0.j  0.        +0.j  0.        +0.j
   0.        +0.j  0.        +0.j]], shape=(6, 6), dtype=complex128)
----- break -----
[[-0.09260897093503079, -0.19992041717512843, 0.31475844416578014, -0.41999065869908236, 0.4994933007273954, -0.5325783260723587, -0.377964473009226], [0.30063183235827645, 0.5054295786388538, -0.5085536731966468, 0.27800738510936884, 0.09020266068118196, -0.4089655668410213, -0.37796447300922786], [-0.49091056091969193, -0.45229721183472377, -0.06850881714286436, 0.49630609549970817, -0.3338505957671161, -0.22160210228327756, -0.37796447300922603], [0.5657753989928854, -1.518512719342174e-15, 0.5246080923474687, 5.059415296926025e-15, -0.5116907312829188, 4.132565237973477e-16, -0.37796447300922736], [-0.4909105609196821, 0.4522972118347276, -0.06850881714287012, -0.4963060954997075, -0.33385059576712206, 0.22160210228327845, -0.3779644730092291], [0.30063183235827295, -0.5054295786388654, -0.5085536731966415, -0.2780073851093667, 0.09020266068118041, 0.40896556684101804, -0.37796447300922725], [-0.0926089709350298, 0.1999204171751325, 0.31475844416577525, 0.41999065869907654, 0.49949330072740145, 0.5325783260723579, -0.37796447300922725]]
----- N 7 segNum 26 -----
detuning [-0.06176556477053976, -0.04237116397730541, -0.01569707607323327, 0.01569707607323327, 0.04827110381790553, 0.07668505329148448, 0.09126696250936739]
tau 389.99999999999994
mode [[-9.26089709e-02  3.00631832e-01 -4.90910561e-01  5.65775399e-01
  -4.90910561e-01  3.00631832e-01 -9.26089709e-02]
 [-1.99920417e-01  5.05429579e-01 -4.52297212e-01 -1.51851272e-15
   4.52297212e-01 -5.05429579e-01  1.99920417e-01]
 [ 3.14758444e-01 -5.08553673e-01 -6.85088171e-02  5.24608092e-01
  -6.85088171e-02 -5.08553673e-01  3.14758444e-01]
 [-4.19990659e-01  2.78007385e-01  4.96306095e-01  5.05941530e-15
  -4.96306095e-01 -2.78007385e-01  4.19990659e-01]
 [ 4.99493301e-01  9.02026607e-02 -3.33850596e-01 -5.11690731e-01
  -3.33850596e-01  9.02026607e-02  4.99493301e-01]
 [-5.32578326e-01 -4.08965567e-01 -2.21602102e-01  4.13256524e-16
   2.21602102e-01  4.08965567e-01  5.32578326e-01]
 [-3.77964473e-01 -3.77964473e-01 -3.77964473e-01 -3.77964473e-01
  -3.77964473e-01 -3.77964473e-01 -3.77964473e-01]]
k_list [0, 1, 2, 3, 4, 5, 6]
this ions should have laser shined:  [1 4]
>>>>>>>>>> P and G calculate time used is: 187.72755122184753 seconds
error: 6.507487927943987e-07
constrain_error 1.0899541713960126e-05
>>>>>>>>>> optimization time used is: 403.6133029460907 seconds
alpha max are: [1, 1, 1, 1, 1, 1, 1]  for phonon cut-off in simulation
./calculation results/data/
segnum 26 (array([0.13412394, 0.11017926, 0.10653868, 0.22008966, 0.17484961,
       0.27533649, 0.2328414 , 0.20249964, 0.18668504, 0.22865413,
       0.10150443, 0.06433164, 0.12281918, 0.12343943, 0.06542454,
       0.09997415, 0.22753678, 0.18809861, 0.20239098, 0.23199119,
       0.2749684 , 0.1760466 , 0.2205714 , 0.10598876, 0.11003386,
       0.13532655]), array([0.13412394, 0.11017926, 0.10653868, 0.22008966, 0.17484961,
       0.27533649, 0.2328414 , 0.20249964, 0.18668504, 0.22865413,
       0.10150443, 0.06433164, 0.12281918, 0.12343943, 0.06542454,
       0.09997415, 0.22753678, 0.18809861, 0.20239098, 0.23199119,
       0.2749684 , 0.1760466 , 0.2205714 , 0.10598876, 0.11003386,
       0.13532655]))
test theta tf.Tensor(
[[ 0.        +0.j  0.        +0.j  0.        +0.j  0.        +0.j
   0.        +0.j  0.        +0.j  0.        +0.j]
 [ 0.        +0.j  0.41965484+0.j  0.        +0.j  0.        +0.j
   0.39270453+0.j  0.        +0.j  0.        +0.j]
 [ 0.        +0.j  0.        +0.j  0.        +0.j  0.        +0.j
   0.        +0.j  0.        +0.j  0.        +0.j]
 [ 0.        +0.j  0.        +0.j  0.        +0.j  0.        +0.j
   0.        +0.j  0.        +0.j  0.        +0.j]
 [ 0.        +0.j  0.39270453+0.j  0.        +0.j  0.        +0.j
  -0.24965216+0.j  0.        +0.j  0.        +0.j]
 [ 0.        +0.j  0.        +0.j  0.        +0.j  0.        +0.j
   0.        +0.j  0.        +0.j  0.        +0.j]
 [ 0.        +0.j  0.        +0.j  0.        +0.j  0.        +0.j
   0.        +0.j  0.        +0.j  0.        +0.j]], shape=(7, 7), dtype=complex128)
----- break -----
[[-0.07189136103769675, -0.15682750273502272, -0.2511711415168635, 0.34399251482754045, -0.4241984306852577, 0.48174088899378603, 0.5017971515278127, -0.3535533905932718], [0.23972116223421916, 0.4328800228192168, 0.5031876814112348, -0.39971340483196804, 0.14622342942289632, 0.16686545430875105, 0.4098226815842097, -0.3535533905932717], [-0.41199369908503475, -0.491521325996002, -0.16178175966710398, -0.30406268988658436, 0.48216221229069334, -0.20236765233126586, 0.26759569352324575, -0.3535533905932766], [0.5173263848862159, 0.2154688059118224, -0.39691545344585355, 0.3597835798910101, 0.2572819487078587, -0.446238690971264, 0.0929383300125039, -0.35355339059327473], [-0.5173263848862187, 0.2154688059117907, 0.3969154534458611, 0.3597835798910158, -0.25728194870786425, -0.4462386909712642, -0.09293833001249865, -0.35355339059327334], [0.4119936990850495, -0.49152132599599757, 0.1617817596670881, -0.30406268988658464, -0.4821622122906939, -0.20236765233126358, -0.26759569352324275, -0.35355339059327434], [-0.23972116223423484, 0.43288002281922655, -0.503187681411216, -0.39971340483196954, -0.14622342942289818, 0.1668654543087478, -0.40982268158421203, -0.35355339059327423], [0.07189136103770276, -0.1568275027350288, 0.25117114151685743, 0.3439925148275429, 0.4241984306852605, 0.4817408889937787, -0.501797151527815, -0.3535533905932737]]
----- N 8 segNum 29 -----
detuning [-0.07704385067114816, -0.06176382198929414, -0.04032912950804876, -0.014290155784339412, 0.014290155784339644, 0.042615940358822234, 0.06650044942685869, 0.07841103441669932]
tau 434.99999999999994
mode [[-0.07189136  0.23972116 -0.4119937   0.51732638 -0.51732638  0.4119937
  -0.23972116  0.07189136]
 [-0.1568275   0.43288002 -0.49152133  0.21546881  0.21546881 -0.49152133
   0.43288002 -0.1568275 ]
 [-0.25117114  0.50318768 -0.16178176 -0.39691545  0.39691545  0.16178176
  -0.50318768  0.25117114]
 [ 0.34399251 -0.3997134  -0.30406269  0.35978358  0.35978358 -0.30406269
  -0.3997134   0.34399251]
 [-0.42419843  0.14622343  0.48216221  0.25728195 -0.25728195 -0.48216221
  -0.14622343  0.42419843]
 [ 0.48174089  0.16686545 -0.20236765 -0.44623869 -0.44623869 -0.20236765
   0.16686545  0.48174089]
 [ 0.50179715  0.40982268  0.26759569  0.09293833 -0.09293833 -0.26759569
  -0.40982268 -0.50179715]
 [-0.35355339 -0.35355339 -0.35355339 -0.35355339 -0.35355339 -0.35355339
  -0.35355339 -0.35355339]]
k_list [0, 1, 2, 3, 4, 5, 6, 7]
this ions should have laser shined:  [2 5]
>>>>>>>>>> P and G calculate time used is: 331.9329822063446 seconds
error: 8.756015276758138e-07
constrain_error 2.849440583485574e-08
>>>>>>>>>> optimization time used is: 464.7057876586914 seconds
alpha max are: [1, 1, 1, 1, 1, 1, 1, 1]  for phonon cut-off in simulation
./calculation results/data/
segnum 29 (array([ 0.19393169, -0.14772255,  0.24956955,  0.14336976,  0.06997545,
        0.26177935,  0.11101989,  0.17799544,  0.27036815,  0.10578445,
        0.08988267,  0.15791064,  0.11714765,  0.07037188,  0.02452233,
        0.06946386,  0.11579809,  0.15898419,  0.09227027,  0.10288624,
        0.26927621,  0.17788949,  0.11871291,  0.2507256 ,  0.07573419,
        0.14433978,  0.24783563, -0.14756421,  0.19461992]), array([ 0.19393169, -0.14772255,  0.24956955,  0.14336976,  0.06997545,
        0.26177935,  0.11101989,  0.17799544,  0.27036815,  0.10578445,
        0.08988267,  0.15791064,  0.11714765,  0.07037188,  0.02452233,
        0.06946386,  0.11579809,  0.15898419,  0.09227027,  0.10288624,
        0.26927621,  0.17788949,  0.11871291,  0.2507256 ,  0.07573419,
        0.14433978,  0.24783563, -0.14756421,  0.19461992]))
test theta tf.Tensor(
[[ 0.        +0.j  0.        +0.j  0.        +0.j  0.        +0.j
   0.        +0.j  0.        +0.j  0.        +0.j  0.        +0.j]
 [ 0.        +0.j  0.        +0.j  0.        +0.j  0.        +0.j
   0.        +0.j  0.        +0.j  0.        +0.j  0.        +0.j]
 [ 0.        +0.j  0.        +0.j -0.11258579+0.j  0.        +0.j
   0.        +0.j  0.3926991 +0.j  0.        +0.j  0.        +0.j]
 [ 0.        +0.j  0.        +0.j  0.        +0.j  0.        +0.j
   0.        +0.j  0.        +0.j  0.        +0.j  0.        +0.j]
 [ 0.        +0.j  0.        +0.j  0.        +0.j  0.        +0.j
   0.        +0.j  0.        +0.j  0.        +0.j  0.        +0.j]
 [ 0.        +0.j  0.        +0.j  0.3926991 +0.j  0.        +0.j
   0.        +0.j -0.11258579+0.j  0.        +0.j  0.        +0.j]
 [ 0.        +0.j  0.        +0.j  0.        +0.j  0.        +0.j
   0.        +0.j  0.        +0.j  0.        +0.j  0.        +0.j]
 [ 0.        +0.j  0.        +0.j  0.        +0.j  0.        +0.j
   0.        +0.j  0.        +0.j  0.        +0.j  0.        +0.j]], shape=(8, 8), dtype=complex128)
----- break -----
[[0.0573741240320717, -0.12600513526227605, 0.20415395454673907, -0.2843440510702088, 0.359125743522028, 0.4210752472526365, -0.463623728861152, 0.47535965611276926, -0.333333333333333], [-0.19487599902990013, 0.3690847595329028, -0.46870080857673063, 0.4448394843020916, -0.2907634510540353, -0.046025917337602425, -0.21607499036597147, 0.40469233797987886, -0.33333333333333315], [0.34679964058912555, -0.4825953214780379, 0.3018363870480702, 0.09001974423072688, -0.4097449074669381, -0.41545313417655605, 0.09809589407729358, 0.29393348676021275, -0.33333333333333504], [-0.4606018574108992, 0.3391178288671536, 0.19620478468776756, -0.4616955051497351, 0.11082697212018632, -0.3846764151689594, 0.35490263813448997, 0.15446816591684526, -0.3333333333333318], [0.5026081836391949, 6.4068642319708295e-15, -0.4669886354116977, 9.546688786955757e-16, 0.46111128575752575, 8.351260827413263e-20, 0.45340037403068045, -1.9680193099699886e-17, -0.33333333333333265], [-0.46060185741088744, -0.33911782886716313, 0.1962047846877747, 0.46169550514973456, 0.11082697212018545, 0.38467641516895956, 0.3549026381344914, -0.15446816591684687, -0.3333333333333344], [0.34679964058911333, 0.48259532147804785, 0.30183638704806465, -0.09001974423073482, -0.4097449074669424, 0.4154531341765537, 0.0980958940772937, -0.2939334867602113, -0.33333333333333426], [-0.19487599902989217, -0.36908475953291203, -0.4687008085767334, -0.4448394843020856, -0.29076345105403256, 0.0460259173375998, -0.2160749903659732, -0.4046923379798783, -0.33333333333333315], [0.05737412403207116, 0.12600513526228185, 0.2041539545467426, 0.2843440510702069, 0.35912574352202786, -0.42107524725263445, -0.46362372886115355, -0.4753596561127682, -0.3333333333333327]]
----- N 9 segNum 32 -----
detuning [-0.06389097895862487, -0.05156573097799043, -0.03403984529624483, -0.012313603049552068, 0.012313603049552068, 0.03815409991567023, 0.06294878180883126, 0.08332829105293099, 0.09326286332716281]
tau 480.0
mode [[ 5.73741240e-02 -1.94875999e-01  3.46799641e-01 -4.60601857e-01
   5.02608184e-01 -4.60601857e-01  3.46799641e-01 -1.94875999e-01
   5.73741240e-02]
 [-1.26005135e-01  3.69084760e-01 -4.82595321e-01  3.39117829e-01
   6.40686423e-15 -3.39117829e-01  4.82595321e-01 -3.69084760e-01
   1.26005135e-01]
 [ 2.04153955e-01 -4.68700809e-01  3.01836387e-01  1.96204785e-01
  -4.66988635e-01  1.96204785e-01  3.01836387e-01 -4.68700809e-01
   2.04153955e-01]
 [-2.84344051e-01  4.44839484e-01  9.00197442e-02 -4.61695505e-01
   9.54668879e-16  4.61695505e-01 -9.00197442e-02 -4.44839484e-01
   2.84344051e-01]
 [ 3.59125744e-01 -2.90763451e-01 -4.09744907e-01  1.10826972e-01
   4.61111286e-01  1.10826972e-01 -4.09744907e-01 -2.90763451e-01
   3.59125744e-01]
 [ 4.21075247e-01 -4.60259173e-02 -4.15453134e-01 -3.84676415e-01
   8.35126083e-20  3.84676415e-01  4.15453134e-01  4.60259173e-02
  -4.21075247e-01]
 [-4.63623729e-01 -2.16074990e-01  9.80958941e-02  3.54902638e-01
   4.53400374e-01  3.54902638e-01  9.80958941e-02 -2.16074990e-01
  -4.63623729e-01]
 [ 4.75359656e-01  4.04692338e-01  2.93933487e-01  1.54468166e-01
  -1.96801931e-17 -1.54468166e-01 -2.93933487e-01 -4.04692338e-01
  -4.75359656e-01]
 [-3.33333333e-01 -3.33333333e-01 -3.33333333e-01 -3.33333333e-01
  -3.33333333e-01 -3.33333333e-01 -3.33333333e-01 -3.33333333e-01
  -3.33333333e-01]]
k_list [0, 1, 2, 3, 4, 5, 6, 7, 8]
this ions should have laser shined:  [2 6]
>>>>>>>>>> P and G calculate time used is: 550.8634316921234 seconds
error: 0.08809397842258558
constrain_error 6.858629109096626e-08
>>>>>>>>>> optimization time used is: 432.1624484062195 seconds
alpha max are: [1, 1, 1, 1, 1, 1, 1, 1, 1]  for phonon cut-off in simulation
./calculation results/data/
segnum 32 (array([-0.5       ,  0.34549264,  0.5       , -0.21284236, -0.5       ,
        0.26795717,  0.5       ,  0.12746215, -0.5       ,  0.48943799,
        0.5       , -0.5       , -0.2505815 ,  0.5       ,  0.3725055 ,
       -0.5       , -0.5       ,  0.27345102,  0.5       , -0.23132573,
       -0.5       ,  0.33863811,  0.5       , -0.37371154, -0.04065225,
        0.5       ,  0.42573657, -0.5       , -0.24109073,  0.5       ,
        0.45527224, -0.5       ]), array([-0.5       ,  0.34549264,  0.5       , -0.21284236, -0.5       ,
        0.26795717,  0.5       ,  0.12746215, -0.5       ,  0.48943799,
        0.5       , -0.5       , -0.2505815 ,  0.5       ,  0.3725055 ,
       -0.5       , -0.5       ,  0.27345102,  0.5       , -0.23132573,
       -0.5       ,  0.33863811,  0.5       , -0.37371154, -0.04065225,
        0.5       ,  0.42573657, -0.5       , -0.24109073,  0.5       ,
        0.45527224, -0.5       ]))
test theta tf.Tensor(
[[0.        +0.j 0.        +0.j 0.        +0.j 0.        +0.j
  0.        +0.j 0.        +0.j 0.        +0.j 0.        +0.j
  0.        +0.j]
 [0.        +0.j 0.        +0.j 0.        +0.j 0.        +0.j
  0.        +0.j 0.        +0.j 0.        +0.j 0.        +0.j
  0.        +0.j]
 [0.        +0.j 0.        +0.j 0.50127639+0.j 0.        +0.j
  0.        +0.j 0.        +0.j 0.39269905+0.j 0.        +0.j
  0.        +0.j]
 [0.        +0.j 0.        +0.j 0.        +0.j 0.        +0.j
  0.        +0.j 0.        +0.j 0.        +0.j 0.        +0.j
  0.        +0.j]
 [0.        +0.j 0.        +0.j 0.        +0.j 0.        +0.j
  0.        +0.j 0.        +0.j 0.        +0.j 0.        +0.j
  0.        +0.j]
 [0.        +0.j 0.        +0.j 0.        +0.j 0.        +0.j
  0.        +0.j 0.        +0.j 0.        +0.j 0.        +0.j
  0.        +0.j]
 [0.        +0.j 0.        +0.j 0.39269905+0.j 0.        +0.j
  0.        +0.j 0.        +0.j 0.50127639+0.j 0.        +0.j
  0.        +0.j]
 [0.        +0.j 0.        +0.j 0.        +0.j 0.        +0.j
  0.        +0.j 0.        +0.j 0.        +0.j 0.        +0.j
  0.        +0.j]
 [0.        +0.j 0.        +0.j 0.        +0.j 0.        +0.j
  0.        +0.j 0.        +0.j 0.        +0.j 0.        +0.j
  0.        +0.j]], shape=(9, 9), dtype=complex128)
----- N 9 segNum 33 -----
detuning [-0.06389097895862487, -0.05156573097799043, -0.03403984529624483, -0.012313603049552068, 0.012313603049552068, 0.03815409991567023, 0.06294878180883126, 0.08332829105293099, 0.09326286332716281]
tau 495.0
mode [[ 5.73741240e-02 -1.94875999e-01  3.46799641e-01 -4.60601857e-01
   5.02608184e-01 -4.60601857e-01  3.46799641e-01 -1.94875999e-01
   5.73741240e-02]
 [-1.26005135e-01  3.69084760e-01 -4.82595321e-01  3.39117829e-01
   6.40686423e-15 -3.39117829e-01  4.82595321e-01 -3.69084760e-01
   1.26005135e-01]
 [ 2.04153955e-01 -4.68700809e-01  3.01836387e-01  1.96204785e-01
  -4.66988635e-01  1.96204785e-01  3.01836387e-01 -4.68700809e-01
   2.04153955e-01]
