[phonon]
partialpos = [0.00e+00 5.00e-06 1.00e-05 1.50e-05 2.00e-05 2.50e-05 3.00e-05 3.50e-05
	 4.00e-05 4.50e-05 5.00e-05 5.50e-05 6.00e-05 6.50e-05 7.00e-05 7.50e-05
	 8.00e-05 8.50e-05 9.00e-05 9.50e-05 1.00e-04 1.05e-04]
z_freqcal = [2017284.522696968, 2019508.906728435, 2022817.3445738528, 2027174.1173768304, 2032535.9788931978, 2038851.2002499101, 2046059.159440409, 2054090.0048544998, 2062864.2592597534, 2072292.2944689705, 2082273.5813798863, 2092695.6427461242, 2103432.5264223204, 2114342.668971116, 2125265.701974986, 2136017.8861782304, 2146384.8192058117, 2156110.339998331, 2164875.9835604997, 2172264.824242065, 2177661.886314613, 2180000.0]
z_modes = [[0.00997723396935613, 0.02228211849562276, 0.03721026950959212, 0.05427985991441037, -0.07308178768907937, 0.09323612543312375, -0.11437107603300425, 0.13611653813461488, -0.15809980437926668, 0.17994928203544244, -0.20129275434342353, 0.22176619780176077, -0.24100907091587906, 0.2586790573894061, -0.27443695804773055, 0.28797397484162046, -0.2989637783758259, 0.3071275334423637, -0.31202856361252096, 0.31328707952942947, -0.30730710588525795, -0.21320071635559354], [-0.03595607285609899, -0.07835932257828242, -0.12607594298114153, -0.17483403001274397, 0.22058205424310043, -0.2595696906438966, 0.2885059481546998, -0.3047333505464769, 0.3063910510176686, -0.2925338911874333, 0.2632094933160271, -0.21946366867084632, 0.16330145324099396, -0.09756382322714766, 0.02578706520702524, 0.048032123189072656, -0.11961343264390334, 0.18471092085923133, -0.23912441174972873, 0.2791329534803257, -0.2982364568759405, -0.21320071635559254], [0.07130193980018452, 0.14861448117107653, 0.22297458357305958, 0.27990907282746524, -0.3079570409310694, 0.3001387763483049, -0.2549582892732493, 0.17669066007837578, -0.0748366632722324, -0.03719741326583641, 0.14403880694697233, -0.23060165331670646, 0.2843599944207023, -0.297246189625796, 0.2669625566534524, -0.19739218151639062, 0.09821424392324285, 0.016487742192017187, -0.12990584412762185, 0.22506808030968195, -0.28347524923128287, -0.21320071635559634], [-0.11174492832360498, -0.21774463407011882, -0.29221761476513236, -0.3079194125545698, 0.25422565007239245, -0.13999289817679667, -0.008590127256719085, 0.1548301689837963, -0.261325965570961, 0.3001572886759429, -0.2606780812306642, 0.1527784569271482, -0.004607988056531708, -0.14464363387536763, 0.2551130797729018, -0.2968740479945401, 0.2581477224770478, -0.14854796135173312, -0.00290721526946981, 0.15553082852692293, -0.2634777548719271, -0.21320071635559842], [0.1542468257938143, 0.27373233266575214, 0.30991682779587676, 0.23523473733617786, -0.07116607717621277, -0.12032847481771484, 0.2626945375822971, -0.2973764712477589, 0.20934199979136298, -0.0344628391934751, -0.15469586661616294, 0.27898309712379415, -0.2859895864058783, 0.1724920917355015, 0.01378884904782463, -0.1939307991489177, 0.2911249017132776, -0.26313507034892536, 0.1209164059681639, 0.07580882443401821, -0.23869834607715437, -0.21320071635559926], [-0.19611733907522388, -0.30705142412626185, -0.26602091055778426, -0.08041471083816723, -0.14948956519118073, 0.29082396760323465, -0.2595774997882808, 0.07353735504235331, 0.15632996169252472, -0.29174797321688883, 0.2507178125063752, -0.05778325216028588, -0.17014186785184396, 0.294467020759638, -0.23929183871003176, 0.03815793646118956, 0.18596101250796696, -0.2951648492772987, 0.22137887492705097, -0.008191597152104995, -0.2096326163210221, -0.2132007163556022], [0.23498485679861408, 0.3115169866363326, 0.16632387367091747, -0.1032594272854397, 0.28868923937472596, -0.24187108921897996, -0.00010746506372291295, 0.2414367241221372, -0.2856505364690193, 0.09645496430354261, 0.1714955111884839, -0.29854740038622907, 0.18029368852868277, 0.08617815456930682, -0.2815539166717476, 0.2447986373974602, -0.006141945183312257, -0.236860696168199, 0.28228656840333227, -0.09031417221173076, -0.17682818212049717, -0.21320071635560098], [-0.26876212447778425, -0.2847356541131495, -0.030700880559209623, 0.24894010326842322, -0.2691856554294504, 0.009152217580824958, 0.25951345232912926, -0.2549646737746407, -0.017988477714678763, 0.27158958320922655, -0.23808296302304272, -0.04709052109646925, 0.2821705668448958, -0.21816600129818603, -0.07706562529812114, 0.29038576608838546, -0.19527266058741385, -0.10689583367624546, 0.2940577690805311, -0.16457127159948046, -0.1408844271461521, -0.21320071635560278], [0.2957044019083951, 0.22832765729787102, -0.11163094569129148, -0.30226544967408964, 0.10077724352124871, 0.23048500129441415, -0.25991758836976636, -0.05047455468838304, 0.2941747912549461, -0.1519053400841174, -0.1894839679923347, 0.2817742077836777, -0.003845108709041942, -0.27886759198343086, 0.19463885428352357, 0.14563889383986905, -0.29390842512138227, 0.05520826278618271, 0.2552735940326546, -0.22556331005593458, -0.10244712069585239, -0.21320071635560456], [-0.31444767627119175, -0.1476379582357761, 0.22911837332545845, 0.24283076782511911, 0.12356341421534311, -0.29357999751439406, 0.0004385117967177878, 0.2926060811463319, -0.12296827966701086, -0.24072798414590574, 0.22332395344081948, 0.14734069803006852, -0.28451804107371576, -0.028725339605403407, 0.2962060645741437, -0.09430999113303476, -0.2567394746059067, 0.20077033978649608, 0.1728929162468196, -0.2688618229103284, -0.062200221754409285, -0.213200716355606], [0.3240574472982027, 0.05105541685695729, -0.2953523592076318, -0.09250151080659376, -0.27909905882063063, 0.1315060621118761, 0.2594466578971245, -0.16766847725035172, -0.23535980865706094, 0.20042432286949455, 0.206977165731004, -0.22915616203591352, -0.17474490242003296, 0.2533962551614822, 0.13922263424088022, -0.27248031202471107, -0.10112042033424976, 0.2862996117561039, 0.06109075956045173, -0.2913255923507647, -0.02085598351494358, -0.2132007163556105], [-0.32405744729821656, 0.05105541685687633, 0.2953523592076453, -0.09250151080656573, 0.27909905882063424, 0.13150606211187219, -0.2594466578971183, -0.1676684772503565, 0.23535980865705597, 0.20042432286950881, -0.20697716573099298, -0.22915616203591563, 0.17474490242002502, 0.2533962551614765, -0.1392226342408791, -0.272480312024711, 0.10112042033424154, 0.2862996117561114, -0.06109075956043672, -0.2913255923507694, 0.0208559835149267, -0.2132007163556116], [0.31444767627123693, -0.1476379582356989, -0.2291183733254933, 0.24283076782509258, -0.12356341421534603, -0.29357999751438224, -0.0004385117967336768, 0.2926060811463247, 0.1229682796670216, -0.2407279841458904, -0.22332395344083364, 0.147340698030061, 0.2845180410737213, -0.02872533960541101, -0.2962060645741446, -0.09430999113303601, 0.25673947460590063, 0.2007703397865116, -0.17289291624680223, -0.2688618229103357, 0.062200221754387296, -0.21320071635561197], [-0.29570440190845687, 0.22832765729779994, 0.11163094569133215, -0.30226544967406865, -0.10077724352125327, 0.23048500129439986, 0.2599175883697801, -0.05047455468837067, -0.2941747912549504, -0.1519053400841348, 0.1894839679923278, 0.28177420778367696, 0.003845108709050665, -0.27886759198342964, -0.19463885428352284, 0.14563889383986597, 0.293908425121381, 0.05520826278620478, -0.25527359403264255, -0.22556331005594518, 0.10244712069583481, -0.2132007163556158], [0.26876212447785164, -0.2847356541130885, 0.030700880559177284, 0.24894010326841265, 0.26918565542946155, 0.009152217580830959, -0.25951345232912604, -0.25496467377464216, 0.01798847771466511, 0.27158958320920984, 0.23808296302305917, -0.047090521096456395, -0.2821705668448985, -0.21816600129818547, 0.07706562529812046, 0.2903857660883883, 0.195272660587422, -0.10689583367622721, -0.29405776908052844, -0.16457127159949406, 0.14088442714613503, -0.21320071635561808], [-0.23498485679868084, 0.3115169866362825, -0.16632387367089718, -0.10325942728544357, -0.28868923937473834, -0.24187108921897338, 0.00010746506371055921, 0.24143672412213024, 0.2856505364690275, 0.09645496430355671, -0.17149551118847814, -0.2985474003862207, -0.18029368852868868, 0.08617815456930958, 0.281553916671747, 0.24479863739746427, 0.006141945183323542, -0.23686069616818872, -0.2822865684033381, -0.09031417221174752, 0.17682818212048051, -0.21320071635562], [0.19611733907528614, -0.3070514241262286, 0.2660209105577815, -0.08041471083814791, 0.14948956519119033, 0.29082396760322016, 0.25957749978829175, 0.07353735504236304, -0.15632996169251648, -0.291747973216879, -0.2507178125063909, -0.05778325216029172, 0.17014186785184465, 0.29446702075963777, 0.23929183871002788, 0.038157936461188875, -0.18596101250796088, -0.2951648492772989, -0.22137887492706126, -0.00819159715212037, 0.20963261632100633, -0.21320071635562238], [-0.1542468257938687, 0.27373233266573216, -0.3099168277958868, 0.2352347373361514, 0.07116607717621239, -0.12032847481770816, -0.26269453758230144, -0.29737647124775873, -0.20934199979137047, -0.03446283919348819, 0.15469586661615578, 0.27898309712378205, 0.2859895864058836, 0.17249209173549868, -0.013788849047827154, -0.1939307991489189, -0.2911249017132741, -0.26313507034893335, -0.1209164059681785, 0.07580882443400246, 0.23869834607713894, -0.21320071635562185], [0.11174492832364755, -0.21774463407011, 0.29221761476514935, -0.30791941255454053, -0.25422565007239983, -0.139992898176794, 0.008590127256711301, 0.15483016898379004, 0.2613259655709593, 0.3001572886759364, 0.2606780812306818, 0.15277845692715344, 0.004607988056535952, -0.1446436338753692, -0.2551130797728989, -0.29687404799453937, -0.2581477224770468, -0.14854796135174375, 0.0029072152694564813, 0.15553082852691003, 0.2634777548719123, -0.21320071635562257], [-0.07130193980021476, 0.14861448117107431, -0.22297458357307595, 0.27990907282744204, 0.30795704093107956, 0.3001387763482904, 0.25495828927325936, 0.17669066007838227, 0.07483666327224268, -0.03719741326582364, -0.14403880694696855, -0.23060165331669688, -0.2843599944207099, -0.29724618962579913, -0.2669625566534495, -0.19739218151639143, -0.09821424392324717, 0.016487742192005418, 0.12990584412761236, 0.22506808030967485, 0.28347524923127204, -0.21320071635562463], [0.03595607285611457, -0.07835932257828307, 0.126075942981153, -0.1748340300127302, -0.22058205424310637, -0.2595696906438804, -0.2885059481547023, -0.30473335054647005, -0.30639105101766534, -0.2925338911874256, -0.26320949331604304, -0.2194636686708479, -0.16330145324100237, -0.09756382322714985, -0.025787065207027213, 0.04803212318906839, 0.11961343264389403, 0.184710920859222, 0.23912441174972662, 0.27913295348032685, 0.2982364568759357, -0.21320071635562624], [-0.009977233969360746, 0.022282118495623292, -0.03721026950959657, 0.0542798599144081, 0.07308178768908247, 0.09323612543311711, 0.11437107603300396, 0.13611653813461083, 0.1580998043792633, 0.1799492820354344, 0.20129275434343175, 0.2217661978017596, 0.24100907091589127, 0.2586790573894124, 0.27443695804772655, 0.2879739748416149, 0.29896377837581284, 0.30712753344235477, 0.31202856361252085, 0.313287079529432, 0.3073071058852537, -0.21320071635562723]]

