[phonon]
partialpos = [0.0e+00 5.0e-06 1.0e-05 1.5e-05 2.0e-05 2.5e-05 3.0e-05 3.5e-05]
z_freqcal = [2024545.1146437246, 2039825.1433529034, 2061259.835872113, 2087298.8096413868, 2115879.1212593988, 2144204.9058821024, 2168089.414990299, 2180000.0]
z_modes = [[-0.07189136103769792, 0.1568275027350227, -0.25117114151686154, -0.34399251482754223, 0.42419843068525687, 0.48174088899378725, 0.5017971515278109, -0.35355339059327306], [0.23972116223422318, -0.43288002281921534, 0.5031876814112316, 0.3997134048319706, -0.14622342942289732, 0.16686545430875144, 0.4098226815842087, -0.35355339059327323], [-0.411993699085042, 0.49152132599599646, -0.16178175966710556, 0.3040626898865838, -0.482162212290692, -0.2023676523312666, 0.26759569352324486, -0.3535533905932773], [0.5173263848862226, -0.21546880591180972, -0.39691545344584905, -0.3597835798910116, -0.2572819487078563, -0.44623869097126556, 0.09293833001250344, -0.3535533905932751], [-0.5173263848862192, -0.2154688059118036, 0.39691545344585766, -0.3597835798910141, 0.25728194870786325, -0.4462386909712631, -0.09293833001249743, -0.35355339059327145], [0.41199369908503686, 0.4915213259960025, 0.16178175966709452, 0.30406268988658613, 0.48216221229069717, -0.20236765233126494, -0.26759569352324264, -0.3535533905932731], [-0.23972116223422335, -0.4328800228192278, -0.5031876814112217, 0.39971340483196566, 0.14622342942289737, 0.16686545430874772, -0.4098226815842139, -0.35355339059327395], [0.07189136103769976, 0.15682750273503046, 0.25117114151686093, -0.3439925148275417, -0.4241984306852607, 0.4817408889937761, -0.5017971515278167, -0.35355339059327334]]

