[shined]
shined = [1, 2]

[amplitude]
pulse_type = AM
shape = rectangular
mu = 2120715.964181509
delta_t = 1.4999999999999999e-05
segnum = 19
amp_list0 = [0.43339294752466506, 0.13296307803135524, 0.12204030520809957, 0.4691633091228434, 0.4704194017104213, 0.44653773116183676, 0.39334828882904505, 0.49829702826328814, 0.49972482901169996, 0.4994881990842944, 0.4995214409123947, 0.4970624246712245, 0.39716005455898074, 0.4415599212830124, 0.4733394856115601, 0.4698767339261545, 0.11657952910745295, 0.1380138451019761, 0.4303269213662571]
amp_list1 = [0.43339294752466506, 0.13296307803135524, 0.12204030520809957, 0.4691633091228434, 0.4704194017104213, 0.44653773116183676, 0.39334828882904505, 0.49829702826328814, 0.49972482901169996, 0.4994881990842944, 0.4995214409123947, 0.4970624246712245, 0.39716005455898074, 0.4415599212830124, 0.4733394856115601, 0.4698767339261545, 0.11657952910745295, 0.1380138451019761, 0.4303269213662571]

