[phonon]
partialpos = [0.0e+00 5.0e-06 1.0e-05 1.5e-05]
z_freqcal = [2046051.9628994227, 2093949.8475182555, 2147482.0808447627, 2180000.0]
z_modes = [[-0.25490142421265566, 0.500000000000002, 0.6595644501747807, 0.4999999999999972], [0.6595644501747805, -0.49999999999999833, 0.2549014242126576, 0.5000000000000004], [-0.6595644501747797, -0.49999999999999944, -0.25490142421265316, 0.5000000000000019], [0.25490142421265516, 0.5000000000000003, -0.6595644501747796, 0.5000000000000006]]

