[result]
infid = 0.020792588456250427
tracedist = 0.04407437388612813
infid_ideal = 5.892326983558682e-06
bound_eq26 = 0.0881242961726146

