[phonon]
partialpos = [0.0e+00 5.0e-06 1.0e-05 1.5e-05 2.0e-05 2.5e-05 3.0e-05 3.5e-05 4.0e-05
	 4.5e-05 5.0e-05 5.5e-05 6.0e-05 6.5e-05 7.0e-05 7.5e-05 8.0e-05]
z_freqcal = [2018062.9053051132, 2021743.912225761, 2027182.5114152678, 2034285.0273223822, 2042936.1378803006, 2052996.6370496985, 2064301.93247301, 2076660.1708887594, 2089849.509585493, 2103613.778545764, 2117655.8391785454, 2131626.5131246676, 2145106.984608639, 2157575.642807062, 2168348.157977177, 2176412.601692051, 2179999.9999999995]
z_modes = [[0.01659359811366568, -0.03701108444911634, 0.06162919231138964, -0.08946267011442752, 0.11960247091556218, -0.15115441507544541, -0.18322577342623486, 0.2149170674916167, -0.24534386723974697, -0.27362912436624004, -0.2989467880927529, -0.3204764325176847, -0.3374927750744299, -0.34912665315795605, 0.35462989456278227, 0.34945979130928406, -0.2425356250363231], [-0.05931360476621564, 0.12698399262096063, -0.19855966188775245, 0.26428050453296503, -0.3152914976488593, 0.3443325714592976, 0.3464096872218882, -0.319331682683233, 0.2639653839953703, 0.18423339362288937, 0.0867340210307479, -0.01980572537867554, -0.12546312107912727, -0.21978753706648776, 0.2930571933175695, 0.3329451391377086, -0.24253562503632212], [0.1159078849079598, -0.23002235786729097, 0.3181040740395477, -0.3517330798195202, 0.3162621185314434, -0.21438585969805843, -0.06578303960315456, -0.09736247932418932, 0.23795817872835565, 0.32303008436472574, 0.33184340678440993, 0.26134724012569294, 0.12719906157807134, -0.03920761785359938, 0.1981886784104285, 0.30617765039184336, -0.24253562503632356], [-0.1777529438321313, 0.3135393746537833, -0.3504482993280589, 0.25782754089258464, -0.06403376307800751, -0.15507020834530855, -0.3088094494952516, 0.33164434230939277, -0.21291443547641054, -0.0028622333832686113, 0.20799935955537696, 0.32781820807545486, 0.3032731676819155, 0.14381012220004805, 0.08204783658520394, 0.2702387078565601, -0.24253562503632609], [0.2382906918780301, -0.35407943326580793, 0.2687108098595834, -0.018177592389511076, -0.24166600649882122, 0.3406455653170525, 0.21199360338321535, 0.05885161262008965, -0.2895032338146311, -0.32349499678723004, -0.1374015194749181, 0.14205859236366483, 0.3231933744901802, 0.28061425020793956, -0.041225157211835874, 0.2263192492132632, -0.24253562503633047], [-0.2918115918383293, 0.3382981491309194, -0.0936468432858782, -0.23181357024108337, 0.33549530568879504, -0.11874988856466445, 0.21110671288119806, -0.33657209261914517, 0.13631396133817827, -0.19575760768687006, -0.33734910331142715, -0.15067267339811158, 0.1820808941467746, 0.3354341451185141, -0.15681270440515968, 0.17577019142881112, -0.24253562503633205], [0.3336296312813254, -0.26513418937925526, -0.11481150168146859, 0.34257505140355365, -0.13227840583780184, -0.24612411361601783, -0.30654921193327483, -0.028353175349275277, 0.3258591593247931, 0.20142361735878606, -0.1836514411325299, -0.33018828926555777, -0.0485582614272451, 0.2948662911209217, -0.25089064254037635, 0.12009706193311809, -0.24253562503633436], [-0.36019359054714606, 0.14551288439106735, 0.2814005016265103, -0.2460394749640761, -0.18859075331312888, 0.3128279721717986, -0.0749156848579489, 0.33885442298885776, -0.04693759145813357, 0.3213829548133805, 0.16171364808451677, -0.2631125755915943, -0.25539863756727776, 0.17140267585270305, -0.31223239420099735, 0.06093282132692218, -0.24253562503633577], [0.36929984960568313, 4.421701576319015e-14, -0.3447565433077344, -1.095386876554502e-14, 0.3410010624816275, 6.365462273237245e-15, 0.33954631165912197, 1.1796873959174489e-14, -0.3387951107955376, 8.022060315819214e-15, 0.3381168331131547, -1.9746338720425258e-15, -0.3376674054977197, -2.0688865945966426e-15, -0.3335254090351303, 7.64478643234586e-15, -0.24253562503633788], [-0.36019359054714745, -0.14551288439114693, 0.2814005016264637, 0.24603947496409193, -0.18859075331310773, -0.3128279721718044, -0.07491568485793886, -0.33885442298886, -0.04693759145814917, -0.3213829548133761, 0.16171364808452757, 0.26311257559159124, -0.2553986375672749, -0.17140267585270508, -0.312232394201, -0.06093282132690511, -0.2425356250363373], [0.3336296312813193, 0.2651341893793067, -0.11481150168138977, -0.34257505140354816, -0.13227840583782088, 0.24612411361600733, -0.3065492119332743, 0.02835317534925316, 0.32585915932478626, -0.20142361735879863, -0.1836514411325204, 0.33018828926556115, -0.04855826142724209, -0.29486629112092444, -0.25089064254038357, -0.12009706193310114, -0.24253562503633713], [-0.2918115918383125, -0.3382981491309288, -0.09364684328596226, 0.231813570241053, 0.3354953056887919, 0.11874988856468155, 0.211106712881185, 0.33657209261915066, 0.13631396133819407, 0.19575760768685954, -0.337349103311429, 0.15067267339811627, 0.18208089414677645, -0.335434145118514, -0.15681270440516784, -0.17577019142879532, -0.2425356250363361], [0.23829069187799992, 0.35407943326577695, 0.26871080985965234, 0.01817759238955451, -0.24166600649880143, -0.3406455653170616, 0.21199360338322115, -0.05885161262007263, -0.2895032338146237, 0.3234949967872353, -0.13740151947492713, -0.14205859236366286, 0.3231933744901817, -0.28061425020793745, -0.041225157211841626, -0.22631924921325308, -0.24253562503633722], [-0.17775294383209594, -0.3135393746537277, -0.35044829932809823, -0.2578275408926196, -0.06403376307802452, 0.15507020834530363, -0.30880944949524397, -0.3316443423093992, -0.21291443547642197, 0.0028622333832823465, 0.20799935955536805, -0.3278182080754565, 0.3032731676819163, -0.14381012220004696, 0.08204783658519789, -0.270238707856554, -0.24253562503633666], [0.11590788490792842, 0.2300223578672338, 0.3181040740395606, 0.35173307981953783, 0.3162621185314486, 0.21438585969807147, -0.06578303960315972, 0.0973624793241827, 0.23795817872835262, -0.32303008436472624, 0.33184340678441193, -0.26134724012569815, 0.1271990615780723, 0.039207617853598345, 0.1981886784104229, -0.3061776503918408, -0.2425356250363366], [-0.059313604766198125, -0.12698399262092575, -0.19855966188775628, -0.26428050453297414, -0.31529149764885805, -0.3443325714593066, 0.3464096872218816, 0.3193316826832339, 0.2639653839953731, -0.1842333936228933, 0.08673402103074947, 0.019805725378676902, -0.1254631210791287, 0.21978753706648427, 0.29305719331756336, -0.3329451391377076, -0.24253562503633638], [0.01659359811366075, 0.03701108444910641, 0.061629192311391225, 0.08946267011443115, 0.11960247091556205, 0.15115441507544922, -0.18322577342623023, -0.21491706749161332, -0.24534386723974433, 0.2736291243662399, -0.29894678809275493, 0.3204764325176933, -0.3374927750744328, 0.3491266531579498, 0.3546298945627745, -0.3494597913092825, -0.24253562503633683]]

