[shined]
shined = [0, 1]

[amplitude]
pulse_type = AM
shape = rectangular
mu = 2099645.2173228892
delta_t = 1.4999999999999999e-05
segnum = 36
amp_list0 = [0.06202256548450605, -0.19484360162947004, 0.22617645372085882, 0.008969706030232135, -0.24024853623180312, 0.05644317354983907, 0.2929400983174807, -0.15001356567881372, -0.31810187580801114, 0.2651168136797293, 0.2289145111250919, -0.19126992384062147, -0.329213344100437, 0.24342948818717972, 0.39043977463816726, -0.3465940551358155, -0.33156699174625726, 0.3366384327247055, 0.3352113368702044, -0.3338572138542624, -0.3449767761292317, 0.3930950791203343, 0.24138715611022907, -0.3304063355768877, -0.19598962016272806, 0.24818032928307424, 0.23864008846963602, -0.3004353877440713, -0.15314426830245403, 0.2893893068373792, 0.058047254512310784, -0.23882693608894087, 0.007383135829529341, 0.22662919925507866, -0.1947512922284229, 0.06195852741486242]
amp_list1 = [0.06202256548450605, -0.19484360162947004, 0.22617645372085882, 0.008969706030232135, -0.24024853623180312, 0.05644317354983907, 0.2929400983174807, -0.15001356567881372, -0.31810187580801114, 0.2651168136797293, 0.2289145111250919, -0.19126992384062147, -0.329213344100437, 0.24342948818717972, 0.39043977463816726, -0.3465940551358155, -0.33156699174625726, 0.3366384327247055, 0.3352113368702044, -0.3338572138542624, -0.3449767761292317, 0.3930950791203343, 0.24138715611022907, -0.3304063355768877, -0.19598962016272806, 0.24818032928307424, 0.23864008846963602, -0.3004353877440713, -0.15314426830245403, 0.2893893068373792, 0.058047254512310784, -0.23882693608894087, 0.007383135829529341, 0.22662919925507866, -0.1947512922284229, 0.06195852741486242]

