[result]
bound_eq26 = 0.0145925727944384
infid = 0.0036741173829442086
tracedist = 0.007717747912044928
infid_ideal = -1.0608995791416831e-05

