[phonon]
partialpos = [0.00e+00 5.00e-06 1.00e-05 1.50e-05 2.00e-05 2.50e-05 3.00e-05 3.50e-05
	 4.00e-05 4.50e-05 5.00e-05 5.50e-05 6.00e-05 6.50e-05 7.00e-05 7.50e-05
	 8.00e-05 8.50e-05 9.00e-05 9.50e-05 1.00e-04 1.05e-04 1.10e-04 1.15e-04
	 1.20e-04 1.25e-04 1.30e-04 1.35e-04 1.40e-04 1.45e-04]
z_freqcal = [2016745.9554144887, 2017952.971159374, 2019757.0072814096, 2022146.8470725408, 2025109.245703911, 2028628.5184805947, 2032686.4098983887, 2037262.0213121425, 2042331.7530891504, 2047869.245928268, 2053845.3113830856, 2060227.8451462558, 2066981.7136169213, 2074068.607535772, 2081446.848193104, 2089071.1382050072, 2096892.2310317652, 2104856.507144489, 2112905.4063125206, 2120974.6945188264, 2128993.456708425, 2136882.7688034168, 2144553.783503047, 2151905.1009477233, 2158818.6429112838, 2165153.540054829, 2170734.8614076274, 2175334.1551911454, 2178615.4633707786, 2180000.0]
z_modes = [[0.005400427263890824, 0.012063567225963167, 0.020169107925043953, -0.029492480026037212, 0.03986109990950494, -0.05112763883515241, 0.06315660168161785, -0.07581798641408334, -0.0889836748696637, 0.1025261533514643, -0.1163173358846919, 0.13022902869252842, 0.14413236731569226, 0.15789922358158487, -0.17140151639390266, 0.18451344995166935, -0.19711010079321967, -0.20907076543501307, 0.2202759394051505, -0.2306125975909017, 0.2399677202768346, 0.24823759916981472, -0.2553130357359823, 0.26109858178994494, -0.26547233950612037, 0.2683357211590224, 0.2694496024145218, 0.26860593558255574, -0.26299079281759885, -0.18257418583504337], [-0.01957203301816593, -0.0431483050118824, -0.07071682327613935, 0.10066742124687217, -0.13150767596730215, 0.1618120291533212, -0.19021960548337294, 0.21545492363078098, 0.23635890380213262, -0.25192187692941753, 0.2613164341335171, -0.26392508950910926, -0.2593638964938441, -0.2474968227735966, 0.22844482669378796, -0.2025829461736727, 0.17053311905633933, 0.13314288731163024, -0.09146364618080123, 0.046712207738000736, -0.0002399261051176923, 0.04652043031313979, -0.09208373434615467, 0.1349797080077949, -0.1737544602377926, 0.20706383937700176, 0.23353433868492404, 0.25195878066158917, -0.258600666505928, -0.18257418583504334], [0.03920473598507622, 0.08440271034460745, 0.13337542382849604, -0.18055328776295376, 0.22085326831823648, -0.24990263920436626, 0.26431095732299537, -0.2619177555935477, -0.24196681790424793, 0.20518069673118186, -0.15371963061644084, 0.09102605867028302, 0.021560722071719742, -0.04954581098082164, 0.116904774300819, -0.1753037023110052, 0.22013782496941042, 0.24779060624660051, -0.2559475857539023, 0.24379620905118815, -0.21212246285197112, -0.16325790118436806, 0.10093422579565141, -0.02998172081274087, -0.04398564807481114, 0.11505158299492002, 0.1772475338589026, 0.2251541557097992, -0.25144257515074486, -0.18257418583504526], [-0.062356568941182966, -0.12960004584225052, -0.19372766469101704, 0.24211831742797293, -0.26496056127753626, 0.2564756157577207, -0.2157177154464176, 0.14674108297066016, 0.05805501702396423, 0.03858458042561552, -0.12988339423655243, 0.20297512568609213, 0.24735281811578844, 0.25648019693179785, -0.22883068407344323, 0.1681986339264974, -0.08321624568271502, 0.013847653479603336, -0.10885408387515011, 0.18784409196280605, -0.23910347532483744, -0.2548903755887394, 0.23263165427493843, -0.17531683791370464, 0.09116983539015901, 0.007567280262981034, 0.10614572626456746, 0.18956915236148122, -0.24169209969645641, -0.18257418583504803], [0.08778466751786303, 0.1739684390326628, 0.24048408135638966, -0.26638579136687335, 0.24097592278947913, -0.16616412001314235, 0.056084646990969746, 0.06609732987250308, 0.17354187371496513, -0.24204024717015604, 0.25580193847355215, -0.2113416702086204, -0.11852163167951241, 0.0015442739859929293, -0.1212637920159233, 0.21293195056547434, -0.25519274800789243, -0.238088023890449, 0.16546865295256755, -0.05420187620147022, -0.06970307936646813, -0.17711295520795636, 0.2426075178292986, -0.2504300549712781, 0.1983201761112786, -0.0980717950474008, 0.026838082769432496, 0.14677760474765594, -0.2295024226788558, -0.18257418583504903], [-0.11442463696549392, -0.2132815345775728, -0.26492614419584104, 0.2436133974404693, -0.14965875420074085, 0.009408837260167998, 0.13349985093612257, -0.2328779811297674, -0.2558229406582393, 0.19426908230118917, -0.06822455558874836, -0.08053254808251946, -0.20227920819931047, -0.2560569703249108, 0.223598855681378, -0.11567686745284884, -0.03135870934222072, -0.16777375033495162, 0.24726908359026928, -0.24275307090209255, 0.15564327644286502, 0.015542858402292152, 0.1297360189804297, -0.2303348160201438, 0.25141906008727266, -0.18506307171300812, -0.05345822040635872, 0.09857015486549246, -0.21502775822149864, -0.18257418583504917], [0.1413360673211029, 0.24396551765770366, 0.2617800098062648, -0.17508308906947948, 0.014890313362170516, 0.15105770946802496, -0.24948586199206207, 0.23582631951378716, 0.11563941439045759, 0.05696196097365195, -0.20347987332545187, 0.25685368681832393, 0.1924207471520494, 0.039584977103479725, 0.13142648230711151, -0.2417818295499514, 0.24045331831249286, 0.12793244333528955, 0.04380529511347462, -0.19523456592966734, 0.25607642799179675, 0.197992916133133, -0.04788477223375135, -0.12433618161745877, 0.23815150976068922, -0.23973322936608443, -0.12751121528439185, 0.0469155339156808, -0.19843181801775323, -0.18257418583504814], [-0.16764971397212536, -0.2631707667227967, -0.22965212931091308, 0.07252595917647205, 0.12423782090485166, -0.24822155303564325, 0.22665938792639445, -0.07158427593893617, 0.1256712939364796, -0.24800746639596707, 0.22237258064203633, -0.06385862620513282, 0.13281227349496202, 0.24976402238577655, -0.2167088234911351, 0.053400791175149356, 0.14198567341415483, 0.2517877824666755, -0.209763886429983, 0.04117142105828843, 0.15226080587674554, 0.25365598260268246, -0.20160479393507327, 0.027566914934136648, 0.16291745241382705, -0.2536917596618136, -0.1887001929854866, -0.006102299184301991, -0.17989102572417412, -0.1825741858350467], [0.19256992724873773, 0.2689226133372623, 0.1711715058531991, 0.04439619751820658, -0.2258465363788113, 0.24047125370868058, -0.0768818204451069, -0.14363461349387757, -0.2564060652994664, 0.17677858577485714, 0.03561975293436171, -0.22105259811571593, -0.2397531688590687, -0.07751608203289659, -0.14320936738379458, 0.25559364948625934, -0.17457413287875773, 0.03857394194279879, -0.22242448676377247, 0.23759837017920718, -0.07253457194250508, 0.14756182463911013, -0.255528787733507, 0.16927445331649574, 0.04563321469358213, -0.22514922031771292, -0.23159927469976455, -0.058358646198081454, -0.1595954397642529, -0.18257418583504845], [-0.21537204680514987, -0.26020522627434095, -0.0925925071799962, -0.15235602998208034, 0.2587306837454813, -0.13049969561481317, -0.11611446011788305, 0.2560328013928089, 0.16102696632196659, 0.08177372095430116, -0.24911111147091788, 0.18685740759763061, -0.047648159061899405, -0.2380510192302854, 0.2085212084345791, 0.01369138172105965, -0.2231675947124471, -0.22614329820058487, 0.019840466885906655, 0.2047447100505737, -0.23958504379457152, -0.05235164217010598, -0.18336703933439547, 0.24890319633137162, -0.08335380152508122, -0.15917814573621666, -0.25245893717370765, -0.10776753634663097, -0.1377484968019935, -0.18257418583504903], [0.23541310452463138, 0.2370154311592002, 0.002979823416492791, 0.22935576850133954, -0.2124394940338696, -0.035162823094402, 0.243541506588849, -0.18480057093596525, 0.07658154676460646, -0.2534806123713723, 0.15136813392578455, 0.11731883932577408, 0.25655762873495436, 0.11286334099354334, 0.1552528556883113, -0.2519111658644053, 0.07041341770655433, -0.1887910586480163, 0.23933985954453715, -0.025389734804349716, -0.21653477333195256, -0.21887929064611086, -0.020928792822910675, 0.2374963732945026, -0.19095653764496434, -0.06687096694207967, -0.2495390794041815, -0.1523614398438326, -0.11456606770304696, -0.18257418583504934], [-0.2521386976756384, -0.200343735356031, 0.08698242699417158, -0.2594828248067336, 0.10088814588324647, 0.18575102867737064, -0.2331956569020899, -0.01917505543723591, -0.24642170868004878, 0.15583989977144783, 0.13561703029673425, -0.25181173472005797, -0.042798181454589135, 0.22137221023045553, -0.1993503661146847, -0.08033576097032695, 0.25602991103708816, 0.10052871974479166, 0.18496108654485088, -0.23104825551783717, -0.021876629502287567, -0.24634429010468273, 0.1517363265969785, 0.13938162612818397, -0.24970706190298078, 0.03647047526802626, -0.22326214988180856, -0.19036731371588558, -0.09027507400495025, -0.18257418583504903], [0.2650932836619217, 0.1521020740046898, -0.16637432807124278, 0.2363622251436583, 0.041736526515691166, -0.2566511159687024, 0.0907531133395369, 0.20934176488360207, 0.19807079689918497, 0.10750245438186663, -0.2529085033064862, 0.02199760407376279, -0.24147190128938267, -0.14535586003115952, -0.16711540377127485, 0.23058254714741516, 0.04940744039986397, 0.25567657038685593, -0.08093696242193683, -0.21435223938881376, 0.19008828887224327, -0.117453667355504, 0.2497360634694116, -0.009541456336070116, -0.24467630002352364, 0.13382197728168446, -0.1761717762490787, -0.22027557490919739, -0.06511180549128043, -0.18257418583505328], [-0.2739272764214187, -0.09498688010875526, 0.22546088318612234, -0.16460577342070873, -0.17147123029814532, 0.21731097269529645, 0.10314254097123425, -0.24883305730608962, 0.025750709779643218, -0.2564606610238777, 0.053645454897934854, 0.2396412090924166, 0.1276417389432894, -0.20007380247506598, 0.18930569094433028, 0.14159376940617524, -0.23287175993933357, 0.06976945443367447, -0.2542687633873529, 0.008534260501471182, 0.2515427876445852, 0.08594150149490927, 0.2249739716411606, -0.15493767560329758, -0.17721215693361622, 0.20919908947435623, -0.11270023544755013, -0.24089905196386252, -0.03932002796012214, -0.18257418583505672], [0.2784040446814637, 0.03229614113155151, -0.2569527024651239, 0.05891998997987676, 0.24821595696394633, -0.0845578609543759, -0.23851076664669763, 0.10914707398536878, -0.22674403056031522, 0.13249372922521763, 0.21277166892969707, -0.15437669311566074, 0.19665280694566448, 0.17458812263610854, 0.17851903376329512, -0.19291390105749306, -0.15854463481820644, -0.20918316283890154, -0.13692699776008177, 0.22319106979359873, 0.11389337929780954, 0.2348370095023981, 0.08967496585246292, -0.24382211052772623, -0.0645567312441655, 0.2502482229663203, -0.038765545808206375, -0.2514194556824076, -0.013148944033496476, -0.18257418583505902], [-0.27840404468146895, 0.03229614113150382, 0.2569527024651271, 0.05891998997986815, -0.24821595696396456, -0.08455786095432594, 0.23851076664669385, 0.10914707398533648, 0.22674403056033052, 0.13249372922519914, -0.2127716689297104, -0.15437669311564803, -0.19665280694567666, 0.17458812263610277, -0.17851903376328204, -0.19291390105749487, 0.15854463481821676, -0.20918316283890262, 0.1369269977600859, 0.22319106979359826, -0.11389337929780803, 0.23483700950239622, -0.08967496585247248, -0.24382211052772618, 0.06455673124415459, 0.2502482229663216, 0.03876554580819198, -0.2514194556824087, 0.01314894403350288, -0.1825741858350607], [0.27392727642143133, -0.09498688010870669, -0.22546088318613142, -0.1646057734207014, 0.17147123029819633, 0.2173109726952669, -0.10314254097122742, -0.2488330573060774, -0.025750709779680064, -0.2564606610238766, -0.05364545489790667, 0.2396412090924214, -0.12764173894327094, -0.20007380247507386, -0.1893056909443442, 0.1415937694061777, 0.23287175993933068, 0.06976945443367721, 0.2542687633873541, 0.00853426050146903, -0.25154278764458554, 0.08594150149490198, -0.22497397164116445, -0.15493767560329663, 0.17721215693360612, 0.2091990894743608, 0.1127002354475352, -0.2408990519638686, 0.03932002796012721, -0.18257418583506063], [-0.26509328366194534, 0.15210207400464498, 0.16637432807125485, 0.23636222514365454, -0.04173652651575516, -0.2566511159687065, -0.09075311333954697, 0.20934176488361822, -0.19807079689915927, 0.1075024543818834, 0.25290850330647485, 0.02199760407374492, 0.24147190128938514, -0.14535586003115183, 0.16711540377125925, 0.230582547147419, -0.04940744039987377, 0.2556765703868582, 0.08093696242193246, -0.2143522393888157, -0.1900882888722413, -0.11745366735551305, -0.24973606346940513, -0.009541456336067105, 0.24467630002351537, 0.13382197728169204, 0.17617177624906188, -0.22027557490920896, 0.06511180549128132, -0.18257418583506022], [0.25213869767566816, -0.20034373535599456, -0.08698242699417812, -0.2594828248067327, -0.10088814588319606, 0.18575102867740081, 0.2331956569021034, -0.019175055437254427, 0.246421708680051, 0.15583989977144053, -0.13561703029674305, -0.2518117347200501, 0.042798181454573744, 0.22137221023045434, 0.19935036611469176, -0.08033576097032456, -0.25602991103708167, 0.10052871974479148, -0.18496108654484844, -0.23104825551783614, 0.021876629502284375, -0.24634429010468412, -0.1517363265969661, 0.13938162612818586, 0.24970706190297506, 0.036470475268033584, 0.22326214988179313, -0.19036731371590299, 0.0902750740049481, -0.1825741858350611], [-0.23541310452466485, 0.23701543115917303, -0.0029798234164966904, 0.22935576850133696, 0.2124394940338503, -0.035162823094439015, -0.24354150658885795, -0.18480057093596658, -0.07658154676462439, -0.25348061237137937, -0.15136813392577256, 0.11731883932578023, -0.2565576287349529, 0.11286334099354393, -0.15525285568829142, -0.25191116586441104, -0.07041341770654583, -0.1887910586480163, -0.2393398595445337, -0.02538973480435111, 0.2165347733319487, -0.21887929064611003, 0.020928792822921927, 0.23749637329450754, 0.19095653764496595, -0.06687096694207569, 0.24953907940416933, -0.1523614398438483, 0.11456606770304496, -0.1825741858350609], [0.21537204680518904, -0.26020522627432613, 0.09259250718000622, -0.15235602998207887, -0.2587306837454926, -0.13049969561477692, 0.11611446011788235, 0.25603280139282264, -0.16102696632194657, 0.08177372095430951, 0.24911111147091153, 0.18685740759761965, 0.04764815906190905, -0.2380510192302818, -0.2085212084345879, 0.013691381721050116, 0.2231675947124408, -0.22614329820058546, -0.019840466885909607, 0.20474471005056824, 0.23958504379456863, -0.05235164217010218, 0.18336703933440057, 0.2489031963313762, 0.0833538015250872, -0.15917814573621508, 0.25245893717369483, -0.10776753634664227, 0.137748496801991, -0.18257418583506047], [-0.19256992724878044, 0.2689226133372526, -0.1711715058532039, 0.04439619751820943, 0.22584653637884192, 0.2404712537086478, 0.07688182044511374, -0.1436346134938828, 0.25640606529945165, 0.17677858577485955, -0.03561975293435929, -0.2210525981157132, 0.23975316885907003, -0.07751608203290518, 0.14320936738377274, 0.25559364948626945, 0.17457413287875428, 0.03857394194279857, 0.22242448676377166, 0.23759837017920707, 0.07253457194250783, 0.14756182463911316, 0.25552878773350163, 0.16927445331649646, -0.0456332146935754, -0.22514922031771645, 0.23159927469975547, -0.05835864619809087, 0.15959543976424928, -0.18257418583506066], [0.16764971397216272, -0.2631707667227817, 0.2296521293109028, 0.07252595917646372, -0.12423782090488455, -0.24822155303561638, -0.22665938792639762, -0.07158427593894766, -0.12567129393647206, -0.2480074663959696, -0.22237258064203327, -0.06385862620513205, -0.132812273494964, 0.24976402238577067, 0.21670882349114465, 0.05340079117516796, -0.141985673414144, 0.2517877824666742, 0.20976388642998833, 0.04117142105829541, -0.1522608058767415, 0.25365598260268657, 0.20160479393506536, 0.02756691493413712, -0.16291745241381947, -0.25369175966182356, 0.18870019298548535, -0.006102299184310375, 0.1798910257241707, -0.18257418583506227], [-0.14133606732113316, 0.24396551765768432, -0.2617800098062436, -0.17508308906947034, -0.014890313362145784, 0.1510577094680168, 0.24948586199206313, 0.23582631951381222, -0.1156394143904533, 0.05696196097365617, 0.20347987332545614, 0.2568536868183294, -0.1924207471520534, 0.039584977103485935, -0.13142648230709758, -0.2417818295499637, -0.24045331831248773, 0.12793244333528841, -0.04380529511347343, -0.1952345659296638, -0.25607642799179475, 0.19799291613313305, 0.04788477223374298, -0.12433618161745924, -0.23815150976068272, -0.23973322936609717, 0.12751121528439396, 0.04691553391567628, 0.19843181801774853, -0.18257418583506338], [0.11442463696551539, -0.21328153457755264, 0.2649261441958198, 0.24361339744046942, 0.14965875420073232, 0.009408837260145856, -0.13349985093613198, -0.23287798112979452, 0.2558229406582271, 0.19426908230118414, 0.06822455558873555, -0.08053254808253169, 0.20227920819931908, -0.2560569703249043, -0.22359885568138121, -0.11567686745286704, 0.031358709342214054, -0.1677737503349499, -0.24726908359027178, -0.24275307090209491, -0.15564327644286616, 0.015542858402288346, -0.12973601898043347, -0.23033481602014283, -0.2514190600872664, -0.18506307171301908, 0.05345822040636215, 0.09857015486549142, 0.21502775822149128, -0.18257418583506366], [-0.0877846675178801, 0.17396843903265002, -0.24048408135638055, -0.26638579136689156, -0.24097592278949456, -0.16616412001310124, -0.05608464699095384, 0.06609732987252308, -0.1735418737149665, -0.24204024717016243, -0.2558019384735486, -0.21134167020861755, 0.11852163167950813, 0.0015442739859940333, 0.12126379201591776, 0.21293195056548878, 0.2551927480078863, -0.23808802389044667, -0.16546865295256818, -0.05420187620147014, 0.06970307936647223, -0.17711295520796752, -0.24260751782929826, -0.25043005497127474, -0.19832017611127267, -0.09807179504740804, -0.026838082769425377, 0.14677760474765714, 0.22950242267884544, -0.1825741858350631], [0.06235656894119694, -0.12960004584224633, 0.19372766469101987, 0.24211831742800377, 0.2649605612775697, 0.25647561575767525, 0.2157177154464007, 0.14674108297065622, -0.0580550170239451, 0.038584580425630385, 0.12988339423656287, 0.20297512568609974, -0.24735281811578919, 0.25648019693178253, 0.22883068407343798, 0.16819863392651585, 0.0832162456827205, 0.013847653479598161, 0.10885408387514607, 0.1878440919628021, 0.23910347532483808, -0.2548903755887474, -0.23263165427493349, -0.17531683791370073, -0.09116983539015686, 0.007567280262977134, -0.10614572626455666, 0.18956915236148425, 0.24169209969644276, -0.18257418583506227], [-0.03920473598508347, 0.08440271034460375, -0.13337542382850018, -0.18055328776298263, -0.22085326831827184, -0.24990263920432937, -0.2643109573229849, -0.261917755593563, 0.24196681790423044, 0.20518069673118045, 0.15371963061643737, 0.09102605867028267, -0.021560722071720433, -0.04954581098081619, -0.11690477430081216, -0.17530370231101672, -0.22013782496940443, 0.2477906062465987, 0.25594758575390336, 0.24379620905118793, 0.21212246285197328, -0.16325790118437367, -0.1009342257956489, -0.029981720812740052, 0.043985648074808946, 0.1150515829949218, -0.1772475338588913, 0.22515415570980662, 0.2514425751507305, -0.18257418583506113], [0.01957203301816874, -0.04314830501188018, 0.07071682327614276, 0.10066742124689125, 0.1315076759673269, 0.1618120291533007, 0.19021960548336875, 0.215454923630799, -0.2363589038021229, -0.2519218769294235, -0.2613164341335186, -0.2639250895091106, 0.25936389649383695, -0.24749682277357354, -0.22844482669377641, -0.2025829461736911, -0.17053311905634244, 0.1331428873116359, 0.09146364618080673, 0.0467122077380049, 0.00023992610512148918, 0.04652043031313737, 0.09208373434615039, 0.1349797080077898, 0.1737544602377845, 0.2070638393770079, -0.23353433868491308, 0.2519587806616011, 0.2586006665059135, -0.18257418583506138], [-0.005400427263891786, 0.012063567225963374, -0.020169107925046146, -0.029492480026043304, -0.039861099909512004, -0.05112763883514547, -0.06315660168161656, -0.07581798641409011, 0.08898367486965994, 0.10252615335146578, 0.11631733588469047, 0.1302290286925264, -0.14413236731568654, 0.15789922358157, 0.17140151639389337, 0.18451344995168242, 0.197110100793215, -0.20907076543501243, -0.22027593940515344, -0.23061259759090422, -0.2399677202768388, 0.24823759916982327, 0.2553130357359783, 0.2610985817899402, 0.2654723395061114, 0.26833572115903315, -0.2694496024145115, 0.26860593558257, 0.26299079281758586, -0.1825741858350618]]

