[shined]
shined = [0, 1]

[amplitude]
pulse_type = AM
shape = rectangular
mu = 2125697.5423471257
delta_t = 1.4999999999999999e-05
segnum = 29
amp_list0 = [0.003319010787449338, 0.1999999999999999, 0.19999726453416358, 0.0551484604999223, -0.1999999999999996, -0.1998077485777835, 0.19982669379659046, 0.1999999999999995, -0.1386127443620983, -0.19999999999999993, -0.19994845460945387, 0.19999091823495665, 0.19999999999999998, 0.17852204142892453, -0.19999073069443707, -0.19999999999999965, -0.1926792029926955, 0.19999999999999996, 0.19999999999999976, -0.004069993054748906, -0.19999999999999993, -0.19999999999999993, 0.18749749182462883, 0.19999999999999996, 0.17099991538939877, -0.19999999999999998, -0.19999955901847175, 0.14560579349967215, 0.1999999999999759]
amp_list1 = [0.003319010787449338, 0.1999999999999999, 0.19999726453416358, 0.0551484604999223, -0.1999999999999996, -0.1998077485777835, 0.19982669379659046, 0.1999999999999995, -0.1386127443620983, -0.19999999999999993, -0.19994845460945387, 0.19999091823495665, 0.19999999999999998, 0.17852204142892453, -0.19999073069443707, -0.19999999999999965, -0.1926792029926955, 0.19999999999999996, 0.19999999999999976, -0.004069993054748906, -0.19999999999999993, -0.19999999999999993, 0.18749749182462883, 0.19999999999999996, 0.17099991538939877, -0.19999999999999998, -0.19999955901847175, 0.14560579349967215, 0.1999999999999759]

