[phonon]
partialpos = [0.e+00 5.e-06 1.e-05]
z_freqcal = [2064469.5729767678, 2132623.0540646105, 2179999.9999999995]
z_modes = [[0.4082482904638639, 0.707106781186547, 0.577350269189626], [-0.8164965809277261, 1.1934897514720433e-15, 0.5773502691896253], [0.40824829046386174, -0.7071067811865481, 0.577350269189626]]

