[shined]
shined = [0, 2]

[amplitude]
pulse_type = AM
shape = rectangular
mu = 2098546.313520689
delta_t = 1.4999999999999999e-05
segnum = 38
amp_list0 = [0.07074494983171663, 0.07384687614234259, 0.14176546704146883, 0.13616912885613738, 0.19125872033628052, 0.15054022972140196, 0.14858783891550123, 0.19269404225366776, 0.06752187225284692, 0.18771514000536219, 0.12519973279191426, 0.09966505123696644, 0.13356599044259979, 0.17700088080286053, 0.17888811008909533, 0.1410218617133667, 0.12373254146962812, 0.16271626770128528, 0.04424920314327303, 0.043622656178625256, 0.1618403143742636, 0.12562440522038218, 0.14214575703935156, 0.17659759834730512, 0.17742186551044073, 0.13474929583578624, 0.0983087258131225, 0.12422491344818333, 0.18851975330033569, 0.06914666011887476, 0.19188340440970142, 0.1477383826016568, 0.15282356341900993, 0.1905951850306049, 0.13427113473029412, 0.1423392062152589, 0.07472614670305812, 0.07046423635835462]
amp_list1 = [0.07074494983171663, 0.07384687614234259, 0.14176546704146883, 0.13616912885613738, 0.19125872033628052, 0.15054022972140196, 0.14858783891550123, 0.19269404225366776, 0.06752187225284692, 0.18771514000536219, 0.12519973279191426, 0.09966505123696644, 0.13356599044259979, 0.17700088080286053, 0.17888811008909533, 0.1410218617133667, 0.12373254146962812, 0.16271626770128528, 0.04424920314327303, 0.043622656178625256, 0.1618403143742636, 0.12562440522038218, 0.14214575703935156, 0.17659759834730512, 0.17742186551044073, 0.13474929583578624, 0.0983087258131225, 0.12422491344818333, 0.18851975330033569, 0.06914666011887476, 0.19188340440970142, 0.1477383826016568, 0.15282356341900993, 0.1905951850306049, 0.13427113473029412, 0.1423392062152589, 0.07472614670305812, 0.07046423635835462]

