[result]
infid = 0.007319050547260675
tracedist = 0.015235403829098505
infid_ideal = -2.804708273851375e-06
bound_eq26 = 0.0295664509713908

