[shined]
shined = [0, 8]

[amplitude]
pulse_type = AM
shape = rectangular
mu = 2100981.301078972
delta_t = 1.4999999999999999e-05
segnum = 50
amp_list0 = [-0.4474625298240168, 0.30526058358649266, 0.44653751684294085, -0.27953715895121267, 0.05483176403785015, 0.4784731422808027, 0.45176021571517605, 0.13038298557060646, 0.062305279681056695, 0.3442097472071949, 0.49310378495203233, 0.4954335485125286, -0.2278034655643219, -0.06555073161219449, 0.4353753190570218, 0.1985777675587485, -0.11989036072687051, -0.17119921050066458, 0.06081029338713151, 0.04903778832756016, -0.48081851378453583, -0.4865792050605979, -0.48991154810190946, -0.4967379165749275, -0.49424965503278645, -0.49436582338816215, -0.49748783233165184, -0.4960251532532457, -0.472117666131096, -0.4454907646747234, 0.0433397656259888, 0.05887351841646668, -0.15268100852183836, -0.09734673477551598, 0.20195075796150996, 0.4245960616285168, -0.06384593823973296, -0.20311187892056193, 0.49831811592065717, 0.4961966474524598, 0.33323576666874793, 0.0586799475679804, 0.14107244102905808, 0.45499414274971656, 0.4676807331610805, 0.03297076119508524, -0.2711312803821616, 0.4667633571410193, 0.25811839973289746, -0.43680172542081924]
amp_list1 = [-0.4474625298240168, 0.30526058358649266, 0.44653751684294085, -0.27953715895121267, 0.05483176403785015, 0.4784731422808027, 0.45176021571517605, 0.13038298557060646, 0.062305279681056695, 0.3442097472071949, 0.49310378495203233, 0.4954335485125286, -0.2278034655643219, -0.06555073161219449, 0.4353753190570218, 0.1985777675587485, -0.11989036072687051, -0.17119921050066458, 0.06081029338713151, 0.04903778832756016, -0.48081851378453583, -0.4865792050605979, -0.48991154810190946, -0.4967379165749275, -0.49424965503278645, -0.49436582338816215, -0.49748783233165184, -0.4960251532532457, -0.472117666131096, -0.4454907646747234, 0.0433397656259888, 0.05887351841646668, -0.15268100852183836, -0.09734673477551598, 0.20195075796150996, 0.4245960616285168, -0.06384593823973296, -0.20311187892056193, 0.49831811592065717, 0.4961966474524598, 0.33323576666874793, 0.0586799475679804, 0.14107244102905808, 0.45499414274971656, 0.4676807331610805, 0.03297076119508524, -0.2711312803821616, 0.4667633571410193, 0.25811839973289746, -0.43680172542081924]

