[result]
infid = 0.08053301059649565
tracedist = 0.15500756928096177
infid_ideal = -1.3429776739126709e-05
bound_eq26 = 0.352369425803145

