[shined]
shined = [0, 1]

[amplitude]
pulse_type = AM
shape = rectangular
mu = 2084486.2004815224
delta_t = 1.4999999999999999e-05
segnum = 36
amp_list0 = [-0.032294460036812946, 0.10092297261819691, -0.08304738630389606, -0.08030618021883204, 0.1198549611435778, 0.09572623882633233, -0.14171068383886143, -0.13843278859040004, 0.14115837357697975, 0.19431740579146597, -0.10638654408283271, -0.2550556845161554, 0.03896228071881865, 0.29181512320108577, 0.0554890090126208, -0.29031356654935053, -0.1579393548473551, 0.24282189846941185, 0.24288084382520525, -0.15795820102813704, -0.2904622458645455, 0.05553261184566177, 0.2920336078676557, 0.03899560725238545, -0.25530728809016134, -0.10688855674826693, 0.1955957782282844, 0.14039039466903525, -0.13862962758851627, -0.14143946842699714, 0.0958789170294165, 0.11969597822085329, -0.0804195988000265, -0.08286616251192039, 0.10084539003308904, -0.032284286988820195]
amp_list1 = [-0.032294460036812946, 0.10092297261819691, -0.08304738630389606, -0.08030618021883204, 0.1198549611435778, 0.09572623882633233, -0.14171068383886143, -0.13843278859040004, 0.14115837357697975, 0.19431740579146597, -0.10638654408283271, -0.2550556845161554, 0.03896228071881865, 0.29181512320108577, 0.0554890090126208, -0.29031356654935053, -0.1579393548473551, 0.24282189846941185, 0.24288084382520525, -0.15795820102813704, -0.2904622458645455, 0.05553261184566177, 0.2920336078676557, 0.03899560725238545, -0.25530728809016134, -0.10688855674826693, 0.1955957782282844, 0.14039039466903525, -0.13862962758851627, -0.14143946842699714, 0.0958789170294165, 0.11969597822085329, -0.0804195988000265, -0.08286616251192039, 0.10084539003308904, -0.032284286988820195]

