[phonon]
partialpos = [0.0e+00 5.0e-06 1.0e-05 1.5e-05 2.0e-05 2.5e-05 3.0e-05 3.5e-05 4.0e-05
	 4.5e-05 5.0e-05 5.5e-05 6.0e-05]
z_freqcal = [2019414.5628976568, 2025589.683047108, 2034612.9327474684, 2046229.4269922792, 2060120.0123640765, 2075893.6987850482, 2093078.7021779967, 2111107.0629754285, 2129288.1970622563, 2146756.627817789, 2162372.804122464, 2174447.2523894883, 2180000.0]
z_modes = [[-0.0280968648086026, 0.06245083976226567, 0.10330578989565543, -0.14842260486799616, 0.19559832648838313, 0.24260798510356044, -0.2872611845563185, 0.3273870388801251, -0.3609882556700117, 0.3860007806984182, -0.4006559482017605, -0.3987895593100317, -0.2773500981126182], [0.0990085259843032, -0.20514700893463925, -0.304128457784702, 0.37396394001680233, -0.39783235995870736, -0.3668608043866473, 0.28171841542585074, -0.15281660853671838, -0.0013636316135390294, 0.1568356334041337, -0.28834424619418964, -0.3681419491814498, -0.2773500981126198], [-0.18854571188512884, 0.34174286465836856, 0.40176463382775507, -0.3295136187012009, 0.14072049150377766, -0.09921116820039629, 0.3004492304351828, -0.38474597258332527, 0.31734222973619924, -0.12276614728401695, -0.12383266547969014, -0.31888672489112796, -0.2773500981126167], [0.2781667895762414, -0.4045134524634983, -0.2889947358478553, -0.01264606935454065, 0.30264468303373354, 0.381433299317876, -0.1929088711550843, -0.13102042756910684, 0.36034829235458266, -0.330306922225107, 0.059360545518154534, -0.2538672223175109, -0.277350098112616], [-0.35356245271394393, 0.35934283426209257, 0.010785427409524734, 0.3411784554807196, -0.3228877413192862, 0.04549539988124106, -0.3627235932579839, 0.2816849392256106, 0.10811510942023103, -0.3767311214068489, 0.22458943469855625, -0.1764296311477231, -0.2773500981126153], [0.4035409271319484, -0.21087438448946308, 0.27347592042298496, -0.3361247022570678, -0.11219098988634997, -0.3862000344824095, 0.06775906623147852, 0.3534438994842352, -0.23099391559822252, -0.2455716876386368, 0.33897826750924615, -0.09040834039104555, -0.2773500981126172], [-0.4210224265696397, 1.0136788012001716e-14, -0.3924171558467194, 4.435514249801318e-15, 0.38789518027691217, 6.752773277607068e-15, 0.38593387375374355, -1.4052476153421701e-16, -0.384919657258472, 2.5322435274659694e-15, 0.37980922429938113, 6.86889313272246e-15, -0.2773500981126166], [0.40354092713195433, 0.21087438448944854, 0.2734759204229781, 0.3361247022570668, -0.11219098988637372, 0.3862000344824116, 0.06775906623147465, -0.3534438994842369, -0.23099391559822124, 0.24557168763864043, 0.33897826750924365, 0.09040834039105697, -0.2773500981126135], [-0.35356245271395725, -0.35934283426208513, 0.01078542740953021, -0.3411784554807275, -0.32288774131926795, -0.04549539988125748, -0.36272359325798326, -0.2816849392256097, 0.10811510942023302, 0.37673112140685056, 0.2245894346985532, 0.17642963114773613, -0.27735009811261385], [0.27816678957625757, 0.40451345246349407, -0.28899473584785196, 0.012646069354546884, 0.302644683033739, -0.38143329931787034, -0.19290887115508096, 0.13102042756910687, 0.3603482923545823, 0.3303069222251039, 0.059360545518149024, 0.2538672223175219, -0.27735009811261224], [-0.1885457118851363, -0.34174286465835924, 0.40176463382774563, 0.32951361870121104, 0.14072049150376423, 0.09921116820040894, 0.3004492304351858, 0.38474597258332754, 0.3173422297362004, 0.12276614728401367, -0.12383266547969457, 0.3188867248911362, -0.2773500981126113], [0.09900852598430808, 0.20514700893463542, -0.30412845778469894, -0.3739639400168255, -0.3978323599587078, 0.3668608043866391, 0.2817184154258423, 0.1528166085367135, -0.0013636316135427864, -0.15683563340413761, -0.2883442461941909, 0.3681419491814515, -0.27735009811261013], [-0.028096864808604006, -0.06245083976226535, 0.10330578989565653, 0.14842260486800796, 0.19559832648838527, -0.242607985103557, -0.2872611845563124, -0.32738703888012466, -0.36098825567001497, -0.38600078069842153, -0.4006559482017612, 0.39878955931003396, -0.2773500981126092]]

