[result]
infid = 9.221578837659283e-05
tracedist = 0.006284739589506826
infid_ideal = 0.34285469136708724

