[shined]
shined = [3, 9]

[amplitude]
pulse_type = AM
shape = rectangular
mu = 2084486.2003190233
delta_t = 1.4999999999999999e-05
segnum = 47
amp_list0 = [-0.1550405512362346, 0.5194165040325716, -0.6291813952438446, 0.012657794710003665, 0.632489105706687, -0.24681847792024375, -0.5970637801958865, 0.38655083097227927, 0.5494187075668922, -0.4894926415117095, -0.4990448523683818, 0.5790796436171459, 0.43697722663130373, -0.656774064749953, -0.3756791050528226, 0.7289228406074553, 0.3199437784959772, -0.8032388090119369, -0.2353040903230254, 0.8265630878801711, 0.19149187259460693, -0.8675575512879772, -0.12778624295743168, 0.8839466507504011, 0.051079786527581314, -0.8709454589444976, 0.0010146737504579389, 0.8552568041890283, -0.07499162074773517, -0.8194081805451309, 0.14035291281239018, 0.7689971244865873, -0.20615573965612172, -0.7237436747539963, 0.2832117428105564, 0.6679290301258818, -0.3667349759553793, -0.595002571612865, 0.4410151126135124, 0.5087934452370994, -0.5232576909839715, -0.3665823017794813, 0.6029915544752528, 0.12058276120443781, -0.6524216029092962, 0.47724999905920495, -0.12627615406660478]
amp_list1 = [-0.1550405512362346, 0.5194165040325716, -0.6291813952438446, 0.012657794710003665, 0.632489105706687, -0.24681847792024375, -0.5970637801958865, 0.38655083097227927, 0.5494187075668922, -0.4894926415117095, -0.4990448523683818, 0.5790796436171459, 0.43697722663130373, -0.656774064749953, -0.3756791050528226, 0.7289228406074553, 0.3199437784959772, -0.8032388090119369, -0.2353040903230254, 0.8265630878801711, 0.19149187259460693, -0.8675575512879772, -0.12778624295743168, 0.8839466507504011, 0.051079786527581314, -0.8709454589444976, 0.0010146737504579389, 0.8552568041890283, -0.07499162074773517, -0.8194081805451309, 0.14035291281239018, 0.7689971244865873, -0.20615573965612172, -0.7237436747539963, 0.2832117428105564, 0.6679290301258818, -0.3667349759553793, -0.595002571612865, 0.4410151126135124, 0.5087934452370994, -0.5232576909839715, -0.3665823017794813, 0.6029915544752528, 0.12058276120443781, -0.6524216029092962, 0.47724999905920495, -0.12627615406660478]

