[result]
infid = 0.039155182067897365
tracedist = 0.0790197125699009
infid_ideal = -2.5777031858353894e-05
bound_eq26 = 0.164924063314158

