[phonon]
partialpos = [0.00e+00 5.00e-06 1.00e-05 1.50e-05 2.00e-05 2.50e-05 3.00e-05 3.50e-05
	 4.00e-05 4.50e-05 5.00e-05 5.50e-05 6.00e-05 6.50e-05 7.00e-05 7.50e-05
	 8.00e-05 8.50e-05 9.00e-05 9.50e-05 1.00e-04 1.05e-04 1.10e-04 1.15e-04
	 1.20e-04 1.25e-04]
z_freqcal = [2016954.1351959554, 2018555.383836278, 2020944.0473258363, 2024100.9962122, 2028003.3583401304, 2032623.9205811785, 2037930.9158817534, 2043887.8857393416, 2050453.548982809, 2057581.6487414986, 2065220.752342111, 2073313.9864084008, 2081798.673164904, 2090605.8455106677, 2099659.577274644, 2108876.0918595516, 2118162.512245035, 2127415.177730191, 2136517.1890136525, 2145334.98711494, 2153712.9566696202, 2161465.349577201, 2168361.384796919, 2174099.325371962, 2178234.8309421176, 2180000.0]
z_modes = [[-0.007169770470210938, 0.01601603506397369, 0.026768535879826725, 0.03911163315936891, -0.052791959768333334, 0.06758444079188414, -0.0832754609491273, 0.09965572472044912, -0.1165161169179838, 0.13364740850891513, -0.15083899960175207, 0.16788126577018148, -0.1845645001048583, 0.20068313402121585, -0.21603325969254944, 0.23041925364378274, -0.2436475426025702, 0.2555377711967418, -0.26590719363393533, 0.2745928346490768, -0.2814073045356762, 0.28619467839760004, 0.2886482669060084, 0.28850066721619466, -0.2826106146175438, -0.19611613513819684], [0.025927967231392818, -0.056912297245418936, -0.09262701305142344, -0.13056236932623577, 0.16834908660487388, -0.20373395231494834, 0.23461817610971078, -0.25912180346316016, 0.275656749463685, -0.2829936665007817, 0.2803204815642911, -0.267281381114539, 0.24400148036901978, -0.2110842509874274, 0.1695957432748728, -0.12101681022056239, 0.06719141025021728, -0.010237862666238244, -0.0475218259425075, 0.10368387081687735, -0.1558137748254338, 0.20160366542595687, 0.23876359940887368, 0.26528420451868095, -0.27647101221965215, -0.19611613513819673], [-0.05173490910304421, 0.11001334603347025, 0.17047142654652714, 0.22437574695203893, -0.26408398688872814, 0.2836418595469229, -0.27934140240448846, 0.2501128089047715, -0.19766477680240366, 0.1263413709658108, -0.042692653612457346, -0.04519499807274588, 0.12855153207558842, -0.19885593750324213, 0.2487668496339797, -0.2729258163970034, 0.2685773453880454, -0.2358918888498152, 0.17801805760159992, -0.10076648147849396, 0.012098997140074197, 0.07873480564299198, 0.1618997764246285, 0.22813806369899933, -0.2664665260782886, -0.1961161351381969], [0.08181938855520733, -0.1659363615189634, -0.23828505484809362, -0.2801726484488621, 0.27942809565661497, -0.23258443302484197, 0.14558253181210448, -0.03271800584016733, -0.08604658517099634, 0.18893032805399215, -0.25660460558499576, 0.27605895261523966, -0.24328004861245758, 0.16421079701814956, -0.05375460145162089, -0.06697800051299066, 0.17469880039041852, -0.24841705959034202, 0.27356437483336704, -0.2448483924144595, 0.16744205221907701, -0.05600737192180587, 0.06776136907010748, 0.17940969057750356, -0.2528660246036114, -0.19611613513819712], [-0.11431686378865784, 0.21732216687894576, 0.27952163384549494, 0.27385689805074914, -0.19528241591759038, 0.06237697767005191, 0.08815758892364743, -0.21266310892199072, 0.274045640264103, -0.2534865205653738, 0.15667090957092777, -0.012493103520512614, -0.1354599599353528, 0.2421159410822184, -0.274746935680458, 0.22316366249171918, -0.1030268198554024, -0.04876081452261474, 0.18531508764260288, -0.2641257072034089, 0.26029847371335135, -0.17427994583644846, -0.03226017783291229, 0.12185361211631757, -0.23591956328494854, -0.19611613513819853], [0.14759765334358602, -0.2578558765213738, -0.2832862214970839, -0.20068836658696312, 0.03728000486609503, 0.14099749646796314, -0.2586322307161642, 0.2644772276131584, -0.15532388647209075, -0.021648640700066665, 0.18898911978882005, -0.2729384108971733, 0.23620305789442217, -0.09481058715219025, -0.08865203156920655, 0.2326561587204346, -0.27297816643575923, 0.19149185998578336, -0.02447457551099109, -0.15327353603755312, 0.2617767907369029, -0.2515292630909285, -0.1262480403117684, 0.058597228322536665, -0.21588935938068413, -0.19611613513819828], [-0.1802124580138803, 0.2825943519387756, 0.24588955312288954, 0.07631596225022033, 0.135101899973819, -0.2670029645386355, 0.24156692620779985, -0.07310564490062196, -0.13864580004589977, 0.2672975833833197, -0.23558400003690672, 0.062310734427399594, 0.14838194610632113, -0.26945650464798654, 0.22769270146986395, -0.0481967679762397, -0.16044625949377603, 0.2717733026002743, -0.21811529118487505, 0.032000306361396315, 0.17329081326758977, -0.2720770432533432, -0.20310556188400206, -0.006980127575167293, -0.19306006729906022, -0.19611613513819748], [0.21083836381942087, -0.2881819622387214, -0.1711710054227865, 0.06798932975044106, -0.2538187113353653, 0.2451593842796324, -0.048038164899159075, -0.18577628697339518, 0.27507225646116007, -0.15024279165200838, -0.09161286703141969, 0.2617410599124303, -0.22706636757960427, 0.014633195379625, 0.20915241944142302, -0.26873482994828846, 0.11726997098226169, 0.12631974230562573, -0.2704777309059098, 0.20170601183605003, 0.025878817411826842, -0.2323720178234976, -0.2538446270226739, -0.0714041414810235, -0.16774169827511293, -0.19611613513819653], [-0.2382964031394333, 0.27309542877858584, 0.06980395397946859, -0.1941564962348573, 0.2708408917091884, -0.0866735366364224, -0.18070566278601474, 0.27198094626668673, -0.09829389725556248, -0.1710492798773315, 0.27299958682216385, -0.107827300480571, -0.16280520923724057, 0.27375137758549095, -0.11621013494928793, -0.15525733875507414, 0.27414674860808824, -0.12363451494817915, -0.14834742878945384, 0.2743215505255191, -0.13023576578124407, -0.14168277088363995, -0.272638757464668, -0.13127685030537986, -0.14026925768349613, -0.1961161351381949], [0.261560409264361, -0.23771473994481632, 0.042599427651199145, 0.2681631004986192, -0.17871841589585044, -0.1202933814764963, 0.2762409823963943, -0.10483283967233994, -0.1905819789074937, 0.25928263585900846, -0.01970311292644913, -0.24309508977445632, 0.21629277797284477, 0.06813625812888931, -0.2712066013147636, 0.15084514528990012, 0.14935235696234053, -0.27115469514061086, 0.06921107154730188, 0.21530818742248845, -0.24238362513407463, -0.02007380309262931, -0.257506379320252, -0.18344845674803603, -0.11100064284365342, -0.19611613513819456], [-0.27978086952170167, 0.18427127335224203, -0.14816554314550023, -0.26970527038335323, 0.014294644704734094, 0.2596920264697018, -0.16778412748512198, -0.1600883591297906, 0.26169479248643995, 0.006059955261024928, -0.26495282310362517, 0.1493300662897899, 0.1772383052386089, -0.2530002889871191, -0.02908476535886186, 0.26988324470073677, -0.12868827551325868, -0.19452351168291657, 0.24215099664588915, 0.05319635843607158, -0.27293882567959504, 0.10590784184517794, -0.2105389397702608, -0.22517853200510826, -0.08031349893915274, -0.19611613513819215], [0.2923010750165894, -0.11662459874027346, 0.22984198054308394, 0.1980907098501833, 0.1559113177892555, -0.25299723773264937, -0.06473074212428899, 0.2754676099766053, -0.03359887823393644, -0.26309864768084357, 0.12710310067801034, 0.21770105747466473, -0.20426445563447926, -0.14509637139601025, 0.25555990041268634, 0.054502569883362745, -0.27471703270902414, 0.04275812797137774, 0.25941199834117695, -0.13430258769609016, -0.2117621118404157, 0.20891809700740102, -0.13764484375118827, -0.2542771695447283, -0.048601401338634026, -0.1961161351381912], [-0.2986743822173551, 0.03991323416354625, -0.2743193893513169, -0.07261822953135309, -0.2627583723418233, 0.10383332049782444, 0.24932665455567482, -0.13338826858020092, -0.2329201910716792, 0.1609602649443387, 0.21347565204200286, -0.1861928526297022, -0.1911686042972422, 0.20877323745838117, 0.16626499135734565, -0.22836047091977937, -0.1390977649039787, 0.24473954334090572, 0.11002341837240348, -0.2574924152174802, -0.07947953327529307, 0.2666631275831921, -0.04783883922764131, -0.26921818879074644, -0.016269589478032864, -0.19611613513819107], [0.2986743822173507, 0.039913234163650904, 0.2743193893513181, -0.07261822953133372, 0.2627583723418257, 0.10383332049785952, -0.24932665455566677, -0.13338826858020975, 0.23292019107167602, 0.16096026494433247, -0.21347565204198585, -0.18619285262971688, 0.19116860429723315, 0.20877323745839196, -0.16626499135733935, -0.22836047091977985, 0.13909776490398326, 0.24473954334090947, -0.110023418372398, -0.25749241521747357, 0.07947953327528982, 0.26666312758318417, 0.04783883922764642, -0.2692181887907447, 0.01626958947808338, -0.1961161351381894], [-0.29230107501657115, -0.11662459874036317, -0.22984198054308172, 0.19809070985015528, -0.1559113177892563, -0.252997237732651, 0.06473074212426466, 0.27546760997659475, 0.033598878233947506, -0.26309864768084257, -0.12710310067803943, 0.21770105747465548, 0.204264455634494, -0.14509637139599804, -0.2555599004126958, 0.05450256988336211, 0.27471703270902925, 0.04275812797138865, -0.25941199834117784, -0.13430258769608247, 0.21176211184041305, 0.20891809700739183, 0.13764484375118724, -0.25427716954473106, 0.04860140133867825, -0.19611613513818407], [0.27978086952166653, 0.18427127335231308, 0.14816554314549582, -0.2697052703833312, -0.014294644704731936, 0.2596920264696769, 0.16778412748514532, -0.1600883591297751, -0.26169479248645267, 0.0060599552610296325, 0.26495282310362916, 0.1493300662898109, -0.1772383052386055, -0.2530002889871319, 0.02908476535885266, 0.2698832447007378, 0.1286882755132581, -0.19452351168290655, -0.24215099664589626, 0.05319635843607538, 0.2729388256795946, 0.10590784184516996, 0.21053893977025642, -0.22517853200511745, 0.08031349893918921, -0.19611613513817705], [-0.2615604092643142, -0.23771473994486725, -0.04259942765119124, 0.26816310049861497, 0.17871841589585502, -0.12029338147646668, -0.276240982396409, -0.10483283967233704, 0.19058197890750628, 0.25928263585899947, 0.01970311292646314, -0.24309508977445307, -0.21629277797285051, 0.06813625812887712, 0.2712066013147631, 0.1508451452899003, -0.14935235696234184, -0.27115469514060864, -0.06921107154731283, 0.21530818742248806, 0.24238362513408016, -0.020073803092635324, 0.25750637932024784, -0.18344845674804763, 0.11100064284368666, -0.19611613513817255], [0.2382964031393797, 0.2730954287786191, -0.06980395397948336, -0.19415649623487316, -0.2708408917092021, -0.08667353663644235, 0.1807056627860115, 0.2719809462666676, 0.09829389725555945, -0.17104927987733193, -0.2729995868221648, -0.10782730048058392, 0.16280520923723193, 0.2737513775854922, 0.1162101349492993, -0.15525733875507156, -0.2741467486080905, -0.12363451494818667, 0.1483474287894505, 0.27432155052551366, 0.13023576578124632, -0.14168277088364614, 0.27263875746466176, -0.1312768503053937, 0.1402692576835265, -0.19611613513817025], [-0.21083836381935972, -0.2881819622387325, 0.1711710054228058, 0.06798932975046965, 0.25381871133538053, 0.2451593842796352, 0.04803816489918326, -0.18577628697337734, -0.2750722564611744, -0.1502427916520003, 0.09161286703140861, 0.26174105991242896, 0.22706636757960777, 0.014633195379639124, -0.20915241944141402, -0.2687348299482881, -0.11726997098226861, 0.12631974230561285, 0.27047773090592137, 0.2017060118360498, -0.025878817411827404, -0.2323720178235086, 0.25384462702267097, -0.07140414148103658, 0.16774169827514185, -0.19611613513816822], [0.18021245801381447, 0.28259435193877025, -0.2458895531229165, 0.07631596225018722, -0.13510189997383384, -0.2670029645386246, -0.24156692620782866, -0.07310564490061949, 0.138645800045916, 0.26729758338331167, 0.23558400003690982, 0.06231073442741311, -0.14838194610631267, -0.2694565046479852, -0.22769270146987006, -0.04819676797624112, 0.16044625949377184, 0.27177330260026333, 0.21811529118489273, 0.03200030636140204, -0.173290813267591, -0.2720770432533541, 0.2031055618840007, -0.006980127575177003, 0.19306006729909023, -0.19611613513816809], [-0.14759765334353048, -0.2578558765213688, 0.28328622149712473, -0.200688366586937, -0.03728000486608213, 0.1409974964679531, 0.2586322307161866, 0.26447722761314496, 0.15532388647209125, -0.021648640700074804, -0.18898911978881755, -0.27293841089718146, -0.23620305789442853, -0.09481058715219826, 0.0886520315692052, 0.2326561587204392, 0.27297816643575773, 0.19149185998577614, 0.02447457551099781, -0.15327353603754576, -0.2617767907369044, -0.2515292630909376, 0.1262480403117704, 0.05859722832252942, 0.21588935938071435, -0.19611613513816792], [0.1143168637886184, 0.21732216687895042, -0.2795216338455508, 0.2738568980507365, 0.19528241591757853, 0.06237697767004915, -0.08815758892365087, -0.21266310892198012, -0.2740456402641179, -0.25348652056535326, -0.1566709095709222, -0.012493103520519603, 0.13545995993534202, 0.2421159410822094, 0.2747469356804604, 0.22316366249172445, 0.10302681985540611, -0.048760814522608845, -0.1853150876426068, -0.2641257072034001, -0.2602984737133526, -0.17427994583645556, 0.032260177832919075, 0.12185361211631317, 0.23591956328497898, -0.1961161351381677], [-0.08181938855518095, -0.16593636151897076, 0.2382850548481464, -0.2801726484488533, -0.2794280956565981, -0.23258443302482237, -0.14558253181212336, -0.0327180058401724, 0.08604658517099875, 0.18893032805397744, 0.25660460558498477, 0.27605895261524577, 0.24328004861246133, 0.1642107970181565, 0.0537546014516293, -0.06697800051298618, -0.17469880039041186, -0.24841705959032873, -0.2735643748333793, -0.24484839241445439, -0.16744205221908007, -0.05600737192181302, -0.06776136907009446, 0.1794096905775028, 0.25286602460364416, -0.19611613513816825], [0.05173490910302702, 0.11001334603347461, -0.17047142654656428, 0.22437574695203047, 0.26408398688870827, 0.2836418595468934, 0.27934140240451555, 0.2501128089047692, 0.19766477680242223, 0.1263413709658073, 0.04269265361246254, -0.04519499807273764, -0.12855153207557904, -0.19885593750323477, -0.24876684963398166, -0.27292581639700947, -0.2685773453880453, -0.23589188884980766, -0.17801805760161138, -0.10076648147849297, -0.012098997140076258, 0.07873480564298764, -0.1618997764246116, 0.2281380636990023, 0.2664665260783219, -0.196116135138169], [-0.02592796723138406, -0.05691229724542076, 0.09262701305144272, -0.13056236932622933, -0.1683490866048582, -0.20373395231492342, -0.23461817610973004, -0.25912180346315533, -0.2756567494637083, -0.2829936665007655, -0.2803204815642807, -0.2672813811145444, -0.24400148036902145, -0.21108425098743006, -0.16959574327487908, -0.12101681022056837, -0.06719141025022207, -0.010237862666241989, 0.04752182594250755, 0.10368387081687531, 0.15581377482543352, 0.20160366542595518, -0.23876359940885364, 0.2652842045186873, 0.2764710122196857, -0.19611613513817006], [0.007169770470208448, 0.016016035063973633, -0.026768535879831315, 0.03911163315936598, 0.052791959768328234, 0.06758444079187649, 0.08327546094913463, 0.09965572472044662, 0.11651611691799199, 0.1336474085089059, 0.15083899960174504, 0.16788126577018223, 0.184564500104855, 0.20068313402121324, 0.21603325969255394, 0.2304192536437888, 0.24364754260256694, 0.25553777119673005, 0.26590719363395027, 0.2745928346490747, 0.2814073045356784, 0.28619467839760043, -0.28864826690598566, 0.288500667216202, 0.2826106146175787, -0.1961161351381699]]

