[phonon]
partialpos = [0.0e+00 5.0e-06 1.0e-05 1.5e-05]
z_freqcal = [2046051.9626693907, 2093949.8473722234, 2147482.08079028, 2179999.9999999995]
z_modes = [[-0.25490142421265394, 0.49999999999999944, 0.6595644501747807, -0.5000000000000004], [0.6595644501747815, -0.49999999999999944, 0.25490142421265394, -0.499999999999999], [-0.65956445017478, -0.5000000000000021, -0.2549014242126527, -0.4999999999999995], [0.25490142421265305, 0.4999999999999987, -0.6595644501747807, -0.5000000000000012]]

