[shined]
shined = [2, 7]

[amplitude]
pulse_type = AM
shape = rectangular
mu = 2097272.6542052864
delta_t = 1.4999999999999999e-05
segnum = 38
amp_list0 = [0.3243744567903264, -0.7206828621627633, 0.49438924515618377, 0.44237910630227173, -0.6427906730355609, -0.3417368981744935, 0.7452402871068434, 0.3311468849902069, -0.818637546824342, -0.3717341902611634, 0.871557418114035, 0.4416035295368332, -0.901596010004952, -0.5394886065445039, 0.8997637722906647, 0.6472267593266221, -0.8509290143576415, -0.7223552332783851, 0.8219111197268487, 0.8432894212693685, -0.6953058980849314, -0.8704358199105166, 0.6256574077055974, 0.9171094735824427, -0.5116798961132966, -0.9137736534199974, 0.4181500920728029, 0.8819068861487892, -0.348808778389005, -0.8277004661031991, 0.3099484654401666, 0.749116652451185, -0.3232642437258325, -0.6551261288020898, 0.42688926010360945, 0.5038261435403576, -0.7197018147801068, 0.3167344038204862]
amp_list1 = [0.3243744567903264, -0.7206828621627633, 0.49438924515618377, 0.44237910630227173, -0.6427906730355609, -0.3417368981744935, 0.7452402871068434, 0.3311468849902069, -0.818637546824342, -0.3717341902611634, 0.871557418114035, 0.4416035295368332, -0.901596010004952, -0.5394886065445039, 0.8997637722906647, 0.6472267593266221, -0.8509290143576415, -0.7223552332783851, 0.8219111197268487, 0.8432894212693685, -0.6953058980849314, -0.8704358199105166, 0.6256574077055974, 0.9171094735824427, -0.5116798961132966, -0.9137736534199974, 0.4181500920728029, 0.8819068861487892, -0.348808778389005, -0.8277004661031991, 0.3099484654401666, 0.749116652451185, -0.3232642437258325, -0.6551261288020898, 0.42688926010360945, 0.5038261435403576, -0.7197018147801068, 0.3167344038204862]

