[shined]
shined = [4, 13]

[amplitude]
pulse_type = AM
shape = rectangular
mu = 2089327.8681182344
delta_t = 1.4999999999999999e-05
segnum = 66
amp_list0 = [0.22033733377180825, -0.6182580136519578, 0.8713718709742546, -0.30117740224688583, -0.39446697752927457, 0.46911576345416495, 0.3271107404299894, -0.33934596307142445, -0.1864780776715852, 0.4042805376094957, 0.33938503355070004, -0.1849252300468507, -0.26745663866666847, 0.2248746659643471, 0.5593429396164384, 0.43592045996180057, 0.22671018321206293, 0.15816216805680522, 0.3371860096707869, 0.3226084186476325, 0.47812072012971735, 0.3448163788059366, 0.3281818627758704, 0.07935731437878468, 0.12725015089136002, 0.14584066835248694, 0.14041458705159784, -0.038335724207633426, -0.08288211891495532, 0.05616817654779836, 0.16556601863100764, 0.05019223124432846, -0.10605798202175246, -0.04400842829777459, 0.13594112997140678, 0.13243064484652184, -0.0470251778444594, -0.08933008035368395, 0.09375765821433486, 0.2001037262981088, 0.05639364878670707, -0.08817166634443684, 0.04956473600918662, 0.20873704471986101, 0.17501711797157973, -0.053804910883642185, 0.010631705726788851, 0.104818645589531, 0.2890069980804624, 0.23772049735111322, -0.5302830991895793, 0.3188462859658216, 0.6564219651462107, -0.34085136923909765, -0.27175939316225767, 0.40314432508295933, 0.5023995146150178, -0.4477713554944546, -0.0860713711919536, 0.2817507236629376, 0.5737445957246495, -0.9001200472476196, 0.46610272315646345, 0.2485143580006157, -0.3343767905089028, 0.1571336003550522]
amp_list1 = [0.22033733377180825, -0.6182580136519578, 0.8713718709742546, -0.30117740224688583, -0.39446697752927457, 0.46911576345416495, 0.3271107404299894, -0.33934596307142445, -0.1864780776715852, 0.4042805376094957, 0.33938503355070004, -0.1849252300468507, -0.26745663866666847, 0.2248746659643471, 0.5593429396164384, 0.43592045996180057, 0.22671018321206293, 0.15816216805680522, 0.3371860096707869, 0.3226084186476325, 0.47812072012971735, 0.3448163788059366, 0.3281818627758704, 0.07935731437878468, 0.12725015089136002, 0.14584066835248694, 0.14041458705159784, -0.038335724207633426, -0.08288211891495532, 0.05616817654779836, 0.16556601863100764, 0.05019223124432846, -0.10605798202175246, -0.04400842829777459, 0.13594112997140678, 0.13243064484652184, -0.0470251778444594, -0.08933008035368395, 0.09375765821433486, 0.2001037262981088, 0.05639364878670707, -0.08817166634443684, 0.04956473600918662, 0.20873704471986101, 0.17501711797157973, -0.053804910883642185, 0.010631705726788851, 0.104818645589531, 0.2890069980804624, 0.23772049735111322, -0.5302830991895793, 0.3188462859658216, 0.6564219651462107, -0.34085136923909765, -0.27175939316225767, 0.40314432508295933, 0.5023995146150178, -0.4477713554944546, -0.0860713711919536, 0.2817507236629376, 0.5737445957246495, -0.9001200472476196, 0.46610272315646345, 0.2485143580006157, -0.3343767905089028, 0.1571336003550522]

