[result]
infid = 6.761977760638693e-05
tracedist = 0.009038782885601948
infid_ideal = 0.5554576853005527
bound_eq26 = 0.909891280854327

