[shined]
shined = [1, 2]

[amplitude]
pulse_type = AM
shape = rectangular
mu = 2120715.9640812515
delta_t = 1.4999999999999999e-05
segnum = 19
amp_list0 = [0.42868677750356593, 0.13626947667640416, 0.12234024418619142, 0.4668311413728731, 0.47508475034797326, 0.44628007422598887, 0.3952634844992541, 0.4989126390335632, 0.499877032015963, 0.499968949035944, 0.49937556847423686, 0.4970608935681447, 0.39868297211995224, 0.4427873251937427, 0.47692836535546507, 0.46791186777333327, 0.11934018777071043, 0.14070380645688116, 0.4271052171645134]
amp_list1 = [0.42868677750356593, 0.13626947667640416, 0.12234024418619142, 0.4668311413728731, 0.47508475034797326, 0.44628007422598887, 0.3952634844992541, 0.4989126390335632, 0.499877032015963, 0.499968949035944, 0.49937556847423686, 0.4970608935681447, 0.39868297211995224, 0.4427873251937427, 0.47692836535546507, 0.46791186777333327, 0.11934018777071043, 0.14070380645688116, 0.4271052171645134]

