[shined]
shined = [1, 2]

[amplitude]
pulse_type = AM
shape = rectangular
mu = 2120715.9640812515
delta_t = 1.4999999999999999e-05
segnum = 12
amp_list0 = [0.21924576431533352, -0.6597446764745364, 0.6943005559180685, 0.12979307726205966, -0.9344027072566711, 0.5420493809425913, 0.6002005706779027, -0.883793692823931, 0.04234867656632134, 0.7059538759627424, -0.6091845955252803, 0.18544872405837895]
amp_list1 = [0.21924576431533352, -0.6597446764745364, 0.6943005559180685, 0.12979307726205966, -0.9344027072566711, 0.5420493809425913, 0.6002005706779027, -0.883793692823931, 0.04234867656632134, 0.7059538759627424, -0.6091845955252803, 0.18544872405837895]

