[result]
infid = 0.020865416398572978
tracedist = 0.04423568376922856
infid_ideal = 7.613942125894724e-06
bound_eq26 = 0.0884558623945109

