[phonon]
partialpos = [0.0e+00 5.0e-06 1.0e-05 1.5e-05 2.0e-05 2.5e-05 3.0e-05 3.5e-05 4.0e-05
	 4.5e-05 5.0e-05 5.5e-05 6.0e-05]
z_freqcal = [2019414.5626200037, 2025589.6827805543, 2034612.932497068, 2046229.426762563, 2060120.0121589298, 2075893.6986075903, 2093078.7020304557, 2111107.062858998, 2129288.1969769234, 2146756.627762081, 2162372.804093032, 2174447.252380242, 2179999.9999999995]
z_modes = [[-0.028096864808601244, -0.062450839762269575, 0.10330578989565463, -0.14842260486799708, 0.19559832648838524, 0.24260798510355708, 0.2872611845563184, 0.32738703888011994, -0.3609882556700159, 0.38600078069841615, 0.40065594820176403, -0.39878955931004106, -0.27735009811260625], [0.099008525984299, 0.20514700893465224, -0.3041284577847004, 0.37396394001680583, -0.39783235995870986, -0.36686080438664187, -0.2817184154258506, -0.15281660853671486, -0.0013636316135386128, 0.15683563340413284, 0.28834424619419075, -0.36814194918145565, -0.27735009811260636], [-0.18854571188512045, -0.341742864658386, 0.40176463382774874, -0.32951361870119933, 0.14072049150376617, -0.09921116820040238, -0.30044923043518684, -0.38474597258332066, 0.3173422297362023, -0.12276614728401304, 0.12383266547969286, -0.3188867248911372, -0.2773500981126049], [0.27816678957622937, 0.40451345246351195, -0.28899473584784474, -0.012646069354548085, 0.3026446830337466, 0.38143329931787057, 0.1929088711550793, -0.13102042756911178, 0.36034829235458804, -0.3303069222251011, -0.05936054551814984, -0.2538672223175227, -0.27735009811260625], [-0.3535624527139322, -0.3593428342620971, 0.010785427409515266, 0.3411784554807281, -0.3228877413192801, 0.045495399881250884, 0.36272359325799075, 0.28168493922560467, 0.10811510942023539, -0.3767311214068481, -0.22458943469855464, -0.17642963114773774, -0.27735009811261074], [0.40354092713194534, 0.21087438448946327, 0.2734759204229841, -0.3361247022570735, -0.11219098988636511, -0.3862000344824038, -0.06775906623147165, 0.35344389948423444, -0.23099391559822083, -0.24557168763864068, -0.33897826750924565, -0.09040834039106135, -0.27735009811261635], [-0.4210224265696449, -7.643950576674552e-15, -0.3924171558467089, 6.201202745748091e-15, 0.38789518027691394, -1.786331499387117e-15, -0.3859338737537479, 5.904890292007803e-15, -0.3849196572584732, -5.95075204390394e-15, -0.37980922429937947, -1.1011590944631777e-14, -0.2773500981126158], [0.40354092713196704, -0.21087438448944856, 0.2734759204229664, 0.33612470225707003, -0.11219098988635876, 0.38620003448240914, -0.06775906623147868, -0.353443899484236, -0.23099391559822088, 0.24557168763863735, -0.3389782675092412, 0.09040834039104441, -0.27735009811261846], [-0.3535624527139668, 0.3593428342620732, 0.010785427409537375, -0.3411784554807262, -0.32288774131927583, -0.04549539988124055, 0.3627235932579768, -0.2816849392256184, 0.10811510942022506, 0.3767311214068509, -0.22458943469855497, 0.17642963114772145, -0.27735009811261924], [0.2781667895762552, -0.40451345246347364, -0.28899473584786395, 0.012646069354542256, 0.30264468303373904, -0.3814332993178824, 0.19290887115508412, 0.13102042756910387, 0.3603482923545777, 0.33030692222510893, -0.05936054551815172, 0.2538672223175104, -0.2773500981126209], [-0.18854571188513888, 0.3417428646583493, 0.40176463382776023, 0.3295136187012055, 0.14072049150376115, 0.09921116820040402, -0.30044923043517985, 0.3847459725833318, 0.317342229736198, 0.12276614728401711, 0.12383266547969224, 0.31888672489112635, -0.2773500981126216], [0.09900852598431055, -0.2051470089346332, -0.3041284577847114, -0.3739639400168153, -0.3978323599586988, 0.36686080438664675, -0.28171841542584275, 0.1528166085367196, -0.0013636316135391532, -0.15683563340413625, 0.28834424619418914, 0.3681419491814428, -0.27735009811262124], [-0.028096864808606167, 0.06245083976226534, 0.10330578989565921, 0.14842260486800135, 0.19559832648838, -0.24260798510355974, 0.2872611845563099, -0.3273870388801273, -0.3609882556700101, -0.3860007806984249, 0.4006559482017621, 0.398789559310027, -0.2773500981126212]]

