[shined]
shined = [0, 1]

[amplitude]
pulse_type = AM
shape = rectangular
mu = 2107516.761817944
delta_t = 1.4999999999999999e-05
segnum = 47
amp_list0 = [-0.17381597955486186, 0.1985328986599267, 0.13043532876986869, -0.19828896101391447, -0.19521251147011437, -0.016086351834313915, 0.19540684578025427, 0.18396647061345056, -0.11785180881416099, -0.19882024799980044, -0.05104838309904532, 0.19941154638859684, 0.03352554901957478, -0.19703997915381433, -0.14222312836908024, 0.17526798138879524, 0.1973134684428536, -0.14706635100782692, -0.19527901888757615, 0.11879140597254759, 0.199027693177194, 0.19935981531648123, -0.11922533425235239, -0.19784691607288094, -0.19146384051569798, 0.19726969089494784, 0.19619600484667066, 0.19575752278692982, -0.10752920594701078, -0.18845497717827173, 0.18256520693070835, 0.19323892448175628, 0.0611306839154441, -0.19675360694032865, 0.03008309511455108, 0.1967348510051352, 0.16728951223568808, -0.19744337523325964, -0.15308709229010414, 0.1962502546676082, 0.1966853272009924, 0.12958944473778453, -0.19976490817453862, -0.19970018122149194, 0.15475310227870864, 0.19866669323668637, -0.07160789404828831]
amp_list1 = [-0.17381597955486186, 0.1985328986599267, 0.13043532876986869, -0.19828896101391447, -0.19521251147011437, -0.016086351834313915, 0.19540684578025427, 0.18396647061345056, -0.11785180881416099, -0.19882024799980044, -0.05104838309904532, 0.19941154638859684, 0.03352554901957478, -0.19703997915381433, -0.14222312836908024, 0.17526798138879524, 0.1973134684428536, -0.14706635100782692, -0.19527901888757615, 0.11879140597254759, 0.199027693177194, 0.19935981531648123, -0.11922533425235239, -0.19784691607288094, -0.19146384051569798, 0.19726969089494784, 0.19619600484667066, 0.19575752278692982, -0.10752920594701078, -0.18845497717827173, 0.18256520693070835, 0.19323892448175628, 0.0611306839154441, -0.19675360694032865, 0.03008309511455108, 0.1967348510051352, 0.16728951223568808, -0.19744337523325964, -0.15308709229010414, 0.1962502546676082, 0.1966853272009924, 0.12958944473778453, -0.19976490817453862, -0.19970018122149194, 0.15475310227870864, 0.19866669323668637, -0.07160789404828831]

