[phonon]
partialpos = [0.0e+00 5.0e-06 1.0e-05 1.5e-05 2.0e-05 2.5e-05]
z_freqcal = [2030581.9713717622, 2055906.286798394, 2089671.49832303, 2127271.845950871, 2161668.968463606, 2180000.0]
z_modes = [[0.1235025124697026, 0.26231938146549655, -0.401652676964049, 0.514316901764753, 0.5687022564587615, -0.40824829046385774], [-0.38498355983287275, -0.5765711932567329, 0.4418527185670991, -0.02998320262823506, 0.39566884354630866, -0.40824829046385597], [0.5801161849768353, 0.3142518117912296, 0.37873645478415857, -0.48433369913651797, 0.14150586470337484, -0.4082482904638625], [-0.5801161849768389, 0.3142518117912337, -0.37873645478415546, -0.48433369913651464, -0.14150586470336124, -0.4082482904638639], [0.3849835598328721, -0.576571193256725, -0.44185271856710573, -0.02998320262823611, -0.3956688435463015, -0.40824829046386824], [-0.12350251246970337, 0.2623193814654941, 0.4016526769640551, 0.514316901764749, -0.5687022564587526, -0.40824829046387007]]

