[shined]
shined = [2, 5]

[amplitude]
pulse_type = AM
shape = rectangular
mu = 2101588.9655833
delta_t = 1.4999999999999999e-05
segnum = 29
amp_list0 = [0.19393168832196123, -0.14772254705120236, 0.2495695488115628, 0.14336975632119245, 0.06997545341009422, 0.26177935198566676, 0.11101988944314482, 0.17799543818632577, 0.2703681487633783, 0.1057844490583522, 0.08988266691848108, 0.15791063601244615, 0.11714765197519515, 0.07037187933278902, 0.024522333711138055, 0.06946385622948364, 0.11579809311419394, 0.15898419001147363, 0.09227026592288369, 0.10288624179082563, 0.269276210025636, 0.17788948816726044, 0.11871291141089653, 0.25072560120597176, 0.07573419471715614, 0.14433977838864043, 0.24783562806435377, -0.14756421217656707, 0.19461991575486728]
amp_list1 = [0.19393168832196123, -0.14772254705120236, 0.2495695488115628, 0.14336975632119245, 0.06997545341009422, 0.26177935198566676, 0.11101988944314482, 0.17799543818632577, 0.2703681487633783, 0.1057844490583522, 0.08988266691848108, 0.15791063601244615, 0.11714765197519515, 0.07037187933278902, 0.024522333711138055, 0.06946385622948364, 0.11579809311419394, 0.15898419001147363, 0.09227026592288369, 0.10288624179082563, 0.269276210025636, 0.17788948816726044, 0.11871291141089653, 0.25072560120597176, 0.07573419471715614, 0.14433977838864043, 0.24783562806435377, -0.14756421217656707, 0.19461991575486728]

