[phonon]
partialpos = [0.0e+00 5.0e-06 1.0e-05 1.5e-05 2.0e-05 2.5e-05 3.0e-05 3.5e-05]
z_freqcal = [2024545.114912152, 2039825.143594006, 2061259.8360752515, 2087298.8097989608, 2115879.12136764, 2144204.9059421225, 2168089.415010159, 2179999.9999999995]
z_modes = [[-0.07189136103769675, -0.15682750273502272, -0.2511711415168635, 0.34399251482754045, -0.4241984306852577, 0.48174088899378603, 0.5017971515278127, -0.3535533905932718], [0.23972116223421916, 0.4328800228192168, 0.5031876814112348, -0.39971340483196804, 0.14622342942289632, 0.16686545430875105, 0.4098226815842097, -0.3535533905932717], [-0.41199369908503475, -0.491521325996002, -0.16178175966710398, -0.30406268988658436, 0.48216221229069334, -0.20236765233126586, 0.26759569352324575, -0.3535533905932766], [0.5173263848862159, 0.2154688059118224, -0.39691545344585355, 0.3597835798910101, 0.2572819487078587, -0.446238690971264, 0.0929383300125039, -0.35355339059327473], [-0.5173263848862187, 0.2154688059117907, 0.3969154534458611, 0.3597835798910158, -0.25728194870786425, -0.4462386909712642, -0.09293833001249865, -0.35355339059327334], [0.4119936990850495, -0.49152132599599757, 0.1617817596670881, -0.30406268988658464, -0.4821622122906939, -0.20236765233126358, -0.26759569352324275, -0.35355339059327434], [-0.23972116223423484, 0.43288002281922655, -0.503187681411216, -0.39971340483196954, -0.14622342942289818, 0.1668654543087478, -0.40982268158421203, -0.35355339059327423], [0.07189136103770276, -0.1568275027350288, 0.25117114151685743, 0.3439925148275429, 0.4241984306852605, 0.4817408889937787, -0.501797151527815, -0.3535533905932737]]

