[result]
infid = 0.014339527037733779
tracedist = 0.029450336741139064
infid_ideal = -3.650291039214437e-06
bound_eq26 = 0.0583471735285017

