[shined]
shined = [2, 7]

[amplitude]
pulse_type = AM
shape = rectangular
mu = 2085419.1948859717
delta_t = 1.4999999999999999e-05
segnum = 38
amp_list0 = [0.2629402011385764, -0.6515227868374452, 0.516193544894728, 0.3324313687597884, -0.6583275271667889, -0.13564417581552105, 0.7323530813335978, -0.006097241029533304, -0.7567012054885563, 0.14060182047662179, 0.7584301358514765, -0.27282738401209244, -0.7546085114837976, 0.38213874062494985, 0.7206777554458728, -0.5004046095995776, -0.6992808906265419, 0.5783831821142534, 0.6463840175270567, -0.6463840488749113, -0.5783831538850497, 0.6992809122902612, 0.5004045816503643, -0.7206777851845684, -0.38213869531220573, 0.7546085075587646, 0.27282737901310633, -0.7584301813011376, -0.1406017271732695, 0.7567011704164243, 0.006097222047489669, -0.7323530857033852, 0.13564421542460767, 0.6583275089928098, -0.3324314015161153, -0.5161935438919708, 0.6515228081073751, -0.2629402241189504]
amp_list1 = [0.2629402011385764, -0.6515227868374452, 0.516193544894728, 0.3324313687597884, -0.6583275271667889, -0.13564417581552105, 0.7323530813335978, -0.006097241029533304, -0.7567012054885563, 0.14060182047662179, 0.7584301358514765, -0.27282738401209244, -0.7546085114837976, 0.38213874062494985, 0.7206777554458728, -0.5004046095995776, -0.6992808906265419, 0.5783831821142534, 0.6463840175270567, -0.6463840488749113, -0.5783831538850497, 0.6992809122902612, 0.5004045816503643, -0.7206777851845684, -0.38213869531220573, 0.7546085075587646, 0.27282737901310633, -0.7584301813011376, -0.1406017271732695, 0.7567011704164243, 0.006097222047489669, -0.7323530857033852, 0.13564421542460767, 0.6583275089928098, -0.3324314015161153, -0.5161935438919708, 0.6515228081073751, -0.2629402241189504]

