[phonon]
partialpos = [0.0e+00 5.0e-06 1.0e-05 1.5e-05 2.0e-05 2.5e-05 3.0e-05 3.5e-05 4.0e-05
	 4.5e-05 5.0e-05]
z_freqcal = [2020684.1741272595, 2029164.0577308426, 2041430.20721919, 2057008.0803633505, 2075295.6642991034, 2095542.72547284, 2116818.1836257693, 2137943.30892987, 2157358.7889790856, 2172748.168836637, 2179999.9999999995]
z_modes = [[0.03891829192721616, 0.08615297061260357, 0.14149096754821375, -0.20108584414799482, -0.261082557907121, 0.3175946583309644, -0.36692867892046627, 0.4054014051578765, -0.4298323211311707, 0.43234879742352855, -0.30151134457774986], [-0.13530046243403926, -0.27145617467705513, -0.381305872309762, 0.4308442888651742, 0.4002489041761976, -0.28883514339227173, 0.11555542572472763, 0.08445270103255283, -0.2680266479092553, 0.3874619274352475, -0.30151134457774853], [0.251375087543486, 0.4157350070382964, 0.4061743130715393, -0.20474860857175314, 0.09727767077227287, -0.34688327703727373, 0.4118689964197012, -0.2551170357984772, -0.04271868925461508, 0.3159583855004966, -0.3015113445777517], [-0.35714659667217136, -0.42039935046219506, -0.1280764004028659, -0.27362262981719865, -0.41615893691946354, 0.16529270159889137, 0.2409439221109502, -0.4138564370349868, 0.1840962217322586, 0.2231506551765725, -0.301511344577759], [0.4303994924672914, 0.2632831193566272, -0.25078329191092963, 0.39641688381727885, -0.030138790991148783, 0.40994903079678835, -0.1926056144019572, -0.30357139119887955, 0.35064177881643527, 0.11542034431069388, -0.30151134457776496], [-0.4564916256635657, -1.316075627655598e-14, 0.42500056800761216, 1.1355148738028408e-15, 0.4197074217385323, 1.6473817689115276e-15, -0.4176681018658852, -1.694344926306202e-15, 0.4116793154926435, 1.436059324877034e-14, -0.3015113445777669], [0.43039949246729564, -0.2632831193566094, -0.2507832919109379, -0.39641688381728074, -0.030138790991146813, -0.40994903079678974, -0.19260561440196408, 0.30357139119887994, 0.35064177881643516, -0.11542034431066787, -0.301511344577769], [-0.3571465966721829, 0.4203993504621957, -0.12807640040285562, 0.2736226298171955, -0.4161589369194616, -0.1652927015988969, 0.2409439221109415, 0.4138564370349903, 0.18409622173226117, -0.22315065517655133, -0.30151134457777046], [0.25137508754349513, -0.4157350070383038, 0.4061743130715272, 0.2047486085717567, 0.0972776707722645, 0.3468832770372666, 0.41186899641969793, 0.2551170357984856, -0.04271868925460682, -0.3159583855004815, -0.3015113445777718], [-0.13530046243404376, 0.27145617467705985, -0.38130587230974977, -0.43084428886517295, 0.4002489041762011, 0.288835143392275, 0.11555542572472967, -0.08445270103255227, -0.26802664790924685, -0.3874619274352368, -0.3015113445777729], [0.038918291927217685, -0.08615297061260559, 0.14149096754820967, 0.20108584414799405, -0.26108255790712137, -0.3175946583309635, -0.366928678920465, -0.4054014051578843, -0.42983232113116004, -0.4323487974235177, -0.30151134457777456]]

