[shined]
shined = [1, 4]

[amplitude]
pulse_type = AM
shape = rectangular
mu = 2108471.6721369503
delta_t = 1.4999999999999999e-05
segnum = 22
amp_list0 = [-0.4247153908801519, 0.7818864935981544, -0.25704844662613335, -0.7524826580522233, 0.47381490897414913, 0.7545341494267236, -0.6163536756493405, -0.7774704729931678, 0.6892833915937797, 0.7615142489549291, -0.7770331143112762, -0.8123459448933589, 0.7316630678935366, 0.7157859282716014, -0.75278871064658, -0.6470963560381351, 0.7332948271953237, 0.5014269549794872, -0.7365534923284176, -0.2775399475270371, 0.784399243381439, -0.41076496442054283]
amp_list1 = [-0.4247153908801519, 0.7818864935981544, -0.25704844662613335, -0.7524826580522233, 0.47381490897414913, 0.7545341494267236, -0.6163536756493405, -0.7774704729931678, 0.6892833915937797, 0.7615142489549291, -0.7770331143112762, -0.8123459448933589, 0.7316630678935366, 0.7157859282716014, -0.75278871064658, -0.6470963560381351, 0.7332948271953237, 0.5014269549794872, -0.7365534923284176, -0.2775399475270371, 0.784399243381439, -0.41076496442054283]

