[result]
infid = 0.015205929137467322
tracedist = 0.030388137701604753
infid_ideal = -1.47214085397529e-05
bound_eq26 = 0.0621783781851432

