[shined]
shined = [1, 3]

[amplitude]
pulse_type = AM
shape = rectangular
mu = 2092083.5354434014
delta_t = 1.4999999999999999e-05
segnum = 18
amp_list0 = [0.5523287351576116, -0.7921191168714883, -0.030226511127099658, 0.8814485970194851, -0.22456117569535336, -0.864186769844701, 0.4509412735764155, 0.8018980200212916, -0.5615953994247774, -0.5583120119293439, 0.7993964932324974, 0.4509884499500262, -0.8505930239431998, -0.23365616794113458, 0.875292221946655, -0.021872771137196483, -0.7924431708556762, 0.5427562170123117]
amp_list1 = [0.5523287351576116, -0.7921191168714883, -0.030226511127099658, 0.8814485970194851, -0.22456117569535336, -0.864186769844701, 0.4509412735764155, 0.8018980200212916, -0.5615953994247774, -0.5583120119293439, 0.7993964932324974, 0.4509884499500262, -0.8505930239431998, -0.23365616794113458, 0.875292221946655, -0.021872771137196483, -0.7924431708556762, 0.5427562170123117]

