python script
[[-0.03891829192721624, -0.08615297061260054, -0.141490967548214, 0.20108584414799585, 0.26108255790712487, 0.3175946583309648, -0.366928678920468, 0.4054014051578805, 0.4298323211311634, -0.432348797423521, -0.3015113445777602], [0.13530046243403954, 0.27145617467704497, 0.38130587230975843, -0.4308442888651752, -0.40024890417620207, -0.2888351433922713, 0.11555542572472678, 0.0844527010325561, 0.26802664790925157, -0.3874619274352459, -0.3015113445777618], [-0.2513750875434917, -0.4157350070382891, -0.4061743130715371, 0.2047486085717647, -0.09727767077226564, -0.34688327703726823, 0.4118689964197019, -0.2551170357984804, 0.042718689254608554, -0.315958385500493, -0.3015113445777636], [0.35714659667218485, 0.4203993504621972, 0.12807640040286541, 0.2736226298171831, 0.4161589369194627, 0.16529270159889622, 0.2409439221109436, -0.41385643703498654, -0.18409622173226298, -0.22315065517656454, -0.3015113445777629], [-0.4303994924673013, -0.2632831193566244, 0.2507832919109347, -0.39641688381727236, 0.03013879099114943, 0.409949030796786, -0.19260561440196172, -0.3035713911988785, -0.35064177881643693, -0.11542034431068367, -0.3015113445777623], [0.45649162566356377, -3.424690022417818e-15, -0.42500056800761077, -2.177741153767921e-15, -0.41970742173853587, 3.2827655421799902e-15, -0.4176681018658883, -4.75640725892158e-15, -0.4116793154926451, -4.527446811940761e-15, -0.30151134457776074], [-0.43039949246728904, 0.26328311935663273, 0.25078329191092835, 0.3964168838172776, 0.0301387909911505, -0.4099490307967897, -0.19260561440196194, 0.3035713911988782, -0.35064177881643716, 0.11542034431068017, -0.30151134457776485], [0.35714659667217585, -0.4203993504622085, 0.12807640040286394, -0.2736226298171874, 0.41615893691945577, -0.16529270159889753, 0.2409439221109404, 0.4138564370349882, -0.18409622173226384, 0.22315065517656107, -0.30151134457776557], [-0.2513750875434829, 0.4157350070382987, -0.4061743130715329, -0.2047486085717691, -0.09727767077226468, 0.3468832770372698, 0.4118689964196977, 0.2551170357984832, 0.04271868925460591, 0.3159583855004882, -0.30151134457776546], [0.1353004624340338, -0.27145617467704874, 0.38130587230975144, 0.4308442888651823, -0.40024890417619885, 0.2888351433922755, 0.11555542572472749, -0.08445270103255455, 0.2680266479092485, 0.3874619274352413, -0.301511344577766], [-0.038918291927213834, 0.08615297061260115, -0.1414909675482112, -0.20108584414799854, 0.2610825579071206, -0.31759465833096523, -0.36692867892046455, -0.40540140515788337, 0.42983232113116215, 0.4323487974235189, -0.3015113445777661]]
----- N 11 segNum 36 -----
2022-04-15 01:02:30.974655: I tensorflow/compiler/jit/xla_cpu_device.cc:41] Not creating XLA devices, tf_xla_enable_xla_devices not set
2022-04-15 01:02:30.975803: I tensorflow/core/platform/cpu_feature_guard.cc:142] This TensorFlow binary is optimized with oneAPI Deep Neural Network Library (oneDNN) to use the following CPU instructions in performance-critical operations:  SSE4.1 SSE4.2 AVX AVX2 FMA
To enable them in other operations, rebuild TensorFlow with the appropriate compiler flags.
2022-04-15 01:02:30.977469: I tensorflow/core/common_runtime/process_util.cc:146] Creating new thread pool with default inter op setting: 2. Tune using inter_op_parallelism_threads for best performance.
detuning [-0.0647350206442331, -0.056255137055872005, -0.04398898758942308, -0.02841111447287351, -0.010123530569253024, 0.010123530569252791, 0.031398988685541786, 0.05252411395363416, 0.07193959397007292, 0.08732897380185639, 0.09458080495314021]
tau 539.9999999999999
mode [[-3.89182919e-02  1.35300462e-01 -2.51375088e-01  3.57146597e-01
  -4.30399492e-01  4.56491626e-01 -4.30399492e-01  3.57146597e-01
  -2.51375088e-01  1.35300462e-01 -3.89182919e-02]
 [-8.61529706e-02  2.71456175e-01 -4.15735007e-01  4.20399350e-01
  -2.63283119e-01 -3.42469002e-15  2.63283119e-01 -4.20399350e-01
   4.15735007e-01 -2.71456175e-01  8.61529706e-02]
 [-1.41490968e-01  3.81305872e-01 -4.06174313e-01  1.28076400e-01
   2.50783292e-01 -4.25000568e-01  2.50783292e-01  1.28076400e-01
  -4.06174313e-01  3.81305872e-01 -1.41490968e-01]
 [ 2.01085844e-01 -4.30844289e-01  2.04748609e-01  2.73622630e-01
  -3.96416884e-01 -2.17774115e-15  3.96416884e-01 -2.73622630e-01
  -2.04748609e-01  4.30844289e-01 -2.01085844e-01]
 [ 2.61082558e-01 -4.00248904e-01 -9.72776708e-02  4.16158937e-01
   3.01387910e-02 -4.19707422e-01  3.01387910e-02  4.16158937e-01
  -9.72776708e-02 -4.00248904e-01  2.61082558e-01]
 [ 3.17594658e-01 -2.88835143e-01 -3.46883277e-01  1.65292702e-01
   4.09949031e-01  3.28276554e-15 -4.09949031e-01 -1.65292702e-01
   3.46883277e-01  2.88835143e-01 -3.17594658e-01]
 [-3.66928679e-01  1.15555426e-01  4.11868996e-01  2.40943922e-01
  -1.92605614e-01 -4.17668102e-01 -1.92605614e-01  2.40943922e-01
   4.11868996e-01  1.15555426e-01 -3.66928679e-01]
 [ 4.05401405e-01  8.44527010e-02 -2.55117036e-01 -4.13856437e-01
  -3.03571391e-01 -4.75640726e-15  3.03571391e-01  4.13856437e-01
   2.55117036e-01 -8.44527010e-02 -4.05401405e-01]
 [ 4.29832321e-01  2.68026648e-01  4.27186893e-02 -1.84096222e-01
  -3.50641779e-01 -4.11679315e-01 -3.50641779e-01 -1.84096222e-01
   4.27186893e-02  2.68026648e-01  4.29832321e-01]
 [-4.32348797e-01 -3.87461927e-01 -3.15958386e-01 -2.23150655e-01
  -1.15420344e-01 -4.52744681e-15  1.15420344e-01  2.23150655e-01
   3.15958386e-01  3.87461927e-01  4.32348797e-01]
 [-3.01511345e-01 -3.01511345e-01 -3.01511345e-01 -3.01511345e-01
  -3.01511345e-01 -3.01511345e-01 -3.01511345e-01 -3.01511345e-01
  -3.01511345e-01 -3.01511345e-01 -3.01511345e-01]]
hh
k_list [0, 1, 2, 3, 4, 5, 6, 7, 8, 9]
this ions should have laser shined:  [0 1]
>>>>>>>>>> P and G calculate time used is: 1338.5642096996307 seconds
error: 2.151886152140816e-06
constrain_error 0.0007725588254940963
>>>>>>>>>> optimization time used is: 1325.8240361213684 seconds
alpha max are: [1, 1, 1, 1, 1, 1, 1, 1, 1, 1, 1]  for phonon cut-off in simulation
./calculation results/data/
segnum 36 (array([-0.15928458,  0.23542786, -0.06029896, -0.24190142,  0.03705011,
        0.18942338, -0.06105235, -0.23105655, -0.05283578,  0.21170289,
        0.01596906, -0.23497157, -0.09192013,  0.17576107,  0.08960178,
       -0.17752454, -0.13317734,  0.13876514,  0.13956905, -0.13239828,
       -0.17809434,  0.08880762,  0.17597444, -0.09090886, -0.23480393,
        0.01479073,  0.21116357, -0.05145911, -0.23012455, -0.06260653,
        0.18800364,  0.03903207, -0.23958105, -0.06598959,  0.23965414,
       -0.16055307]), array([-0.15928458,  0.23542786, -0.06029896, -0.24190142,  0.03705011,
        0.18942338, -0.06105235, -0.23105655, -0.05283578,  0.21170289,
        0.01596906, -0.23497157, -0.09192013,  0.17576107,  0.08960178,
       -0.17752454, -0.13317734,  0.13876514,  0.13956905, -0.13239828,
       -0.17809434,  0.08880762,  0.17597444, -0.09090886, -0.23480393,
        0.01479073,  0.21116357, -0.05145911, -0.23012455, -0.06260653,
        0.18800364,  0.03903207, -0.23958105, -0.06598959,  0.23965414,
       -0.16055307]))
test theta tf.Tensor(
[[0.44504278+0.j 0.3923128 +0.j 0.        +0.j 0.        +0.j
  0.        +0.j 0.        +0.j 0.        +0.j 0.        +0.j
  0.        +0.j 0.        +0.j 0.        +0.j]
 [0.3923128 +0.j 0.29623734+0.j 0.        +0.j 0.        +0.j
  0.        +0.j 0.        +0.j 0.        +0.j 0.        +0.j
  0.        +0.j 0.        +0.j 0.        +0.j]
 [0.        +0.j 0.        +0.j 0.        +0.j 0.        +0.j
  0.        +0.j 0.        +0.j 0.        +0.j 0.        +0.j
  0.        +0.j 0.        +0.j 0.        +0.j]
 [0.        +0.j 0.        +0.j 0.        +0.j 0.        +0.j
  0.        +0.j 0.        +0.j 0.        +0.j 0.        +0.j
  0.        +0.j 0.        +0.j 0.        +0.j]
 [0.        +0.j 0.        +0.j 0.        +0.j 0.        +0.j
  0.        +0.j 0.        +0.j 0.        +0.j 0.        +0.j
  0.        +0.j 0.        +0.j 0.        +0.j]
 [0.        +0.j 0.        +0.j 0.        +0.j 0.        +0.j
  0.        +0.j 0.        +0.j 0.        +0.j 0.        +0.j
  0.        +0.j 0.        +0.j 0.        +0.j]
 [0.        +0.j 0.        +0.j 0.        +0.j 0.        +0.j
  0.        +0.j 0.        +0.j 0.        +0.j 0.        +0.j
  0.        +0.j 0.        +0.j 0.        +0.j]
 [0.        +0.j 0.        +0.j 0.        +0.j 0.        +0.j
  0.        +0.j 0.        +0.j 0.        +0.j 0.        +0.j
  0.        +0.j 0.        +0.j 0.        +0.j]
 [0.        +0.j 0.        +0.j 0.        +0.j 0.        +0.j
  0.        +0.j 0.        +0.j 0.        +0.j 0.        +0.j
  0.        +0.j 0.        +0.j 0.        +0.j]
 [0.        +0.j 0.        +0.j 0.        +0.j 0.        +0.j
  0.        +0.j 0.        +0.j 0.        +0.j 0.        +0.j
  0.        +0.j 0.        +0.j 0.        +0.j]
 [0.        +0.j 0.        +0.j 0.        +0.j 0.        +0.j
  0.        +0.j 0.        +0.j 0.        +0.j 0.        +0.j
  0.        +0.j 0.        +0.j 0.        +0.j]], shape=(11, 11), dtype=complex128)
----- break -----
[[0.03285194556478684, 0.07289616248155163, -0.12021157295134742, 0.17191111126583616, -0.22509780600821502, -0.276887744342572, 0.32440136106289064, 0.3649501142855716, 0.3958152033488312, 0.41466127996390395, -0.41460220316579577, -0.28867513459480904], [-0.11508179734624095, -0.23513317383504265, 0.34057631907914854, -0.4040294467788514, 0.4066199361478797, 0.3416814659252804, -0.2164422458123439, -0.05079801268598177, 0.12589662368972282, 0.2807358208615474, -0.3777922348333691, -0.28867513459480937], [0.2167992345802383, 0.37774735282595495, -0.41130324122625533, 0.2832864571740084, -0.03740074835283666, 0.2232387791375993, -0.383242305116221, -0.36877981320541614, -0.18407481036648127, 0.08881601287364169, -0.31885846299355086, -0.2886751345948091], [-0.31464871401986133, -0.41870794772240716, 0.22587250255443833, 0.1356805178696957, -0.3859877819877301, -0.32434050252837215, -0.00032077748366070026, -0.3229555692043745, -0.37763161509470233, -0.11594851008477611, -0.24163090012334382, -0.2886751345948131], [0.390834663211766, 0.32603643189064935, 0.11080456171673626, -0.40252798293038916, 0.19242526758108347, -0.25652354030309, 0.38165485933432, 0.026545594677553606, -0.3599735886914035, -0.2860579301090125, -0.1506708841229538, -0.28867513459481303], [-0.4323418488596658, -0.12283882564070668, -0.3702574159424846, 0.21567934339969905, 0.3107705549638907, 0.2928315421111622, 0.23533234411311235, 0.35103768613265063, -0.14632227395580502, -0.382206673505301, -0.051187047094587365, -0.28867513459481553], [0.4323418488596589, -0.12283882564069337, 0.37025741594249434, 0.215679343399706, -0.3107705549638916, 0.29283154211115475, -0.23533234411310933, 0.3510376861326493, 0.14632227395581787, -0.38220667350530096, 0.05118704709458875, -0.28867513459481625], [-0.3908346632117504, 0.3260364318906463, -0.1108045617167602, -0.40252798293039316, -0.1924252675810806, -0.25652354030310254, -0.38165485933431764, 0.026545594677546715, 0.35997358869140644, -0.2860579301090112, 0.15067088412295285, -0.2886751345948159], [0.31464871401985445, -0.4187079477224272, -0.22587250255441454, 0.13568051786970178, 0.385987781987737, -0.3243405025283664, 0.0003207774836631738, -0.32295556920438323, 0.37763161509469045, -0.11594851008476639, 0.24163090012334332, -0.2886751345948158], [-0.21679923458023695, 0.37774735282598304, 0.41130324122623524, 0.28328645717399675, 0.03740074835283301, 0.22323877913760148, 0.38324230511621404, -0.3687798132054236, 0.1840748103664724, 0.08881601287364911, 0.3188584629935507, -0.2886751345948148], [0.11508179734624267, -0.23513317383506496, -0.34057631907913866, -0.4040294467788451, -0.4066199361478884, 0.341681465925278, 0.2164422458123359, -0.05079801268597737, -0.12589662368972743, 0.2807358208615495, 0.37779223483336255, -0.28867513459481187], [-0.03285194556478862, 0.07289616248156021, 0.12021157295134445, 0.17191111126583258, 0.22509780600821866, -0.2768877443425716, -0.3244013610628859, 0.3649501142855853, -0.39581520334882975, 0.41466127996390284, 0.41460220316578694, -0.28867513459481087]]
----- N 12 segNum 36 -----
detuning [-0.07435665771818534, -0.06716396023231652, -0.05670068859510543, -0.043310188584874613, -0.027424946902946338, -0.009578363819656661, 0.009578363819656427, 0.029246966879453974, 0.04842306072009308, 0.06578172140033822, 0.07935690456967848, 0.08567065073470166]
tau 539.9999999999999
mode [[ 3.28519456e-02 -1.15081797e-01  2.16799235e-01 -3.14648714e-01
   3.90834663e-01 -4.32341849e-01  4.32341849e-01 -3.90834663e-01
   3.14648714e-01 -2.16799235e-01  1.15081797e-01 -3.28519456e-02]
 [ 7.28961625e-02 -2.35133174e-01  3.77747353e-01 -4.18707948e-01
   3.26036432e-01 -1.22838826e-01 -1.22838826e-01  3.26036432e-01
  -4.18707948e-01  3.77747353e-01 -2.35133174e-01  7.28961625e-02]
 [-1.20211573e-01  3.40576319e-01 -4.11303241e-01  2.25872503e-01
   1.10804562e-01 -3.70257416e-01  3.70257416e-01 -1.10804562e-01
  -2.25872503e-01  4.11303241e-01 -3.40576319e-01  1.20211573e-01]
 [ 1.71911111e-01 -4.04029447e-01  2.83286457e-01  1.35680518e-01
  -4.02527983e-01  2.15679343e-01  2.15679343e-01 -4.02527983e-01
   1.35680518e-01  2.83286457e-01 -4.04029447e-01  1.71911111e-01]
 [-2.25097806e-01  4.06619936e-01 -3.74007484e-02 -3.85987782e-01
   1.92425268e-01  3.10770555e-01 -3.10770555e-01 -1.92425268e-01
   3.85987782e-01  3.74007484e-02 -4.06619936e-01  2.25097806e-01]
 [-2.76887744e-01  3.41681466e-01  2.23238779e-01 -3.24340503e-01
  -2.56523540e-01  2.92831542e-01  2.92831542e-01 -2.56523540e-01
  -3.24340503e-01  2.23238779e-01  3.41681466e-01 -2.76887744e-01]
 [ 3.24401361e-01 -2.16442246e-01 -3.83242305e-01 -3.20777484e-04
   3.81654859e-01  2.35332344e-01 -2.35332344e-01 -3.81654859e-01
   3.20777484e-04  3.83242305e-01  2.16442246e-01 -3.24401361e-01]
 [ 3.64950114e-01 -5.07980127e-02 -3.68779813e-01 -3.22955569e-01
   2.65455947e-02  3.51037686e-01  3.51037686e-01  2.65455947e-02
  -3.22955569e-01 -3.68779813e-01 -5.07980127e-02  3.64950114e-01]
 [ 3.95815203e-01  1.25896624e-01 -1.84074810e-01 -3.77631615e-01
  -3.59973589e-01 -1.46322274e-01  1.46322274e-01  3.59973589e-01
   3.77631615e-01  1.84074810e-01 -1.25896624e-01 -3.95815203e-01]
 [ 4.14661280e-01  2.80735821e-01  8.88160129e-02 -1.15948510e-01
  -2.86057930e-01 -3.82206674e-01 -3.82206674e-01 -2.86057930e-01
  -1.15948510e-01  8.88160129e-02  2.80735821e-01  4.14661280e-01]
 [-4.14602203e-01 -3.77792235e-01 -3.18858463e-01 -2.41630900e-01
  -1.50670884e-01 -5.11870471e-02  5.11870471e-02  1.50670884e-01
   2.41630900e-01  3.18858463e-01  3.77792235e-01  4.14602203e-01]
 [-2.88675135e-01 -2.88675135e-01 -2.88675135e-01 -2.88675135e-01
  -2.88675135e-01 -2.88675135e-01 -2.88675135e-01 -2.88675135e-01
  -2.88675135e-01 -2.88675135e-01 -2.88675135e-01 -2.88675135e-01]]
hh
k_list [0, 1, 2, 3, 4, 5, 6, 7, 8, 9]
this ions should have laser shined:  [0 1]
>>>>>>>>>> P and G calculate time used is: 1746.3872952461243 seconds
error: 9.227167823228248e-07
constrain_error 0.00021083036157054647
>>>>>>>>>> optimization time used is: 1467.9477529525757 seconds
alpha max are: [1, 1, 1, 1, 1, 1, 1, 1, 1, 1, 1, 1]  for phonon cut-off in simulation
./calculation results/data/
segnum 36 (array([ 0.1272882 , -0.3152978 ,  0.26495025,  0.12501575, -0.23521421,
       -0.09676475,  0.22697866,  0.14151565, -0.17894176, -0.17303147,
        0.13836337,  0.22554134, -0.05329107, -0.23536796, -0.02479136,
        0.23127671,  0.11561513, -0.18403644, -0.18312075,  0.11660005,
        0.23063143, -0.0256916 , -0.23516042, -0.05252322,  0.22584821,
        0.13772374, -0.17379611, -0.17838945,  0.14263917,  0.22647764,
       -0.09825994, -0.23456488,  0.12744152,  0.26133712, -0.31314864,
        0.12675791]), array([ 0.1272882 , -0.3152978 ,  0.26495025,  0.12501575, -0.23521421,
       -0.09676475,  0.22697866,  0.14151565, -0.17894176, -0.17303147,
        0.13836337,  0.22554134, -0.05329107, -0.23536796, -0.02479136,
        0.23127671,  0.11561513, -0.18403644, -0.18312075,  0.11660005,
        0.23063143, -0.0256916 , -0.23516042, -0.05252322,  0.22584821,
        0.13772374, -0.17379611, -0.17838945,  0.14263917,  0.22647764,
       -0.09825994, -0.23456488,  0.12744152,  0.26133712, -0.31314864,
        0.12675791]))
test theta tf.Tensor(
[[0.40846828+0.j 0.3928045 +0.j 0.        +0.j 0.        +0.j
  0.        +0.j 0.        +0.j 0.        +0.j 0.        +0.j
  0.        +0.j 0.        +0.j 0.        +0.j 0.        +0.j]
 [0.3928045 +0.j 0.19308038+0.j 0.        +0.j 0.        +0.j
  0.        +0.j 0.        +0.j 0.        +0.j 0.        +0.j
  0.        +0.j 0.        +0.j 0.        +0.j 0.        +0.j]
 [0.        +0.j 0.        +0.j 0.        +0.j 0.        +0.j
  0.        +0.j 0.        +0.j 0.        +0.j 0.        +0.j
  0.        +0.j 0.        +0.j 0.        +0.j 0.        +0.j]
 [0.        +0.j 0.        +0.j 0.        +0.j 0.        +0.j
  0.        +0.j 0.        +0.j 0.        +0.j 0.        +0.j
  0.        +0.j 0.        +0.j 0.        +0.j 0.        +0.j]
 [0.        +0.j 0.        +0.j 0.        +0.j 0.        +0.j
  0.        +0.j 0.        +0.j 0.        +0.j 0.        +0.j
  0.        +0.j 0.        +0.j 0.        +0.j 0.        +0.j]
 [0.        +0.j 0.        +0.j 0.        +0.j 0.        +0.j
  0.        +0.j 0.        +0.j 0.        +0.j 0.        +0.j
  0.        +0.j 0.        +0.j 0.        +0.j 0.        +0.j]
 [0.        +0.j 0.        +0.j 0.        +0.j 0.        +0.j
  0.        +0.j 0.        +0.j 0.        +0.j 0.        +0.j
  0.        +0.j 0.        +0.j 0.        +0.j 0.        +0.j]
 [0.        +0.j 0.        +0.j 0.        +0.j 0.        +0.j
  0.        +0.j 0.        +0.j 0.        +0.j 0.        +0.j
  0.        +0.j 0.        +0.j 0.        +0.j 0.        +0.j]
 [0.        +0.j 0.        +0.j 0.        +0.j 0.        +0.j
  0.        +0.j 0.        +0.j 0.        +0.j 0.        +0.j
  0.        +0.j 0.        +0.j 0.        +0.j 0.        +0.j]
 [0.        +0.j 0.        +0.j 0.        +0.j 0.        +0.j
  0.        +0.j 0.        +0.j 0.        +0.j 0.        +0.j
  0.        +0.j 0.        +0.j 0.        +0.j 0.        +0.j]
 [0.        +0.j 0.        +0.j 0.        +0.j 0.        +0.j
  0.        +0.j 0.        +0.j 0.        +0.j 0.        +0.j
  0.        +0.j 0.        +0.j 0.        +0.j 0.        +0.j]
 [0.        +0.j 0.        +0.j 0.        +0.j 0.        +0.j
  0.        +0.j 0.        +0.j 0.        +0.j 0.        +0.j
  0.        +0.j 0.        +0.j 0.        +0.j 0.        +0.j]], shape=(12, 12), dtype=complex128)
----- break -----
[[-0.0280968648086026, 0.06245083976226567, 0.10330578989565543, -0.14842260486799616, 0.19559832648838313, 0.24260798510356044, -0.2872611845563185, 0.3273870388801251, -0.3609882556700117, 0.3860007806984182, -0.4006559482017605, -0.3987895593100317, -0.2773500981126182], [0.0990085259843032, -0.20514700893463925, -0.304128457784702, 0.37396394001680233, -0.39783235995870736, -0.3668608043866473, 0.28171841542585074, -0.15281660853671838, -0.0013636316135390294, 0.1568356334041337, -0.28834424619418964, -0.3681419491814498, -0.2773500981126198], [-0.18854571188512884, 0.34174286465836856, 0.40176463382775507, -0.3295136187012009, 0.14072049150377766, -0.09921116820039629, 0.3004492304351828, -0.38474597258332527, 0.31734222973619924, -0.12276614728401695, -0.12383266547969014, -0.31888672489112796, -0.2773500981126167], [0.2781667895762414, -0.4045134524634983, -0.2889947358478553, -0.01264606935454065, 0.30264468303373354, 0.381433299317876, -0.1929088711550843, -0.13102042756910684, 0.36034829235458266, -0.330306922225107, 0.059360545518154534, -0.2538672223175109, -0.277350098112616], [-0.35356245271394393, 0.35934283426209257, 0.010785427409524734, 0.3411784554807196, -0.3228877413192862, 0.04549539988124106, -0.3627235932579839, 0.2816849392256106, 0.10811510942023103, -0.3767311214068489, 0.22458943469855625, -0.1764296311477231, -0.2773500981126153], [0.4035409271319484, -0.21087438448946308, 0.27347592042298496, -0.3361247022570678, -0.11219098988634997, -0.3862000344824095, 0.06775906623147852, 0.3534438994842352, -0.23099391559822252, -0.2455716876386368, 0.33897826750924615, -0.09040834039104555, -0.2773500981126172], [-0.4210224265696397, 1.0136788012001716e-14, -0.3924171558467194, 4.435514249801318e-15, 0.38789518027691217, 6.752773277607068e-15, 0.38593387375374355, -1.4052476153421701e-16, -0.384919657258472, 2.5322435274659694e-15, 0.37980922429938113, 6.86889313272246e-15, -0.2773500981126166], [0.40354092713195433, 0.21087438448944854, 0.2734759204229781, 0.3361247022570668, -0.11219098988637372, 0.3862000344824116, 0.06775906623147465, -0.3534438994842369, -0.23099391559822124, 0.24557168763864043, 0.33897826750924365, 0.09040834039105697, -0.2773500981126135], [-0.35356245271395725, -0.35934283426208513, 0.01078542740953021, -0.3411784554807275, -0.32288774131926795, -0.04549539988125748, -0.36272359325798326, -0.2816849392256097, 0.10811510942023302, 0.37673112140685056, 0.2245894346985532, 0.17642963114773613, -0.27735009811261385], [0.27816678957625757, 0.40451345246349407, -0.28899473584785196, 0.012646069354546884, 0.302644683033739, -0.38143329931787034, -0.19290887115508096, 0.13102042756910687, 0.3603482923545823, 0.3303069222251039, 0.059360545518149024, 0.2538672223175219, -0.27735009811261224], [-0.1885457118851363, -0.34174286465835924, 0.40176463382774563, 0.32951361870121104, 0.14072049150376423, 0.09921116820040894, 0.3004492304351858, 0.38474597258332754, 0.3173422297362004, 0.12276614728401367, -0.12383266547969457, 0.3188867248911362, -0.2773500981126113], [0.09900852598430808, 0.20514700893463542, -0.30412845778469894, -0.3739639400168255, -0.3978323599587078, 0.3668608043866391, 0.2817184154258423, 0.1528166085367135, -0.0013636316135427864, -0.15683563340413761, -0.2883442461941909, 0.3681419491814515, -0.27735009811261013], [-0.028096864808604006, -0.06245083976226535, 0.10330578989565653, 0.14842260486800796, 0.19559832648838527, -0.242607985103557, -0.2872611845563124, -0.32738703888012466, -0.36098825567001497, -0.38600078069842153, -0.4006559482017612, 0.39878955931003396, -0.2773500981126092]]
----- N 13 segNum 36 -----
detuning [-0.06507163758386555, -0.05889651743441448, -0.04987326773405401, -0.03825677348924312, -0.02436618811744591, -0.008592501696474152, 0.008592501696474384, 0.02662086249390617, 0.044801996580733916, 0.06227042733626673, 0.07788660364094144, 0.08996105190796591, 0.09551379951847763]
tau 539.9999999999999
mode [[-2.80968648e-02  9.90085260e-02 -1.88545712e-01  2.78166790e-01
  -3.53562453e-01  4.03540927e-01 -4.21022427e-01  4.03540927e-01
  -3.53562453e-01  2.78166790e-01 -1.88545712e-01  9.90085260e-02
  -2.80968648e-02]
 [ 6.24508398e-02 -2.05147009e-01  3.41742865e-01 -4.04513452e-01
   3.59342834e-01 -2.10874384e-01  1.01367880e-14  2.10874384e-01
  -3.59342834e-01  4.04513452e-01 -3.41742865e-01  2.05147009e-01
  -6.24508398e-02]
 [ 1.03305790e-01 -3.04128458e-01  4.01764634e-01 -2.88994736e-01
   1.07854274e-02  2.73475920e-01 -3.92417156e-01  2.73475920e-01
   1.07854274e-02 -2.88994736e-01  4.01764634e-01 -3.04128458e-01
   1.03305790e-01]
 [-1.48422605e-01  3.73963940e-01 -3.29513619e-01 -1.26460694e-02
   3.41178455e-01 -3.36124702e-01  4.43551425e-15  3.36124702e-01
  -3.41178455e-01  1.26460694e-02  3.29513619e-01 -3.73963940e-01
   1.48422605e-01]
 [ 1.95598326e-01 -3.97832360e-01  1.40720492e-01  3.02644683e-01
  -3.22887741e-01 -1.12190990e-01  3.87895180e-01 -1.12190990e-01
  -3.22887741e-01  3.02644683e-01  1.40720492e-01 -3.97832360e-01
   1.95598326e-01]
 [ 2.42607985e-01 -3.66860804e-01 -9.92111682e-02  3.81433299e-01
   4.54953999e-02 -3.86200034e-01  6.75277328e-15  3.86200034e-01
  -4.54953999e-02 -3.81433299e-01  9.92111682e-02  3.66860804e-01
  -2.42607985e-01]
 [-2.87261185e-01  2.81718415e-01  3.00449230e-01 -1.92908871e-01
  -3.62723593e-01  6.77590662e-02  3.85933874e-01  6.77590662e-02
  -3.62723593e-01 -1.92908871e-01  3.00449230e-01  2.81718415e-01
  -2.87261185e-01]
 [ 3.27387039e-01 -1.52816609e-01 -3.84745973e-01 -1.31020428e-01
   2.81684939e-01  3.53443899e-01 -1.40524762e-16 -3.53443899e-01
  -2.81684939e-01  1.31020428e-01  3.84745973e-01  1.52816609e-01
  -3.27387039e-01]
 [-3.60988256e-01 -1.36363161e-03  3.17342230e-01  3.60348292e-01
   1.08115109e-01 -2.30993916e-01 -3.84919657e-01 -2.30993916e-01
   1.08115109e-01  3.60348292e-01  3.17342230e-01 -1.36363161e-03
  -3.60988256e-01]
 [ 3.86000781e-01  1.56835633e-01 -1.22766147e-01 -3.30306922e-01
  -3.76731121e-01 -2.45571688e-01  2.53224353e-15  2.45571688e-01
   3.76731121e-01  3.30306922e-01  1.22766147e-01 -1.56835633e-01
  -3.86000781e-01]
 [-4.00655948e-01 -2.88344246e-01 -1.23832665e-01  5.93605455e-02
   2.24589435e-01  3.38978268e-01  3.79809224e-01  3.38978268e-01
   2.24589435e-01  5.93605455e-02 -1.23832665e-01 -2.88344246e-01
  -4.00655948e-01]
 [-3.98789559e-01 -3.68141949e-01 -3.18886725e-01 -2.53867222e-01
  -1.76429631e-01 -9.04083404e-02  6.86889313e-15  9.04083404e-02
   1.76429631e-01  2.53867222e-01  3.18886725e-01  3.68141949e-01
   3.98789559e-01]
 [-2.77350098e-01 -2.77350098e-01 -2.77350098e-01 -2.77350098e-01
  -2.77350098e-01 -2.77350098e-01 -2.77350098e-01 -2.77350098e-01
  -2.77350098e-01 -2.77350098e-01 -2.77350098e-01 -2.77350098e-01
  -2.77350098e-01]]
hh
k_list [0, 1, 2, 3, 4, 5, 6, 7, 8, 9]
this ions should have laser shined:  [0 1]
>>>>>>>>>> P and G calculate time used is: 2226.4486339092255 seconds
error: 3.4966798955594244e-07
constrain_error 3.4620220668579726e-05
>>>>>>>>>> optimization time used is: 1806.5950593948364 seconds
alpha max are: [1, 1, 1, 1, 1, 1, 1, 1, 1, 1, 1, 2, 1]  for phonon cut-off in simulation
./calculation results/data/
segnum 36 (array([-0.03229446,  0.10092297, -0.08304739, -0.08030618,  0.11985496,
        0.09572624, -0.14171068, -0.13843279,  0.14115837,  0.19431741,
       -0.10638654, -0.25505568,  0.03896228,  0.29181512,  0.05548901,
       -0.29031357, -0.15793935,  0.2428219 ,  0.24288084, -0.1579582 ,
       -0.29046225,  0.05553261,  0.29203361,  0.03899561, -0.25530729,
       -0.10688856,  0.19559578,  0.14039039, -0.13862963, -0.14143947,
        0.09587892,  0.11969598, -0.0804196 , -0.08286616,  0.10084539,
       -0.03228429]), array([-0.03229446,  0.10092297, -0.08304739, -0.08030618,  0.11985496,
        0.09572624, -0.14171068, -0.13843279,  0.14115837,  0.19431741,
       -0.10638654, -0.25505568,  0.03896228,  0.29181512,  0.05548901,
       -0.29031357, -0.15793935,  0.2428219 ,  0.24288084, -0.1579582 ,
       -0.29046225,  0.05553261,  0.29203361,  0.03899561, -0.25530729,
       -0.10688856,  0.19559578,  0.14039039, -0.13862963, -0.14143947,
        0.09587892,  0.11969598, -0.0804196 , -0.08286616,  0.10084539,
       -0.03228429]))
test theta tf.Tensor(
[[0.48919959+0.j 0.39268177+0.j 0.        +0.j 0.        +0.j
  0.        +0.j 0.        +0.j 0.        +0.j 0.        +0.j
  0.        +0.j 0.        +0.j 0.        +0.j 0.        +0.j
  0.        +0.j]
 [0.39268177+0.j 0.23415524+0.j 0.        +0.j 0.        +0.j
  0.        +0.j 0.        +0.j 0.        +0.j 0.        +0.j
  0.        +0.j 0.        +0.j 0.        +0.j 0.        +0.j
  0.        +0.j]
 [0.        +0.j 0.        +0.j 0.        +0.j 0.        +0.j
  0.        +0.j 0.        +0.j 0.        +0.j 0.        +0.j
  0.        +0.j 0.        +0.j 0.        +0.j 0.        +0.j
  0.        +0.j]
 [0.        +0.j 0.        +0.j 0.        +0.j 0.        +0.j
  0.        +0.j 0.        +0.j 0.        +0.j 0.        +0.j
  0.        +0.j 0.        +0.j 0.        +0.j 0.        +0.j
  0.        +0.j]
 [0.        +0.j 0.        +0.j 0.        +0.j 0.        +0.j
  0.        +0.j 0.        +0.j 0.        +0.j 0.        +0.j
  0.        +0.j 0.        +0.j 0.        +0.j 0.        +0.j
  0.        +0.j]
 [0.        +0.j 0.        +0.j 0.        +0.j 0.        +0.j
  0.        +0.j 0.        +0.j 0.        +0.j 0.        +0.j
  0.        +0.j 0.        +0.j 0.        +0.j 0.        +0.j
  0.        +0.j]
 [0.        +0.j 0.        +0.j 0.        +0.j 0.        +0.j
  0.        +0.j 0.        +0.j 0.        +0.j 0.        +0.j
  0.        +0.j 0.        +0.j 0.        +0.j 0.        +0.j
  0.        +0.j]
 [0.        +0.j 0.        +0.j 0.        +0.j 0.        +0.j
  0.        +0.j 0.        +0.j 0.        +0.j 0.        +0.j
  0.        +0.j 0.        +0.j 0.        +0.j 0.        +0.j
  0.        +0.j]
 [0.        +0.j 0.        +0.j 0.        +0.j 0.        +0.j
  0.        +0.j 0.        +0.j 0.        +0.j 0.        +0.j
  0.        +0.j 0.        +0.j 0.        +0.j 0.        +0.j
  0.        +0.j]
 [0.        +0.j 0.        +0.j 0.        +0.j 0.        +0.j
  0.        +0.j 0.        +0.j 0.        +0.j 0.        +0.j
  0.        +0.j 0.        +0.j 0.        +0.j 0.        +0.j
  0.        +0.j]
 [0.        +0.j 0.        +0.j 0.        +0.j 0.        +0.j
  0.        +0.j 0.        +0.j 0.        +0.j 0.        +0.j
  0.        +0.j 0.        +0.j 0.        +0.j 0.        +0.j
  0.        +0.j]
 [0.        +0.j 0.        +0.j 0.        +0.j 0.        +0.j
  0.        +0.j 0.        +0.j 0.        +0.j 0.        +0.j
  0.        +0.j 0.        +0.j 0.        +0.j 0.        +0.j
  0.        +0.j]
 [0.        +0.j 0.        +0.j 0.        +0.j 0.        +0.j
  0.        +0.j 0.        +0.j 0.        +0.j 0.        +0.j
  0.        +0.j 0.        +0.j 0.        +0.j 0.        +0.j
  0.        +0.j]], shape=(13, 13), dtype=complex128)
----- break -----
[[-0.024301271188872896, -0.05408350479066478, -0.08967246760179552, 0.12929891105527136, 0.1712374281118288, 0.2137671741286239, -0.2551540044988961, 0.2937119812035655, -0.32777724693960747, 0.3558376871357332, 0.37628534825148935, 0.3877429592621054, 0.38459574497722154, -0.26726124191242534], [0.08603919369656383, 0.1802432876086875, 0.27207823019545535, -0.3437979533920894, -0.38089269898095446, -0.37404014788615236, 0.3205578420548709, -0.22489253655884717, 0.09820892562275492, 0.04322901910133101, 0.17997667866173728, 0.2924642196300451, 0.35874436250317, -0.26726124191242484], [-0.16525675862968583, -0.30885688746526474, -0.38434798194889225, 0.35311315848476654, 0.21499901497214552, 0.009135007023409896, 0.19901365104557567, -0.3401034164814838, 0.3654811751535425, -0.26473923255002335, -0.07087043994824661, 0.1504968618766954, 0.31707524991313146, -0.26726124191242456], [0.24697925991781675, 0.38397627012440383, 0.32638942096133844, -0.08711447921111669, 0.20099665381271836, 0.3667749641044464, -0.30865450023696817, 0.06117677668328735, 0.22336445513549558, -0.36757826625632295, -0.27999515929674557, -0.01282442752574507, 0.261753637313704, -0.26726124191242506], [-0.31960116465660365, -0.37288685406417554, -0.10759195732792162, -0.25012532115413855, -0.36952440173434903, -0.13747925569393968, -0.2250418386062851, 0.3704685241253839, -0.15862001713850987, -0.20554502278095485, -0.3684941211134467, -0.16902046281809427, 0.1952913887909426, -0.26726124191242434], [0.373645744024024, 0.2701781558219479, -0.16631746942025616, 0.3736467318872919, 0.07901684890882726, -0.3200017947417801, 0.284799859869435, 0.13619734029665184, -0.3712541859010197, 0.10151977341819475, -0.3049694627349259, -0.29104326809133424, 0.12056820059785413, -0.2672612419124247], [-0.4024203123442519, -0.09857046723491888, 0.3527624270642041, -0.1750210476699918, 0.31013274239454613, 0.24184405306538734, 0.25594976218262083, -0.29655866926855534, -0.1909422261341729, 0.3372760419320445, -0.11748843706967975, -0.35781588233368095, 0.04076146503602625, -0.26726124191242645], [0.4024203123442342, -0.09857046723498393, -0.352762427064202, -0.17502104766997834, -0.3101327423945382, 0.24184405306540185, -0.2559497621826176, -0.29655866926856295, 0.1909422261341828, 0.3372760419320436, 0.11748843706968716, -0.3578158823336796, -0.040761465036029995, -0.2672612419124252], [-0.3736457440239798, 0.270178155822004, 0.1663174694202564, 0.37364673188730174, -0.07901684890883466, -0.3200017947417818, -0.2847998598694321, 0.13619734029665065, 0.3712541859010157, 0.1015197734181862, 0.3049694627349282, -0.2910432680913308, -0.12056820059785815, -0.2672612419124263], [0.3196011646565482, -0.37288685406421024, 0.10759195732791466, -0.25012532115416053, 0.3695244017343403, -0.1374792556939574, 0.2250418386062735, 0.3704685241253896, 0.1586200171385023, -0.20554502278096295, 0.3684941211134474, -0.16902046281809097, -0.19529138879094543, -0.26726124191242473], [-0.24697925991776273, 0.3839762701244261, -0.3263894209613404, -0.0871144792110975, -0.20099665381271675, 0.36677496410446375, 0.30865450023696644, 0.06117677668328826, -0.2233644551355023, -0.3675782662563228, 0.279995159296739, -0.012824427525738633, -0.261753637313706, -0.2672612419124245], [0.16525675862965122, -0.3088568874652864, 0.38434798194890835, 0.3531131584847609, -0.214999014972126, 0.009135007023410704, -0.19901365104556978, -0.3401034164814909, -0.3654811751535399, -0.2647392325500145, 0.07087043994823672, 0.15049686187670272, -0.31707524991313213, -0.26726124191242334], [-0.08603919369654803, 0.1802432876087047, -0.27207823019547395, -0.34379795339209135, 0.38089269898092587, -0.3740401478861636, -0.32055784205486626, -0.22489253655885275, -0.09820892562275198, 0.043229019101335336, -0.17997667866174166, 0.29246421963004837, -0.3587443625031667, -0.2672612419124213], [0.024301271188869798, -0.05408350479067107, 0.08967246760180114, 0.12929891105526997, -0.1712374281118137, 0.2137671741286294, 0.25515400449889336, 0.29371198120357617, 0.3277772469396114, 0.35583768713573294, -0.37628534825148946, 0.387742959262106, -0.384595744977216, -0.2672612419124205]]
----- N 14 segNum 36 -----
detuning [-0.07323041123160882, -0.0678730166396182, -0.060016403039165306, -0.04985394345185277, -0.037626592683949044, -0.023628002138652838, -0.008209878686966607, 0.00820987868696684, 0.02513296972525399, 0.041956815705833025, 0.057928172511656766, 0.07205655151792476, 0.08287457717291312, 0.08780075574630546]
tau 539.9999999999999
mode [[-0.02430127  0.08603919 -0.16525676  0.24697926 -0.31960116  0.37364574
  -0.40242031  0.40242031 -0.37364574  0.31960116 -0.24697926  0.16525676
  -0.08603919  0.02430127]
 [-0.0540835   0.18024329 -0.30885689  0.38397627 -0.37288685  0.27017816
  -0.09857047 -0.09857047  0.27017816 -0.37288685  0.38397627 -0.30885689
   0.18024329 -0.0540835 ]
 [-0.08967247  0.27207823 -0.38434798  0.32638942 -0.10759196 -0.16631747
   0.35276243 -0.35276243  0.16631747  0.10759196 -0.32638942  0.38434798
  -0.27207823  0.08967247]
 [ 0.12929891 -0.34379795  0.35311316 -0.08711448 -0.25012532  0.37364673
  -0.17502105 -0.17502105  0.37364673 -0.25012532 -0.08711448  0.35311316
  -0.34379795  0.12929891]
 [ 0.17123743 -0.3808927   0.21499901  0.20099665 -0.3695244   0.07901685
   0.31013274 -0.31013274 -0.07901685  0.3695244  -0.20099665 -0.21499901
   0.3808927  -0.17123743]
 [ 0.21376717 -0.37404015  0.00913501  0.36677496 -0.13747926 -0.32000179
   0.24184405  0.24184405 -0.32000179 -0.13747926  0.36677496  0.00913501
  -0.37404015  0.21376717]
 [-0.255154    0.32055784  0.19901365 -0.3086545  -0.22504184  0.28479986
   0.25594976 -0.25594976 -0.28479986  0.22504184  0.3086545  -0.19901365
  -0.32055784  0.255154  ]
 [ 0.29371198 -0.22489254 -0.34010342  0.06117678  0.37046852  0.13619734
  -0.29655867 -0.29655867  0.13619734  0.37046852  0.06117678 -0.34010342
  -0.22489254  0.29371198]
 [-0.32777725  0.09820893  0.36548118  0.22336446 -0.15862002 -0.37125419
  -0.19094223  0.19094223  0.37125419  0.15862002 -0.22336446 -0.36548118
  -0.09820893  0.32777725]
 [ 0.35583769  0.04322902 -0.26473923 -0.36757827 -0.20554502  0.10151977
   0.33727604  0.33727604  0.10151977 -0.20554502 -0.36757827 -0.26473923
   0.04322902  0.35583769]
 [ 0.37628535  0.17997668 -0.07087044 -0.27999516 -0.36849412 -0.30496946
  -0.11748844  0.11748844  0.30496946  0.36849412  0.27999516  0.07087044
  -0.17997668 -0.37628535]
 [ 0.38774296  0.29246422  0.15049686 -0.01282443 -0.16902046 -0.29104327
  -0.35781588 -0.35781588 -0.29104327 -0.16902046 -0.01282443  0.15049686
   0.29246422  0.38774296]
 [ 0.38459574  0.35874436  0.31707525  0.26175364  0.19529139  0.1205682
   0.04076147 -0.04076147 -0.1205682  -0.19529139 -0.26175364 -0.31707525
  -0.35874436 -0.38459574]
 [-0.26726124 -0.26726124 -0.26726124 -0.26726124 -0.26726124 -0.26726124
  -0.26726124 -0.26726124 -0.26726124 -0.26726124 -0.26726124 -0.26726124
  -0.26726124 -0.26726124]]
hh
k_list [0, 1, 2, 3, 4, 5, 6, 7, 8, 9]
this ions should have laser shined:  [0 1]
>>>>>>>>>> P and G calculate time used is: 2783.020584344864 seconds
error: 2.2144806478086306e-07
constrain_error 0.0002744451346409216
>>>>>>>>>> optimization time used is: 2100.0359392166138 seconds
alpha max are: [1, 1, 1, 1, 1, 1, 1, 1, 1, 1, 1, 1, 1, 1]  for phonon cut-off in simulation
./calculation results/data/
segnum 36 (array([ 0.07245521, -0.2273962 ,  0.22196222,  0.07399584, -0.21702783,
       -0.06342563,  0.20668083,  0.09966889, -0.18215909, -0.14972255,
        0.13768399,  0.19811925, -0.06749822, -0.2243286 , -0.01779616,
        0.21894199,  0.10544004, -0.17693052, -0.17699694,  0.10540661,
        0.21903643, -0.01779747, -0.22443914, -0.06746595,  0.19822728,
        0.13763624, -0.14981711, -0.182115  ,  0.09975609,  0.20664188,
       -0.06351656, -0.21696664,  0.07407174,  0.22183878, -0.22732879,
        0.07244129]), array([ 0.07245521, -0.2273962 ,  0.22196222,  0.07399584, -0.21702783,
       -0.06342563,  0.20668083,  0.09966889, -0.18215909, -0.14972255,
        0.13768399,  0.19811925, -0.06749822, -0.2243286 , -0.01779616,
        0.21894199,  0.10544004, -0.17693052, -0.17699694,  0.10540661,
        0.21903643, -0.01779747, -0.22443914, -0.06746595,  0.19822728,
        0.13763624, -0.14981711, -0.182115  ,  0.09975609,  0.20664188,
       -0.06351656, -0.21696664,  0.07407174,  0.22183878, -0.22732879,
        0.07244129]))
test theta tf.Tensor(
[[0.42120692+0.j 0.3928363 +0.j 0.        +0.j 0.        +0.j
  0.        +0.j 0.        +0.j 0.        +0.j 0.        +0.j
  0.        +0.j 0.        +0.j 0.        +0.j 0.        +0.j
  0.        +0.j 0.        +0.j]
 [0.3928363 +0.j 0.23246157+0.j 0.        +0.j 0.        +0.j
  0.        +0.j 0.        +0.j 0.        +0.j 0.        +0.j
  0.        +0.j 0.        +0.j 0.        +0.j 0.        +0.j
  0.        +0.j 0.        +0.j]
 [0.        +0.j 0.        +0.j 0.        +0.j 0.        +0.j
  0.        +0.j 0.        +0.j 0.        +0.j 0.        +0.j
  0.        +0.j 0.        +0.j 0.        +0.j 0.        +0.j
  0.        +0.j 0.        +0.j]
 [0.        +0.j 0.        +0.j 0.        +0.j 0.        +0.j
  0.        +0.j 0.        +0.j 0.        +0.j 0.        +0.j
  0.        +0.j 0.        +0.j 0.        +0.j 0.        +0.j
  0.        +0.j 0.        +0.j]
 [0.        +0.j 0.        +0.j 0.        +0.j 0.        +0.j
  0.        +0.j 0.        +0.j 0.        +0.j 0.        +0.j
  0.        +0.j 0.        +0.j 0.        +0.j 0.        +0.j
  0.        +0.j 0.        +0.j]
 [0.        +0.j 0.        +0.j 0.        +0.j 0.        +0.j
  0.        +0.j 0.        +0.j 0.        +0.j 0.        +0.j
  0.        +0.j 0.        +0.j 0.        +0.j 0.        +0.j
  0.        +0.j 0.        +0.j]
 [0.        +0.j 0.        +0.j 0.        +0.j 0.        +0.j
  0.        +0.j 0.        +0.j 0.        +0.j 0.        +0.j
  0.        +0.j 0.        +0.j 0.        +0.j 0.        +0.j
  0.        +0.j 0.        +0.j]
 [0.        +0.j 0.        +0.j 0.        +0.j 0.        +0.j
  0.        +0.j 0.        +0.j 0.        +0.j 0.        +0.j
  0.        +0.j 0.        +0.j 0.        +0.j 0.        +0.j
  0.        +0.j 0.        +0.j]
 [0.        +0.j 0.        +0.j 0.        +0.j 0.        +0.j
  0.        +0.j 0.        +0.j 0.        +0.j 0.        +0.j
  0.        +0.j 0.        +0.j 0.        +0.j 0.        +0.j
