[shined]
shined = [0, 2]

[amplitude]
pulse_type = AM
shape = rectangular
mu = 2125697.5423471257
delta_t = 1.4999999999999999e-05
segnum = 38
amp_list0 = [0.4687096755513142, 0.4832913642759585, 0.4716035812573617, 0.46139709909989257, 0.4820729916386183, 0.4681293654782535, 0.46473541299588783, 0.4381930759989244, 0.22476614018914226, 0.026820378966759376, 0.006838397816512586, 0.09448386702706212, 0.1603804079412472, 0.12151952503349303, -0.0028542358717269416, -0.12311490284420484, -0.16354983646383744, -0.12433989736266647, -0.07142326814086324, -0.06931579279734401, -0.11934774147593184, -0.1586010452706515, -0.12036699669194355, -0.0023739321515353936, 0.1216372361082067, 0.1627749578180493, 0.10083042553639064, 0.016265702016696516, 0.0363561475460253, 0.23065483429597947, 0.4427647588402833, 0.46859170460590643, 0.46979841658809646, 0.4806139251240834, 0.4504102497145967, 0.453490993705005, 0.4738916355975781, 0.46874554350592856]
amp_list1 = [0.4687096755513142, 0.4832913642759585, 0.4716035812573617, 0.46139709909989257, 0.4820729916386183, 0.4681293654782535, 0.46473541299588783, 0.4381930759989244, 0.22476614018914226, 0.026820378966759376, 0.006838397816512586, 0.09448386702706212, 0.1603804079412472, 0.12151952503349303, -0.0028542358717269416, -0.12311490284420484, -0.16354983646383744, -0.12433989736266647, -0.07142326814086324, -0.06931579279734401, -0.11934774147593184, -0.1586010452706515, -0.12036699669194355, -0.0023739321515353936, 0.1216372361082067, 0.1627749578180493, 0.10083042553639064, 0.016265702016696516, 0.0363561475460253, 0.23065483429597947, 0.4427647588402833, 0.46859170460590643, 0.46979841658809646, 0.4806139251240834, 0.4504102497145967, 0.453490993705005, 0.4738916355975781, 0.46874554350592856]

