[result]
infid = 0.010759502142826838
tracedist = 0.03018141605987759
infid_ideal = 0.39503082592257965
bound_eq26 = 1.45497875201744

