[shined]
shined = [0, 6]

[amplitude]
pulse_type = AM
shape = rectangular
mu = 2104745.3789149793
delta_t = 1.4999999999999999e-05
segnum = 41
amp_list0 = [0.3602510537123608, 0.1560662204813509, 0.2062009417448246, 0.23509471425019046, 0.09208283008298157, -0.03742191556977223, -0.13974369961858907, -0.09082560059567174, 0.06624294763218541, 0.045116137898137953, 0.019831489771425903, 0.2672486119856441, 0.01689194261410007, -0.19552316270225611, -0.27923742991665546, -0.36382642892579686, -0.36846707171840326, -0.25735660997325704, -0.04538180691464859, 0.16100104393006406, 0.25308347441652707, 0.13180471346204267, -0.08426555336118999, -0.2783727789388762, -0.3773555011008982, -0.32312884739514514, -0.20779304632748583, -0.13365221913646375, 0.04603004842610331, 0.2559338622973107, 0.09175850162552503, -0.0032663816654839497, 0.034164032056178066, -0.10673273786686421, -0.11288500440916714, -0.00889702088621193, 0.0950675130962681, 0.23052381403161923, 0.19448106417889924, 0.22095285280486562, 0.24106352984798823]
amp_list1 = [0.3602510537123608, 0.1560662204813509, 0.2062009417448246, 0.23509471425019046, 0.09208283008298157, -0.03742191556977223, -0.13974369961858907, -0.09082560059567174, 0.06624294763218541, 0.045116137898137953, 0.019831489771425903, 0.2672486119856441, 0.01689194261410007, -0.19552316270225611, -0.27923742991665546, -0.36382642892579686, -0.36846707171840326, -0.25735660997325704, -0.04538180691464859, 0.16100104393006406, 0.25308347441652707, 0.13180471346204267, -0.08426555336118999, -0.2783727789388762, -0.3773555011008982, -0.32312884739514514, -0.20779304632748583, -0.13365221913646375, 0.04603004842610331, 0.2559338622973107, 0.09175850162552503, -0.0032663816654839497, 0.034164032056178066, -0.10673273786686421, -0.11288500440916714, -0.00889702088621193, 0.0950675130962681, 0.23052381403161923, 0.19448106417889924, 0.22095285280486562, 0.24106352984798823]

