[phonon]
partialpos = [0.0e+00 5.0e-06 1.0e-05 1.5e-05 2.0e-05 2.5e-05 3.0e-05]
z_freqcal = [2026967.4724560112, 2046361.8732838463, 2073035.9612349423, 2104430.1134359455, 2137004.141236322, 2165418.090757787, 2180000.0]
z_modes = [[-0.09260897093502944, -0.19992041717513198, 0.31475844416577703, 0.41999065869908137, 0.4994933007273969, 0.532578326072359, -0.3779644730092253], [0.3006318323582724, 0.5054295786388614, -0.508553673196642, -0.27800738510937034, 0.0902026606811825, 0.4089655668410208, -0.3779644730092268], [-0.49091056091968693, -0.45229721183472593, -0.06850881714286501, -0.4963060954997094, -0.3338505957671172, 0.2216021022832781, -0.3779644730092266], [0.5657753989928881, -4.356606393273313e-15, 0.5246080923474647, 1.6482550699449582e-15, -0.5116907312829191, -6.927372345180725e-16, -0.3779644730092286], [-0.4909105609196882, 0.4522972118347273, -0.0685088171428654, 0.4963060954997055, -0.33385059576712106, -0.22160210228327565, -0.3779644730092274], [0.30063183235827035, -0.5054295786388558, -0.5085536731966496, 0.2780073851093679, 0.09020266068118178, -0.4089655668410189, -0.37796447300922825], [-0.09260897093502897, 0.19992041717512893, 0.3147584441657805, -0.41999065869907637, 0.49949330072739917, -0.532578326072358, -0.37796447300922775]]

