[result]
infid = 0.028874599235560017
tracedist = 0.05697191228260349
infid_ideal = -9.9806089706167e-06
bound_eq26 = 0.119051641941165

