[shined]
shined = [1, 4]

[amplitude]
pulse_type = AM
shape = rectangular
mu = 2088733.0374906326
delta_t = 1.4999999999999999e-05
segnum = 26
amp_list0 = [0.13412394278897513, 0.11017925867028928, 0.10653868233077443, 0.22008966214853765, 0.17484961050374664, 0.2753364907239308, 0.23284139600346193, 0.2024996378506825, 0.18668503914289364, 0.2286541294086566, 0.10150443339024917, 0.06433163918737411, 0.12281917673008465, 0.1234394298590296, 0.06542454248542616, 0.0999741546131945, 0.22753678372864117, 0.18809861191727817, 0.20239098279099216, 0.2319911853863876, 0.2749683970795118, 0.1760466032634429, 0.220571402814145, 0.10598876493885774, 0.11003385672979155, 0.13532655287195147]
amp_list1 = [0.13412394278897513, 0.11017925867028928, 0.10653868233077443, 0.22008966214853765, 0.17484961050374664, 0.2753364907239308, 0.23284139600346193, 0.2024996378506825, 0.18668503914289364, 0.2286541294086566, 0.10150443339024917, 0.06433163918737411, 0.12281917673008465, 0.1234394298590296, 0.06542454248542616, 0.0999741546131945, 0.22753678372864117, 0.18809861191727817, 0.20239098279099216, 0.2319911853863876, 0.2749683970795118, 0.1760466032634429, 0.220571402814145, 0.10598876493885774, 0.11003385672979155, 0.13532655287195147]

