[phonon]
partialpos = [0.0e+00 5.0e-06 1.0e-05 1.5e-05 2.0e-05 2.5e-05 3.0e-05]
z_freqcal = [2026967.4727200929, 2046361.8735133272, 2073035.9614173993, 2104430.113563866, 2137004.141308538, 2165418.090782117, 2180000.0]
z_modes = [[-0.09260897093503079, -0.19992041717512843, 0.31475844416578014, -0.41999065869908236, 0.4994933007273954, -0.5325783260723587, -0.377964473009226], [0.30063183235827645, 0.5054295786388538, -0.5085536731966468, 0.27800738510936884, 0.09020266068118196, -0.4089655668410213, -0.37796447300922786], [-0.49091056091969193, -0.45229721183472377, -0.06850881714286436, 0.49630609549970817, -0.3338505957671161, -0.22160210228327756, -0.37796447300922603], [0.5657753989928854, -1.518512719342174e-15, 0.5246080923474687, 5.059415296926025e-15, -0.5116907312829188, 4.132565237973477e-16, -0.37796447300922736], [-0.4909105609196821, 0.4522972118347276, -0.06850881714287012, -0.4963060954997075, -0.33385059576712206, 0.22160210228327845, -0.3779644730092291], [0.30063183235827295, -0.5054295786388654, -0.5085536731966415, -0.2780073851093667, 0.09020266068118041, 0.40896556684101804, -0.37796447300922725], [-0.0926089709350298, 0.1999204171751325, 0.31475844416577525, 0.41999065869907654, 0.49949330072740145, 0.5325783260723579, -0.37796447300922725]]

