[result]
infid = 0.016836430223481802
tracedist = 0.03389255860132446
infid_ideal = -4.277940167662919e-06
bound_eq26 = 0.0727754282597537

