[phonon]
partialpos = [0.0e+00 5.0e-06 1.0e-05 1.5e-05 2.0e-05 2.5e-05 3.0e-05 3.5e-05 4.0e-05
	 4.5e-05 5.0e-05 5.5e-05 6.0e-05 6.5e-05 7.0e-05 7.5e-05 8.0e-05 8.5e-05
	 9.0e-05 9.5e-05]
z_freqcal = [2017527.7323876547, 2020208.9329573037, 2024188.3804419474, 2029415.0572627059, 2035826.7956036178, 2043349.000505132, 2051894.0153161895, 2061360.516910523, 2071632.7250983992, 2082579.2939131972, 2094051.6578123067, 2105881.6494465396, 2117877.861404675, 2129820.3355881935, 2141451.9818457128, 2152465.351096986, 2162478.0383960507, 2170989.0360797816, 2177258.655364017, 2179999.9999999995]
z_modes = [[-0.012044060957395625, 0.026889589850119404, 0.0448690682549544, 0.06536064270217169, -0.08781873091034512, 0.11172517189675533, -0.136566105790166, 0.16182797760417206, -0.18699349503744542, 0.21155084648036837, -0.23499035954430333, 0.2568222200334009, -0.27656300211823187, 0.2937673921635544, -0.30797937862664515, 0.3188042248021564, 0.3256897750304391, 0.32815743199371883, -0.3223042335059025, -0.22360679774998232], [0.04329406478155592, -0.09383853602081614, -0.14967012167316676, -0.20498450479582, 0.2543197013985812, -0.29276972895783765, 0.316274463056572, -0.3218979791697955, 0.3080598856840781, -0.2746656454725603, 0.22314961727305044, -0.15637876118700308, 0.07848686108593955, 0.00544336916459416, -0.08967523540508256, 0.16829913637867133, 0.2353932920043237, 0.28564575165145034, -0.3109790188201447, -0.2236067977499824], [-0.08546206097842408, 0.17546522648200924, 0.25685569911579914, 0.3106785166255832, -0.3233387561862764, 0.28882957672620335, -0.20984028028873464, 0.09741866610654304, 0.03085997954873756, -0.15391256544532136, 0.250882144592023, -0.3048690019234048, 0.30607168000616414, -0.25363952389904715, 0.1560860917800131, -0.029876543760343342, 0.10298730347285688, 0.21890201145393773, -0.29256995170885197, -0.22360679774998118], [0.13303783199090002, -0.2515004911207049, -0.3200045338872111, -0.30708655434136006, 0.20865007563574006, -0.04952744271977039, -0.12413179520752445, 0.2595292012745588, -0.3143395769334503, 0.2707860412677697, -0.14196561100082764, -0.0317098406750671, 0.1950626496074055, -0.29558901813875377, 0.30044420851759057, -0.20709221963434066, -0.04486069381483594, 0.13433662193827978, -0.2676980220693698, -0.22360679774998193], [-0.181987333977878, 0.3062877243162407, 0.31162142675862275, 0.17974822439191623, 0.034840078504992204, -0.23164418162609557, 0.3148794826175923, -0.2427836428411787, 0.05027922222571684, 0.1671382363954491, -0.3006512301274939, 0.28293994574604026, -0.12259382851642356, -0.0994920364746266, 0.27062072628299066, -0.3030166960634398, -0.17903248969302826, 0.03959160604759211, -0.23700877198550552, -0.22360679774998393], [0.22873824883677155, -0.3283574668024128, -0.22665846878495055, 0.023930929528108793, -0.2555745040461517, 0.30629979180917966, -0.13937406591329832, -0.12675120096481293, 0.3014234301753872, -0.2587317561307794, 0.02920324403605313, 0.22130115116367002, -0.31115356049500786, 0.17498032664160973, 0.0882709334917581, -0.2862627573357327, -0.2734136890361529, -0.05694254220422296, -0.20121888504319083, -0.22360679774998182], [-0.2701914091943909, 0.3117392568189269, 0.08355374164539413, -0.2169502406332296, 0.30919694885633053, -0.10511256260595161, -0.19943367581479454, 0.3104084446699545, -0.12021988152113786, -0.18648090197218578, 0.31129021478232605, -0.13252305346462534, -0.17542896972872746, 0.3117877881434356, -0.14312620938785714, -0.1650865812104395, -0.3099398794617922, -0.14678720951107493, -0.1611249470962825, -0.2236067977499787], [0.30371844154615907, -0.2564703408771562, 0.08146282186996104, 0.31380742603319767, -0.15907615969258096, -0.1911763958344048, 0.30302344908114887, -0.037821110310994235, -0.2739628439032836, 0.2435847981340337, 0.09086000578212726, -0.3113515142689889, 0.142245554402476, 0.2047613621830677, -0.29500700736855323, 0.01575396147615748, -0.28211177605439663, -0.22208172109046534, -0.11759810721065259, -0.22360679774997824], [-0.3272609919403337, 0.168504056603116, -0.22471081152532674, -0.27057451027786084, -0.0963626524613549, 0.3135352535352282, -0.04854400745163123, -0.29034087652326473, 0.1816108689160493, 0.20672076452274205, -0.275901642885614, -0.08042886000023655, 0.31227529162525425, -0.06187489241917837, -0.2837394535725314, 0.1909137962629768, -0.19624550104296612, -0.2762513015086545, -0.07157203840004867, -0.22360679774997783], [0.3393952173355563, -0.05871901924928929, 0.30759311845734877, 0.10607007076727887, 0.28775103461902657, -0.15015948222328865, -0.2633453544877329, 0.19041052015480925, 0.23344331169311375, -0.22598981777951094, -0.19840576451772357, 0.25619771457620216, 0.15891080515983505, -0.28014476736464666, -0.11587840652814349, 0.29756367908433107, -0.07019647090005378, -0.3045706487705584, -0.024027182146462395, -0.22360679774997463], [-0.33939521733552197, -0.058719019249420475, -0.30759311845732884, 0.10607007076733284, -0.2877510346190043, -0.1501594822233429, 0.26334535448772056, 0.19041052015484364, -0.23344331169309324, -0.22598981777952357, 0.19840576451771963, 0.256197714576212, -0.15891080515982037, -0.28014476736465455, 0.11587840652813668, 0.2975636790843364, 0.07019647090004415, -0.304570648770561, 0.024027182146455155, -0.22360679774997205], [0.32726099194024577, 0.16850405660323536, 0.22471081152528452, -0.27057451027790574, 0.09636265246131583, 0.3135352535352486, 0.048544007451646144, -0.29034087652326046, -0.18161086891607295, 0.20672076452273502, 0.27590164288561847, -0.08042886000022292, -0.3122752916252579, -0.061874892419193014, 0.2837394535725306, 0.1909137962629841, 0.1962455010429606, -0.27625130150865557, 0.07157203840004424, -0.2236067977499724], [-0.30371844154604266, -0.25647034087725734, -0.08146282186992222, 0.31380742603322787, 0.15907615969260128, -0.19117639583439217, -0.30302344908114975, -0.03782111031101619, 0.2739628439032739, 0.2435847981340415, -0.09086000578212504, -0.3113515142689901, -0.14224555440249137, 0.2047613621830586, 0.29500700736855834, 0.015753961476165135, 0.28211177605439636, -0.22208172109046792, 0.11759810721065192, -0.22360679774997488], [0.27019140919427065, 0.3117392568190081, -0.08355374164540855, -0.21695024063324528, -0.30919694885631777, -0.10511256260597608, 0.19943367581478746, 0.31040844466996015, 0.12021988152115487, -0.1864809019721849, -0.3112902147823258, -0.13252305346463186, 0.1754289697287185, 0.3117877881434368, 0.14312620938786177, -0.16508658121043432, 0.30993987946179913, -0.14678720951108357, 0.16112494709628136, -0.22360679774997502], [-0.22873824883666258, -0.32835746680247774, 0.2266584687849413, 0.023930929528112734, 0.2555745040461305, 0.30629979180920125, 0.1393740659132978, -0.1267512009648079, -0.30142343017539003, -0.25873175613078314, -0.029203244036044556, 0.22130115116367208, 0.3111535604950116, 0.17498032664161617, -0.08827093349175565, -0.2862627573357316, 0.27341368903616253, -0.05694254220423105, 0.20121888504319305, -0.22360679774997796], [0.18198733397779177, 0.3062877243163011, -0.3116214267586094, 0.1797482243919258, -0.03484007850499186, -0.23164418162611003, -0.31487948261758736, -0.242783642841177, -0.050279222225720316, 0.16713823639545425, 0.30065123012749245, 0.28293994574603626, 0.122593828516426, -0.09949203647462307, -0.27062072628298917, -0.3030166960634377, 0.17903248969303395, 0.03959160604758568, 0.2370087719855099, -0.22360679774997938], [-0.13303783199083738, -0.2515004911207538, 0.3200045338871969, -0.30708655434137966, -0.20865007563572058, -0.04952744271977698, 0.1241317952075198, 0.2595292012745512, 0.31433957693345144, 0.2707860412677735, 0.1419656110008222, -0.031709840675065694, -0.1950626496074019, -0.2955890181387529, -0.3004442085175914, -0.20709221963434105, 0.044860693814839314, 0.13433662193827256, 0.2676980220693778, -0.22360679774998038], [0.08546206097838333, 0.17546522648204138, -0.25685569911578543, 0.3106785166256012, 0.32333875618624514, 0.28882957672622533, 0.20984028028873514, 0.09741866610654375, -0.030859979548737444, -0.15391256544532597, -0.25088214459201924, -0.3048690019233975, -0.30607168000616347, -0.25363952389904987, -0.15608609178001534, -0.029876543760345504, -0.10298730347285517, 0.21890201145392957, 0.29256995170886224, -0.22360679774998093], [-0.0432940647815352, -0.0938385360208326, 0.14967012167315816, -0.20498450479583175, -0.254319701398556, -0.29276972895785613, -0.3162744630565656, -0.32189797916978885, -0.30805988568408527, -0.2746656454725715, -0.2231496172730479, -0.15637876118699914, -0.07848686108593927, 0.005443369164593636, 0.08967523540508289, 0.16829913637866944, -0.2353932920043238, 0.28564575165144035, 0.31097901882015433, -0.2236067977499815], [0.012044060957390506, 0.026889589850124813, -0.04486906825495168, 0.06536064270217419, 0.08781873091033497, 0.11172517189676147, 0.1365661057901635, 0.16182797760416848, 0.186993495037448, 0.21155084648037456, 0.23499035954430025, 0.25682222003339544, 0.2765630021182317, 0.29376739216355663, 0.3079793786266484, 0.31880422480215553, -0.32568977503044133, 0.32815743199370895, 0.3223042335059135, -0.22360679774998193]]

