[phonon]
partialpos = [0.0e+00 5.0e-06 1.0e-05 1.5e-05 2.0e-05 2.5e-05 3.0e-05 3.5e-05 4.0e-05
	 4.5e-05 5.0e-05 5.5e-05 6.0e-05 6.5e-05 7.0e-05 7.5e-05 8.0e-05 8.5e-05
	 9.0e-05 9.5e-05]
z_freqcal = [2017527.7323876556, 2020208.9329573042, 2024188.3804419478, 2029415.0572627059, 2035826.7956036178, 2043349.000505132, 2051894.01531619, 2061360.516910523, 2071632.7250983992, 2082579.2939131972, 2094051.6578123067, 2105881.6494465396, 2117877.861404675, 2129820.3355881935, 2141451.9818457128, 2152465.351096986, 2162478.0383960507, 2170989.036079781, 2177258.6553640165, 2179999.9999999995]
z_modes = [[0.012044060957397533, 0.026889589850124428, -0.04486906825495011, 0.06536064270217565, -0.08781873091034213, 0.11172517189675564, -0.1365661057901697, 0.1618279776041678, -0.18699349503744225, 0.21155084648037448, -0.2349903595442991, 0.2568222200334016, -0.27656300211823315, 0.2937673921635516, -0.30797937862664465, 0.318804224802158, 0.3256897750304392, 0.32815743199371733, -0.3223042335059074, -0.223606797749982], [-0.04329406478156224, -0.09383853602083353, 0.1496701216731518, -0.20498450479583194, 0.25431970139857096, -0.29276972895783865, 0.3162744630565794, -0.32189797916978746, 0.3080598856840737, -0.27466564547256883, 0.22314961727304652, -0.1563787611870033, 0.0784868610859417, 0.005443369164593707, -0.0896752354050821, 0.16829913637867044, 0.23539329200432343, 0.2856457516514486, -0.31097901882014856, -0.22360679774998166], [0.08546206097843463, 0.17546522648204138, -0.2568556991157713, 0.3106785166256002, -0.32333875618625835, 0.2888295767262049, -0.2098402802887375, 0.09741866610654126, 0.0308599795487354, -0.15391256544532528, 0.25088214459201835, -0.3048690019234059, 0.3060716800061666, -0.2536395238990454, 0.15608609178001348, -0.029876543760346756, 0.10298730347285608, 0.21890201145393512, -0.292569951708857, -0.22360679774997994], [-0.13303783199091232, -0.25150049112075, 0.32000453388717226, -0.3070865543413748, 0.20865007563571922, -0.049527442719771664, -0.12413179520753034, 0.2595292012745516, -0.31433957693344544, 0.27078604126777817, -0.14196561100082516, -0.0317098406750674, 0.19506264960740363, -0.29558901813875066, 0.3004442085175905, -0.20709221963434557, -0.044860693814836934, 0.1343366219382764, -0.2676980220693754, -0.22360679774998032], [0.18198733397788577, 0.30628772431629175, -0.3116214267585743, 0.17974822439191854, 0.03484007850500764, -0.23164418162609457, 0.31487948261759713, -0.24278364284117032, 0.050279222225717034, 0.16713823639545336, -0.3006512301274873, 0.2829399457460388, -0.12259382851642651, -0.09949203647462566, 0.2706207262829897, -0.3030166960634411, -0.17903248969302898, 0.039591606047589205, -0.23700877198551026, -0.2236067977499799], [-0.22873824883676425, -0.3283574668024565, 0.22665846878489357, 0.023930929528125942, -0.25557450404615223, 0.3062997918091766, -0.13937406591328852, -0.12675120096481549, 0.3014234301753844, -0.25873175613078664, 0.029203244036049885, 0.221301151163674, -0.3111535604950112, 0.17498032664160812, 0.0882709334917585, -0.28626275733573125, -0.2734136890361533, -0.05694254220422598, -0.20121888504319627, -0.2236067977499777], [0.27019140919436263, 0.31173925681895964, -0.08355374164534124, -0.2169502406332593, 0.3091969488563132, -0.10511256260595109, -0.19943367581480884, 0.3104084446699494, -0.12021988152113991, -0.18648090197219067, 0.3112902147823204, -0.1325230534646237, -0.17542896972872543, 0.3117877881434351, -0.14312620938785867, -0.16508658121043315, -0.30993987946179363, -0.1467872095110802, -0.16112494709628847, -0.22360679774997794], [-0.3037184415461073, -0.25647034087717735, -0.08146282186999808, 0.31380742603322925, -0.15907615969255368, -0.19117639583440238, 0.30302344908114986, -0.03782111031098939, -0.27396284390327913, 0.2435847981340387, 0.09086000578213071, -0.3113515142689907, 0.14224555440247683, 0.2047613621830714, -0.2950070073685525, 0.01575396147616054, -0.2821117760543987, -0.2220817210904654, -0.11759810721065994, -0.22360679774997366], [0.32726099194026675, 0.16850405660313109, 0.22471081152534758, -0.2705745102778911, -0.09636265246137955, 0.3135352535352366, -0.04854400745162127, -0.2903408765232672, 0.18161086891606026, 0.2067207645227427, -0.27590164288561403, -0.08042886000023104, 0.3122752916252547, -0.06187489241918108, -0.28373945357252717, 0.19091379626298097, -0.19624550104296504, -0.2762513015086554, -0.07157203840005537, -0.22360679774997402], [-0.33939521733549977, -0.05871901924930998, -0.3075931184573646, 0.10607007076731002, 0.28775103461903695, -0.1501594822233113, -0.26334535448774266, 0.19041052015480897, 0.23344331169310722, -0.22598981777951274, -0.19840576451772707, 0.25619771457620444, 0.1589108051598319, -0.28014476736465294, -0.11587840652813737, 0.29756367908433573, -0.07019647090005111, -0.3045706487705602, -0.024027182146470327, -0.2236067977499704], [0.3393952173354964, -0.05871901924939629, 0.3075931184573582, 0.10607007076731002, -0.28775103461901275, -0.15015948222331924, 0.2633453544877336, 0.19041052015483825, -0.2334433116931125, -0.22598981777951946, 0.19840576451771988, 0.2561977145762051, -0.15891080515982128, -0.28014476736465505, 0.11587840652813887, 0.2975636790843327, 0.07019647090005063, -0.30457064877056095, 0.024027182146452362, -0.22360679774997252], [-0.3272609919402619, 0.1685040566032019, -0.22471081152533162, -0.27057451027788815, 0.09636265246132386, 0.3135352535352378, 0.048544007451637554, -0.29034087652325624, -0.18161086891605563, 0.20672076452273982, 0.27590164288562036, -0.08042886000023089, -0.31227529162525697, -0.06187489241918965, 0.2837394535725294, 0.19091379626297766, 0.19624550104296712, -0.27625130150865607, 0.07157203840004138, -0.22360679774997402], [0.3037184415460888, -0.25647034087721327, 0.08146282186997489, 0.3138074260332147, 0.15907615969259575, -0.19117639583439272, -0.3030234490811443, -0.037821110311018605, 0.27396284390327935, 0.24358479813403483, -0.09086000578212222, -0.31135151426898583, -0.14224555440248562, 0.20476136218306432, 0.2950070073685537, 0.015753961476156535, 0.2821117760544029, -0.22208172109047059, 0.11759810721064676, -0.22360679774997572], [-0.27019140919433166, 0.3117392568189606, 0.08355374164537563, -0.21695024063323545, -0.30919694885632387, -0.10511256260597528, 0.19943367581478721, 0.31040844466996376, 0.12021988152114349, -0.18648090197218975, -0.31129021478233015, -0.13252305346462231, 0.17542896972872357, 0.31178778814343705, 0.14312620938785361, -0.16508658121044054, 0.3099398794617995, -0.1467872095110835, 0.1611249470962775, -0.22360679774997724], [0.22873824883672425, -0.32835746680243744, -0.22665846878494225, 0.02393092952811258, 0.2555745040461458, 0.30629979180920247, 0.13937406591328882, -0.12675120096481182, -0.3014234301753916, -0.25873175613077315, -0.02920324403604921, 0.22130115116367272, 0.31115356049500864, 0.17498032664160837, -0.08827093349176376, -0.28626275733573076, 0.27341368903615376, -0.056942542204226045, 0.20121888504319138, -0.22360679774998202], [-0.18198733397785166, 0.30628772431626566, 0.31162142675862636, 0.17974822439190985, -0.03484007850499697, -0.2316441816261044, -0.3148794826175745, -0.24278364284118184, -0.05027922222571712, 0.16713823639545147, 0.3006512301274963, 0.2829399457460365, 0.12259382851642611, -0.09949203647462798, -0.27062072628299466, -0.303016696063434, 0.17903248969302327, 0.039591606047591106, 0.23700877198550785, -0.22360679774998377], [0.1330378319908867, -0.2515004911207268, -0.3200045338872204, -0.3070865543413483, -0.20865007563572627, -0.04952744271978616, 0.12413179520751384, 0.2595292012745599, 0.31433957693345776, 0.2707860412677656, 0.14196561100082544, -0.03170984067506854, -0.19506264960740133, -0.2955890181387524, -0.30044420851759146, -0.20709221963433516, 0.044860693814829905, 0.13433662193827609, 0.26769802206937365, -0.22360679774998402], [-0.08546206097841805, 0.1754652264820235, 0.2568556991158067, 0.310678516625568, 0.3233387561862565, 0.28882957672622855, 0.2098402802887269, 0.09741866610654762, -0.030859979548737634, -0.15391256544532325, -0.2508821445920259, -0.3048690019234027, -0.30607168000616286, -0.2536395238990463, -0.15608609178001215, -0.029876543760340355, -0.10298730347286125, 0.21890201145393173, 0.29256995170885675, -0.22360679774998443], [0.04329406478155341, -0.09383853602082401, -0.14967012167317234, -0.2049845047958101, -0.25431970139856763, -0.2927697289578594, -0.3162744630565568, -0.3218979791698002, -0.3080598856840862, -0.27466564547255823, -0.22314961727305008, -0.15637876118699953, -0.07848686108593822, 0.005443369164598304, 0.08967523540508987, 0.16829913637867364, -0.23539329200432596, 0.28564575165144057, 0.3109790188201471, -0.22360679774998427], [-0.012044060957395955, 0.02688958985012284, 0.04486906825495684, 0.06536064270216851, 0.08781873091034023, 0.11172517189676268, 0.13656610579016024, 0.1618279776041764, 0.18699349503745202, 0.21155084648036684, 0.2349903595443013, 0.25682222003339616, 0.276563002118231, 0.29376739216355874, 0.307979378626656, 0.31880422480215714, -0.3256897750304387, 0.32815743199370606, 0.3223042335059038, -0.22360679774998343]]

