[phonon]
partialpos = [0.0e+00 5.0e-06 1.0e-05 1.5e-05 2.0e-05 2.5e-05 3.0e-05 3.5e-05 4.0e-05
	 4.5e-05 5.0e-05 5.5e-05 6.0e-05 6.5e-05 7.0e-05 7.5e-05 8.0e-05 8.5e-05]
z_freqcal = [2017855.0631818953, 2021148.6447402106, 2026023.3477553516, 2032403.517471336, 2040196.3434976914, 2049290.0470336739, 2059552.7858189824, 2070831.426694213, 2082949.7751730527, 2095705.9610634162, 2108868.3312588357, 2122169.2753470405, 2135295.0633322294, 2147869.8902431056, 2159425.981994051, 2169349.9541778886, 2176735.281641814, 2179999.9999999995]
z_modes = [[0.014826397837295287, -0.033083222255619216, -0.05513597714999682, 0.08015008522849403, -0.10736712847079029, 0.13605156551035966, -0.16546626114097998, 0.19487492643877352, -0.22353840469402125, 0.2507358251584556, -0.27575455468993765, 0.2979288995417632, -0.3165925472436075, 0.3311608073054114, -0.3408980802503598, 0.34516963910508297, -0.33967791097577926, -0.23570226039551923], [-0.05311281543884079, 0.11426061061860983, 0.18006335113273253, -0.24238207190727754, 0.29370946975487744, -0.3276404693698262, 0.33939047048229376, -0.3262231133217194, 0.2877418165843976, -0.2259518577482401, 0.1451474904008533, -0.05152532214358091, -0.04727474542553105, 0.14291691526249087, -0.22681280098810147, 0.29109405040164354, -0.3252122062731314, -0.23570226039551925], [0.1041992526393329, -0.2095617263326465, -0.29641320593314224, 0.33985553322308626, -0.32494164199891085, 0.24984939848736612, -0.126452119397912, -0.022010218180450625, 0.16581682196734515, -0.27514429482085523, 0.3266569940142809, -0.30872066681618565, 0.22429564872596167, -0.09050058173471477, -0.06441949054490315, 0.20715738901502181, -0.3017384611006578, -0.23570226039551967], [-0.16073208765673738, 0.2913756208870075, 0.34325028548904907, -0.28348080882304605, 0.12485699847983144, 0.07856200428772374, -0.2521742446445082, 0.33018004374308013, -0.2820321334678919, 0.12546578924214405, 0.07944928339597808, -0.253032080038786, 0.32702313669831273, -0.27132461435079563, 0.10671095994875122, 0.10299771391051415, -0.27014374678675585, -0.23570226039552258], [0.21718260785517748, -0.3391775398060856, -0.29184785401539415, 0.08450092960877027, 0.1697013735821432, -0.32230851653779186, 0.28157257743791, -0.07104514215392357, -0.18227416317558773, 0.324223146673161, -0.26774676173452594, 0.04717214838827514, 0.20196949072388465, -0.32540309435800513, 0.24562414793766468, -0.00997033271029343, -0.23138663785334768, -0.23570226039552278], [-0.26869513704573766, 0.33987786734159203, 0.1505063513855529, 0.15865253667362683, -0.33043556470989643, 0.2178180372972534, 0.08265592216290983, -0.31053040380815333, 0.26721347065607953, 0.0096808623130779, -0.2777753746168117, 0.3018345645588098, -0.060572646851864705, -0.23322183442872876, 0.31953062823049544, -0.11955239759069156, -0.18654766698952896, -0.23570226039552108], [0.3111847638500344, -0.28972680505554976, 0.0387506714411318, -0.316358460240561, 0.22784549784237368, 0.12394446696811307, -0.3301757897324185, 0.150570280747466, 0.20472649129790418, -0.3195881913230338, 0.059437534313451675, 0.27024320814605596, -0.281910214674041, -0.037769236163182736, 0.3115941247478465, -0.21399062687893528, -0.1368312126623035, -0.2357022603955187], [-0.3414001765078864, 0.19453132044623447, -0.21532686105576207, 0.3022967115132863, 0.057395808443599164, -0.3297769780938076, 0.11084912190621081, 0.2725332995122697, -0.2487490960150212, -0.14616342582691236, 0.32218777813974653, -0.016467374245959197, -0.31343793562316485, 0.17425785119547446, 0.22493031690119755, -0.2831796836412065, -0.08354873807594144, -0.23570226039551673], [0.3570875507651723, -0.0684961258435258, 0.3211869597798347, -0.12323445527637344, -0.2963724649678744, 0.17350049145060684, 0.26539468536713845, -0.2183496729773457, -0.2275564268283433, 0.2567421463321944, 0.18354666762646202, -0.2874333773903903, -0.1345516932118192, 0.3098837872720619, 0.08180319057454344, -0.3197257516111337, -0.028092956798079365, -0.23570226039551626], [-0.3570875507651702, -0.06849612584359265, -0.32118695977984235, -0.12323445527638496, 0.2963724649678721, 0.17350049145061194, -0.2653946853671403, -0.2183496729773354, 0.2275564268283379, 0.2567421463321936, -0.18354666762644617, -0.28743337739038743, 0.13455169321181992, 0.30988378727205873, -0.0818031905745396, -0.31972575161113276, 0.02809295679809916, -0.2357022603955174], [0.3414001765078657, 0.19453132044628463, 0.215326861055769, 0.30229671151328064, -0.057395808443582046, -0.32977697809379153, -0.11084912190621692, 0.27253329951226324, 0.24874909601503276, -0.14616342582689917, -0.3221877781397544, -0.016467374245966792, 0.3134379356231651, 0.17425785119547538, -0.22493031690119455, -0.283179683641207, 0.0835487380759625, -0.2357022603955177], [-0.3111847638499948, -0.28972680505558013, -0.03875067144112901, -0.3163584602405452, -0.22784549784240274, 0.12394446696809405, 0.33017578973243483, 0.15057028074745665, -0.20472649129790937, -0.3195881913230311, -0.059437534313465316, 0.2702432081460507, 0.28191021467403926, -0.03776923616318241, -0.311594124747846, -0.21399062687893358, 0.13683121266232456, -0.23570226039551695], [0.2686951370456912, 0.33987786734160785, -0.1505063513855618, 0.1586525366736191, 0.3304355647099166, 0.21781803729724938, -0.08265592216291778, -0.31053040380814395, -0.2672134706560895, 0.009680862313067392, 0.2777753746168111, 0.30183456455881336, 0.06057264685186326, -0.23322183442872807, -0.3195306282304964, -0.11955239759069122, 0.18654766698954453, -0.23570226039551365], [-0.21718260785513374, -0.33917753980609566, 0.2918478540154119, 0.08450092960876202, -0.1697013735821492, -0.32230851653777626, -0.28157257743791897, -0.07104514215390922, 0.18227416317559902, 0.3242231466731582, 0.2677467617345382, 0.0471721483882788, -0.20196949072388914, -0.32540309435800496, -0.24562414793766682, -0.009970332710294374, 0.23138663785335745, -0.23570226039551015], [0.16073208765670782, 0.291375620887021, -0.34325028548907544, -0.28348080882302523, -0.1248569984798394, 0.07856200428771867, 0.25217424464452254, 0.3301800437430623, 0.28203213346789474, 0.12546578924214574, -0.07944928339597204, -0.25303208003878624, -0.32702313669831656, -0.27132461435079386, -0.10671095994875236, 0.10299771391051474, 0.27014374678676384, -0.23570226039550857], [-0.10419925263931329, -0.20956172633265485, 0.29641320593316217, 0.3398555332230577, 0.32494164199892545, 0.24984939848735843, 0.12645211939791695, -0.022010218180453445, -0.16581682196734715, -0.2751442948208419, -0.3266569940142838, -0.3087206668161926, -0.22429564872596966, -0.09050058173471959, 0.06441949054489952, 0.20715738901502426, 0.30173846110066754, -0.2357022603955076], [0.053112815438829876, 0.11426061061861148, -0.18006335113274022, -0.24238207190725444, -0.29370946975489093, -0.32764046936981894, -0.3393904704823189, -0.32622311332170567, -0.2877418165843996, -0.22595185774823073, -0.14514749040085584, -0.05152532214358449, 0.04727474542552739, 0.14291691526248468, 0.2268128009880995, 0.2910940504016493, 0.32521220627314157, -0.23570226039550812], [-0.014826397837292327, -0.03308322225562005, 0.05513597714999964, 0.08015008522848688, 0.10736712847079564, 0.13605156551035752, 0.1654662611409936, 0.19487492643876644, 0.22353840469402328, 0.2507358251584444, 0.2757545546899392, 0.29792889954176427, 0.31659254724360775, 0.33116080730540376, 0.3408980802503586, 0.3451696391050907, 0.33967791097579114, -0.23570226039550868]]

