[shined]
shined = [0, 1]

[amplitude]
pulse_type = AM
shape = rectangular
mu = 2098544.850871268
delta_t = 1.4999999999999999e-05
segnum = 39
amp_list0 = [-0.054943479893105295, 0.21498823124157712, -0.3515305020204715, 0.1985003622426469, 0.1735753780501531, -0.25393522483657227, -0.12102202350220405, 0.3212584485771863, 0.05789383263516242, -0.35714805436970376, -0.005963437372653005, 0.35670248466352195, 0.017161955418644948, -0.42741699994001026, 0.07724577388439484, 0.33343287216571343, 0.017379498106695583, -0.39279953513380883, -0.02051273832764481, 0.4323835419133931, -0.020387923371496912, -0.392659789537305, 0.017557494313636797, 0.3320008069493856, 0.07930083728287264, -0.4285132885197647, 0.01715401330895768, 0.35656711594606055, -0.005360311344051863, -0.3570367194216876, 0.056233015635133624, 0.3237381849436976, -0.12290057651293973, -0.2534330022691677, 0.17422131412343414, 0.1974702414292317, -0.35076251965435173, 0.2146578924095338, -0.054877388783277914]
amp_list1 = [-0.054943479893105295, 0.21498823124157712, -0.3515305020204715, 0.1985003622426469, 0.1735753780501531, -0.25393522483657227, -0.12102202350220405, 0.3212584485771863, 0.05789383263516242, -0.35714805436970376, -0.005963437372653005, 0.35670248466352195, 0.017161955418644948, -0.42741699994001026, 0.07724577388439484, 0.33343287216571343, 0.017379498106695583, -0.39279953513380883, -0.02051273832764481, 0.4323835419133931, -0.020387923371496912, -0.392659789537305, 0.017557494313636797, 0.3320008069493856, 0.07930083728287264, -0.4285132885197647, 0.01715401330895768, 0.35656711594606055, -0.005360311344051863, -0.3570367194216876, 0.056233015635133624, 0.3237381849436976, -0.12290057651293973, -0.2534330022691677, 0.17422131412343414, 0.1974702414292317, -0.35076251965435173, 0.2146578924095338, -0.054877388783277914]

