[shined]
shined = [0, 4]

[amplitude]
pulse_type = AM
shape = rectangular
mu = 2100981.301078972
delta_t = 1.4999999999999999e-05
segnum = 81
amp_list0 = [0.4869268843700846, 0.3627167895150628, 0.18020113088616108, -0.10054006890578164, 0.010399160926711245, 0.1095766715030116, -0.09582384603392159, -0.11399663531044198, 0.22034022298711173, 0.45949264719783817, 0.3465675319725727, 0.08602729458642225, -0.039760219308343066, -0.09439631419974924, -0.24554566838741235, -0.31368351313170406, -0.07915835720188902, -0.12554138336582388, 0.0689456149044554, -0.060332412944150024, -0.050885586301827865, 0.015704407775432923, -0.0280233013049249, -0.0917788451488498, -0.1340131766154467, -0.18687980535810847, -0.245151149906886, -0.21173758759523115, -0.013495108370820207, 0.2611776724958829, 0.3872160716326374, 0.3356294901919364, 0.1156540450755982, -0.08638093554505355, -0.21443604931356414, -0.31276392447367196, -0.3423237715053081, -0.2688659405494123, 0.05824784759309379, 0.38870785241366496, 0.4557349054152796, 0.39888351582556864, 0.05145041215486212, -0.2701846923246054, -0.35743858198615663, -0.30988822176505104, -0.21674662860283564, -0.09204695099165569, 0.11261634645390858, 0.33822884500661476, 0.3943636458210246, 0.259978473139074, -0.0224822318089297, -0.2235690536473384, -0.25167103489183107, -0.18466057296759814, -0.1274233139426487, -0.08773621509070231, -0.029854698957082013, 0.009686380430592006, -0.05785813550183422, -0.06766444405761828, 0.060329981499646884, -0.13428706584297606, -0.08479141323168662, -0.3138614125712361, -0.24249997786369304, -0.09420459382206171, -0.046524203168461196, 0.07329714383170541, 0.3631437944743675, 0.456171437423405, 0.21392792793199464, -0.11523825352526157, -0.09174869086763308, 0.1165295999309682, 0.013480178065664981, -0.10885835618770036, 0.20316802105915205, 0.37733915613752955, 0.48895095606599137]
amp_list1 = [0.4869268843700846, 0.3627167895150628, 0.18020113088616108, -0.10054006890578164, 0.010399160926711245, 0.1095766715030116, -0.09582384603392159, -0.11399663531044198, 0.22034022298711173, 0.45949264719783817, 0.3465675319725727, 0.08602729458642225, -0.039760219308343066, -0.09439631419974924, -0.24554566838741235, -0.31368351313170406, -0.07915835720188902, -0.12554138336582388, 0.0689456149044554, -0.060332412944150024, -0.050885586301827865, 0.015704407775432923, -0.0280233013049249, -0.0917788451488498, -0.1340131766154467, -0.18687980535810847, -0.245151149906886, -0.21173758759523115, -0.013495108370820207, 0.2611776724958829, 0.3872160716326374, 0.3356294901919364, 0.1156540450755982, -0.08638093554505355, -0.21443604931356414, -0.31276392447367196, -0.3423237715053081, -0.2688659405494123, 0.05824784759309379, 0.38870785241366496, 0.4557349054152796, 0.39888351582556864, 0.05145041215486212, -0.2701846923246054, -0.35743858198615663, -0.30988822176505104, -0.21674662860283564, -0.09204695099165569, 0.11261634645390858, 0.33822884500661476, 0.3943636458210246, 0.259978473139074, -0.0224822318089297, -0.2235690536473384, -0.25167103489183107, -0.18466057296759814, -0.1274233139426487, -0.08773621509070231, -0.029854698957082013, 0.009686380430592006, -0.05785813550183422, -0.06766444405761828, 0.060329981499646884, -0.13428706584297606, -0.08479141323168662, -0.3138614125712361, -0.24249997786369304, -0.09420459382206171, -0.046524203168461196, 0.07329714383170541, 0.3631437944743675, 0.456171437423405, 0.21392792793199464, -0.11523825352526157, -0.09174869086763308, 0.1165295999309682, 0.013480178065664981, -0.10885835618770036, 0.20316802105915205, 0.37733915613752955, 0.48895095606599137]

