[phonon]
partialpos = [0.0e+00 5.0e-06 1.0e-05 1.5e-05 2.0e-05 2.5e-05 3.0e-05 3.5e-05 4.0e-05]
z_freqcal = [2022846.157442732, 2035171.405445444, 2052697.291158338, 2074423.533443256, 2099050.7395851845, 2124891.2364956792, 2149685.918430904, 2170065.42770921, 2179999.9999999995]
z_modes = [[0.057374124032070255, -0.12600513526227541, 0.20415395454673618, -0.28434405107020994, -0.3591257435220285, 0.421075247252636, 0.4636237288611497, 0.47535965611277026, -0.33333333333333626], [-0.19487599902989675, 0.3690847595329038, -0.46870080857672675, 0.44483948430209386, 0.2907634510540371, -0.046025917337605506, 0.21607499036596936, 0.40469233797987897, -0.3333333333333356], [0.3467996405891223, -0.48259532147804435, 0.3018363870480718, 0.09001974423072617, 0.40974490746693565, -0.4154531341765552, -0.09809589407729406, 0.29393348676020975, -0.3333333333333338], [-0.4606018574108942, 0.33911782886715763, 0.19620478468776786, -0.4616955051497366, -0.11082697212018268, -0.384676415168961, -0.3549026381344904, 0.15446816591684323, -0.3333333333333302], [0.5026081836391945, 4.662555047223642e-15, -0.4669886354117001, -9.840262496081164e-16, -0.4611112857575226, -9.770103828950686e-16, -0.4534003740306824, -1.5271437113104182e-15, -0.3333333333333318], [-0.460601857410892, -0.339117828867161, 0.19620478468777452, 0.461695505149733, -0.11082697212019017, 0.3846764151689571, -0.3549026381344941, -0.15446816591684495, -0.33333333333333176], [0.34679964058911694, 0.48259532147804385, 0.30183638704806937, -0.09001974423072716, 0.40974490746693965, 0.4154531341765546, -0.09809589407729453, -0.29393348676021186, -0.33333333333333376], [-0.19487599902989536, -0.36908475953290654, -0.46870080857673246, -0.4448394843020853, 0.29076345105403867, 0.046025917337605006, 0.21607499036597114, -0.40469233797987886, -0.33333333333333337], [0.05737412403207038, 0.12600513526227725, 0.2041539545467402, 0.28434405107020494, -0.3591257435220306, -0.4210752472526345, 0.46362372886115305, -0.47535965611276937, -0.3333333333333335]]

