[result]
infid = 0.14720707459534277
tracedist = 0.2879795398603971
infid_ideal = 8.979639858741617e-05
bound_eq26 = 0.688954884669515

