[shined]
shined = [0, 1]

[amplitude]
pulse_type = AM
shape = rectangular
mu = 2084486.2003190233
delta_t = 1.4999999999999999e-05
segnum = 43
amp_list0 = [0.12529677658424898, -0.3795203709689962, 0.49745541439447927, -0.14155165549677223, -0.30358797533896364, 0.2684911997345587, 0.18600464377300743, -0.26137985948425446, -0.09227889340328582, 0.26456230979401396, 0.06843173160304783, -0.2392944746072224, -0.02054359688865994, 0.2436550089473331, 0.020452831690638693, -0.22467947888301038, 0.0006440816643666135, 0.23018542742884637, 0.004152744530002034, -0.22072983840242225, 0.00324651988324292, 0.2234594808329123, 0.0031588909923196905, -0.22065936609239825, 0.004253774864766558, 0.22994690577217705, 0.0006678456897253854, -0.2241648597509295, 0.019576952204360037, 0.24439210485903926, -0.02108602830418891, -0.2382534556176466, 0.06615347549033082, 0.267952488553505, -0.09575096654681124, -0.25892369241275937, 0.1849711049409287, 0.26843769989354055, -0.30307942547351757, -0.14202416962670655, 0.4977079613886395, -0.3795995246080707, 0.1253084510526593]
amp_list1 = [0.12529677658424898, -0.3795203709689962, 0.49745541439447927, -0.14155165549677223, -0.30358797533896364, 0.2684911997345587, 0.18600464377300743, -0.26137985948425446, -0.09227889340328582, 0.26456230979401396, 0.06843173160304783, -0.2392944746072224, -0.02054359688865994, 0.2436550089473331, 0.020452831690638693, -0.22467947888301038, 0.0006440816643666135, 0.23018542742884637, 0.004152744530002034, -0.22072983840242225, 0.00324651988324292, 0.2234594808329123, 0.0031588909923196905, -0.22065936609239825, 0.004253774864766558, 0.22994690577217705, 0.0006678456897253854, -0.2241648597509295, 0.019576952204360037, 0.24439210485903926, -0.02108602830418891, -0.2382534556176466, 0.06615347549033082, 0.267952488553505, -0.09575096654681124, -0.25892369241275937, 0.1849711049409287, 0.26843769989354055, -0.30307942547351757, -0.14202416962670655, 0.4977079613886395, -0.3795995246080707, 0.1253084510526593]

