[phonon]
partialpos = [0.0e+00 5.0e-06 1.0e-05 1.5e-05 2.0e-05 2.5e-05 3.0e-05 3.5e-05 4.0e-05
	 4.5e-05 5.0e-05 5.5e-05 6.0e-05]
z_freqcal = [2019414.5626200046, 2025589.6827805548, 2034612.9324970685, 2046229.4267625634, 2060120.0121589303, 2075893.6986075907, 2093078.7020304557, 2111107.0628589983, 2129288.196976924, 2146756.627762081, 2162372.804093032, 2174447.2523802426, 2180000.0]
z_modes = [[0.028096864808603524, -0.062450839762266896, 0.10330578989565567, -0.1484226048679995, 0.19559832648838119, 0.24260798510356232, -0.287261184556315, 0.3273870388801246, -0.3609882556700146, 0.38600078069841814, 0.400655948201763, 0.3987895593100367, -0.27735009811260736], [-0.09900852598430583, 0.20514700893464285, -0.3041284577847025, 0.3739639400168094, -0.3978323599587009, -0.3668608043866487, 0.2817184154258476, -0.15281660853671597, -0.001363631613539401, 0.15683563340413612, 0.28834424619419086, 0.3681419491814543, -0.27735009811260924], [0.1885457118851312, -0.34174286465837206, 0.40176463382775357, -0.32951361870120127, 0.14072049150376698, -0.09921116820040156, 0.30044923043518057, -0.384745972583325, 0.31734222973620146, -0.12276614728401222, 0.12383266547969204, 0.3188867248911357, -0.2773500981126088], [-0.2781667895762402, 0.40451345246349935, -0.28899473584785274, -0.012646069354549793, 0.3026446830337357, 0.3814332993178779, -0.1929088711550815, -0.13102042756911136, 0.3603482923545854, -0.33030692222510205, -0.059360545518151724, 0.25386722231752046, -0.27735009811261024], [0.3535624527139367, -0.3593428342620921, 0.010785427409523035, 0.34117845548073217, -0.3228877413192775, 0.04549539988124625, -0.36272359325798315, 0.28168493922561055, 0.10811510942023052, -0.37673112140684956, -0.22458943469855747, 0.1764296311477344, -0.27735009811261485], [-0.40354092713193884, 0.21087438448946963, 0.27347592042298263, -0.33612470225707397, -0.11219098988635481, -0.3862000344824094, 0.06775906623147816, 0.353443899484236, -0.23099391559822155, -0.24557168763864123, -0.33897826750924415, 0.0904083403910581, -0.2773500981126162], [0.42102242656963124, -2.1974339990534608e-14, -0.3924171558467251, 1.1139373985703275e-15, 0.38789518027691344, 7.481581408101383e-15, 0.385933873753747, -4.494511696301534e-15, -0.3849196572584724, 8.809142230766139e-16, -0.37980922429937913, 3.4776461731987354e-15, -0.27735009811261807], [-0.40354092713195455, -0.21087438448942955, 0.2734759204229973, 0.3361247022570706, -0.11219098988636932, 0.38620003448240614, 0.0677590662314751, -0.3534438994842363, -0.23099391559822152, 0.24557168763863962, -0.3389782675092407, -0.09040834039104924, -0.2773500981126181], [0.3535624527139605, 0.3593428342620683, 0.010785427409507995, -0.34117845548073183, -0.322887741319276, -0.045495399881256136, -0.36272359325798753, -0.2816849392256091, 0.10811510942022909, 0.3767311214068499, -0.22458943469855167, -0.17642963114772747, -0.27735009811261846], [-0.2781667895762693, -0.4045134524634912, -0.2889947358478385, 0.012646069354554531, 0.30264468303374575, -0.381433299317869, -0.19290887115507827, 0.1310204275691112, 0.360348292354581, 0.3303069222251037, -0.059360545518147526, -0.2538672223175152, -0.2773500981126186], [0.18854571188515623, 0.34174286465837367, 0.40176463382774324, 0.32951361870119517, 0.14072049150376362, 0.09921116820040526, 0.300449230435184, 0.38474597258332566, 0.31734222973619797, 0.12276614728401262, 0.12383266547969511, -0.31888672489112896, -0.2773500981126176], [-0.09900852598432058, -0.20514700893464613, -0.30412845778469805, -0.37396394001680894, -0.39783235995871136, 0.3668608043866408, 0.28171841542584625, 0.15281660853671558, -0.0013636316135396342, -0.15683563340413748, 0.2883442461941907, -0.368141949181444, -0.27735009811261624], [0.02809686480860747, 0.06245083976226794, 0.10330578989565416, 0.14842260486799896, 0.19559832648838585, -0.2426079851035565, -0.2872611845563142, -0.32738703888012455, -0.36098825567001264, -0.38600078069842453, 0.4006559482017634, -0.39878955931002763, -0.2773500981126158]]

