[phonon]
partialpos = [0.0e+00 5.0e-06 1.0e-05 1.5e-05 2.0e-05 2.5e-05 3.0e-05 3.5e-05 4.0e-05
	 4.5e-05 5.0e-05 5.5e-05 6.0e-05 6.5e-05 7.0e-05 7.5e-05 8.0e-05 8.5e-05
	 9.0e-05 9.5e-05 1.0e-04]
z_freqcal = [2017397.5585127985, 2019834.451433628, 2023455.3803896853, 2028217.8379843358, 2034070.1945220213, 2040950.5992842333, 2048786.47809787, 2057494.0845386207, 2066977.9545811457, 2077130.1408785505, 2087829.1337644828, 2098938.2685080864, 2110303.465759533, 2121749.820691686, 2133076.6802390744, 2144049.73993837, 2154388.9474094776, 2163746.0623573363, 2171665.012910963, 2177472.774502908, 2180000.0]
z_modes = [[-0.010937799537228987, -0.024424059386223596, 0.040772949787007524, -0.05943917775964162, 0.07995297193892242, -0.10187198885186081, 0.12476202217522923, 0.1481873814789892, -0.1717124942254284, 0.19489969670919338, 0.21731850077218956, -0.23854155792720458, 0.2581607736277674, -0.27577283907257233, 0.29100849899754394, -0.30348401660421637, 0.3128693765611318, -0.31867639415198407, 0.3204811286474647, 0.3145428896007176, -0.21821789023597862], [0.03937107834512256, 0.08558604372512506, -0.13714962015269527, 0.18910122615917754, -0.23674805071351612, 0.27580407759440384, -0.3026012129757978, -0.3143156210545244, 0.3091558208429394, -0.28650240145353023, -0.2469611323173106, 0.1923524889279417, -0.1255932385301101, 0.0505393756151381, 0.02828890166823149, -0.10593717498807223, 0.17740620926124986, -0.23772621393783688, 0.2824707234542346, 0.30443354638957015, -0.2182178902359787], [-0.07790857061381584, -0.16125672160344293, 0.23921108533392285, -0.29522468162332705, 0.3167481876350223, -0.29704429366610147, 0.23628160692729738, 0.1415997125547575, -0.0260723388641984, -0.09332479123127824, -0.19840719240301904, 0.2727466500307903, -0.3043702362970777, 0.28782790070849634, -0.22516435495814402, 0.12581058415590202, -0.005123653613168516, -0.11764721823405201, 0.22252907979029996, 0.2879905256626235, -0.21821789023597754], [0.12171788135856618, 0.2338832560457997, -0.30631710699637477, 0.30953187825833406, -0.23531855112888667, 0.09926838655804882, 0.0635036503111116, 0.20844443468770574, -0.294655910617049, 0.29715063308117984, 0.21463710408958261, -0.07039227167523834, -0.09408763749958808, 0.23098181254720215, -0.2999949094286254, 0.28032737203513713, -0.17686557428862276, 0.019409960795048607, 0.14596558805544083, 0.2657423441817907, -0.21821789023598157], [-0.16731116071145954, -0.28976606893207346, 0.3126616708199825, -0.21163823510031785, 0.022202093402446374, 0.17599138378352286, -0.29564400633256355, -0.28259736342794994, 0.1419245920216445, 0.06310512099024619, 0.2392102448673453, -0.3056581663397251, 0.2316575292939837, -0.05100138243294149, -0.15294077505962098, 0.2854988660637871, -0.2842847214378256, 0.14878915484070643, 0.05911235558805404, 0.23822787133216025, -0.21821789023598254], [0.21159711107244122, 0.3184137380644257, -0.2500150898052458, 0.032374770371398465, 0.20353906145681522, -0.30794731042673007, 0.21272387481842997, -0.02094176798506617, 0.2405007862502554, -0.30163217117429236, -0.1637538803783203, -0.08229090241383341, 0.27369301293639214, -0.28336992887625484, 0.10475029943675412, 0.14331626442168882, -0.294825932282896, 0.2474874867532903, -0.031011142275310252, 0.20604023481801972, -0.2182178902359833], [-0.25186899590109285, -0.31360219992155125, 0.12947336512502092, 0.15953492727349697, -0.30801381938669875, 0.18645460673778994, 0.09882969551203892, 0.29600890395093027, -0.23017135524731833, -0.04031201802686369, -0.27454174855399127, 0.26346764720553845, -0.0168720429748962, -0.2446585808523446, 0.28686754289938593, -0.07180711598485229, -0.20706667375706866, 0.2981890978561986, -0.11719002730685785, 0.16983696446820307, -0.21821789023598534], [0.28578235859279083, 0.2738746179727189, 0.02183823385365893, -0.2871476688803723, 0.2274271870993809, 0.0894216916373065, -0.3033619282851927, -0.17059257407309295, -0.1569982450413804, 0.304299783141744, 0.1025116686864995, 0.21671406034179877, -0.2866510930672136, 0.026960334789178492, 0.2635877873132746, -0.25040944883038985, -0.05097627865633866, 0.2923317208892227, -0.1925561205193129, 0.13033769945502974, -0.21821789023598864], [-0.3114325268125506, -0.20265595661921487, -0.1678190291735284, 0.29811831520717325, -0.009439230309763968, -0.2908223991608027, 0.17893342441178797, -0.18601795734240623, 0.2864728237000969, 0.01981602123675523, 0.29758400982564337, -0.15214234587381673, -0.2094443482356342, 0.27274126694142903, 0.05222273146969757, -0.30249164167332393, 0.12183795759924168, 0.23161821707326363, -0.25111686404184586, 0.08831606035384051, -0.21821789023598978], [0.3274032153967488, 0.10769689183354693, 0.2728460967354653, -0.18740741494418142, -0.2142253388643309, 0.24964162988669175, 0.13983845259785244, 0.29003624587263377, 0.05450643598568951, -0.3055194793911542, -0.03485873713293377, -0.29500246164767696, 0.12090724716738281, 0.2594715349659733, -0.19622767202590152, -0.20211760586406488, 0.2547824532078916, 0.1276876978591983, -0.288221724582387, 0.04458829569438409, -0.21821789023598845], [-0.3328251823790428, -2.212822281786977e-14, -0.31100511105441936, -1.4853128376472766e-14, 0.30775097774122523, -2.8176838973247247e-15, -0.306531158320371, 1.0074238093167599e-15, -0.30590022961050606, -5.858199439922841e-15, -0.30547767491137795, -8.315760965507312e-15, 0.30520006715798115, 5.292748349055507e-15, -0.3047961006251788, -1.1963576108173334e-16, 0.30449367481279893, 6.013490808920122e-15, -0.300925993619452, 1.986925607175574e-14, -0.21821789023599059], [0.32740321539674566, -0.1076968918335066, 0.2728460967354564, 0.1874074149442056, -0.21422533886433986, -0.2496416298866876, 0.1398384525978327, -0.2900362458726345, 0.05450643598570606, 0.3055194793911562, -0.034858737132936045, 0.29500246164767546, 0.12090724716738746, -0.25947153496596953, -0.196227672025916, 0.20211760586406502, 0.2547824532078969, -0.12768769785918702, -0.28822172458239287, -0.04458829569434616, -0.21821789023599314], [-0.31143252681255573, 0.20265595661919142, -0.16781902917351918, -0.2981183152071888, -0.00943923030974433, 0.2908223991608085, 0.178933424411798, 0.1860179573424115, 0.2864728237000861, -0.01981602123675391, 0.2975840098256424, 0.15214234587382078, -0.2094443482356347, -0.27274126694142753, 0.05222273146968728, 0.30249164167332226, 0.12183795759924244, -0.2316182170732582, -0.25111686404185257, -0.08831606035380703, -0.2182178902359958], [0.28578235859280576, -0.2738746179727177, 0.021838233853649525, 0.2871476688803723, 0.2274271870993639, -0.08942169163731374, -0.3033619282851822, 0.1705925740730952, -0.15699824504138987, -0.3042997831417465, 0.10251166868650444, -0.21671406034179003, -0.2866510930672181, -0.026960334789184897, 0.2635877873132731, 0.25040944883038785, -0.05097627865633936, -0.2923317208892223, -0.19255612051932447, -0.13033769945499665, -0.21821789023599733], [-0.25186899590111156, 0.31360219992156757, 0.1294733651250272, -0.15953492727347993, -0.30801381938669187, -0.1864546067377845, 0.09882969551202199, -0.29600890395093904, -0.23017135524730223, 0.04031201802686574, -0.27454174855398844, -0.2634676472055353, -0.016872042974899026, 0.24465858085233208, 0.28686754289939126, 0.07180711598485318, -0.20706667375706725, -0.2981890978562007, -0.11719002730686938, -0.16983696446817564, -0.21821789023600074], [0.21159711107246118, -0.3184137380644443, -0.2500150898052336, -0.032374770371428656, 0.20353906145680503, 0.3079473104267159, 0.2127238748184333, 0.020941767985058753, 0.2405007862502472, 0.3016321711742926, -0.16375388037832972, 0.08229090241382288, 0.27369301293639364, 0.2833699288762477, 0.10475029943676108, -0.14331626442168613, -0.29482593228289156, -0.2474874867532935, -0.031011142275322482, -0.20604023481799463, -0.21821789023600147], [-0.1673111607114709, 0.2897660689320802, 0.3126616708199476, 0.2116382351003539, 0.02220209340246744, -0.17599138378350077, -0.29564400633255034, 0.2825973634279726, 0.14192459202164, -0.0631051209902451, 0.2392102448673442, 0.3056581663397247, 0.23165752929399425, 0.05100138243294764, -0.1529407750596202, -0.28549886606378777, -0.2842847214378223, -0.148789154840711, 0.059112355588041544, -0.2382278713321373, -0.21821789023600255], [0.12171788135857102, -0.23388325604579802, -0.30631710699633, -0.3095318782583679, -0.2353185511289112, -0.09926838655806317, 0.06350365031109728, -0.2084444346877162, -0.2946559106170404, -0.2971506330811784, 0.21463710408958897, 0.07039227167524799, -0.09408763749958003, -0.2309818125471879, -0.29999490942863005, -0.28032737203513797, -0.17686557428861902, -0.019409960795051875, 0.14596558805543028, -0.2657423441817709, -0.21821789023600383], [-0.0779085706138138, 0.16125672160343296, 0.23921108533387678, 0.2952246816233454, 0.31674818763503587, 0.2970442936660958, 0.2362816069272969, -0.14159971255477527, -0.026072338864203216, 0.09332479123127065, -0.1984071924030132, -0.27274665003078524, -0.3043702362970846, -0.28782790070849185, -0.22516435495815568, -0.1258105841559075, -0.005123653613170267, 0.1176472182340475, 0.22252907979029216, -0.2879905256626106, -0.21821789023600596], [0.03937107834512053, -0.0855860437251171, -0.13714962015266496, -0.18910122615918443, -0.23674805071352123, -0.2758040775943936, -0.3026012129757935, 0.31431562105455424, 0.30915582084293275, 0.28650240145352557, -0.24696113231731054, -0.192352488927943, -0.12559323853011625, -0.050539375615140436, 0.0282889016682295, 0.10593717498807168, 0.1774062092612471, 0.23772621393783178, 0.2824707234542262, -0.3044335463895577, -0.2182178902360073], [-0.010937799537228126, 0.024424059386220984, 0.0407729497869986, 0.05943917775964426, 0.0799529719389246, 0.10187198885185607, 0.12476202217522517, -0.14818738147900062, -0.1717124942254227, -0.19489969670918839, 0.21731850077218623, 0.23854155792720047, 0.258160773627772, 0.27577283907256517, 0.29100849899755465, 0.3034840166042217, 0.3128693765611294, 0.3186763941519794, 0.3204811286474566, -0.31454288960070603, -0.21821789023600768]]

