python script
[[-0.12350251246970276, 0.2623193814654957, -0.4016526769640501, 0.5143169017647506, 0.5687022564587618, -0.4082482904638589], [0.3849835598328728, -0.5765711932567326, 0.44185271856709957, -0.029983202628235874, 0.3956688435463073, -0.408248290463857], [-0.5801161849768341, 0.3142518117912325, 0.3787364547841603, -0.4843336991365164, 0.14150586470337156, -0.40824829046386346], [0.5801161849768379, 0.3142518117912304, -0.3787364547841575, -0.4843336991365135, -0.1415058647033675, -0.40824829046386646], [-0.38498355983287563, -0.5765711932567258, -0.44185271856710134, -0.029983202628233396, -0.3956688435463026, -0.4082482904638663], [0.12350251246970392, 0.2623193814654941, 0.401652676964055, 0.5143169017647543, -0.5687022564587512, -0.408248290463866]]
----- N 6 segNum 75 -----
2022-04-14 23:17:59.552804: I tensorflow/compiler/jit/xla_cpu_device.cc:41] Not creating XLA devices, tf_xla_enable_xla_devices not set
2022-04-14 23:17:59.553718: I tensorflow/core/platform/cpu_feature_guard.cc:142] This TensorFlow binary is optimized with oneAPI Deep Neural Network Library (oneDNN) to use the following CPU instructions in performance-critical operations:  SSE4.1 SSE4.2 AVX AVX2 FMA
To enable them in other operations, rebuild TensorFlow with the appropriate compiler flags.
2022-04-14 23:17:59.555064: I tensorflow/core/common_runtime/process_util.cc:146] Creating new thread pool with default inter op setting: 2. Tune using inter_op_parallelism_threads for best performance.
detuning [-0.07693479044618155, -0.05161047501954972, -0.0178452634949137, 0.019755084132927005, 0.05415220664566243, 0.07248323818205622]
tau 1125.0
mode [[-0.12350251  0.38498356 -0.58011618  0.58011618 -0.38498356  0.12350251]
 [ 0.26231938 -0.57657119  0.31425181  0.31425181 -0.57657119  0.26231938]
 [-0.40165268  0.44185272  0.37873645 -0.37873645 -0.44185272  0.40165268]
 [ 0.5143169  -0.0299832  -0.4843337  -0.4843337  -0.0299832   0.5143169 ]
 [ 0.56870226  0.39566884  0.14150586 -0.14150586 -0.39566884 -0.56870226]
 [-0.40824829 -0.40824829 -0.40824829 -0.40824829 -0.40824829 -0.40824829]]
k_list [0, 1, 2, 3, 4, 5]
this ions should have laser shined:  [1 4]
>>>>>>>>>> P and G calculate time used is: 921.3468220233917 seconds
error: 1.768028719344007e-05
constrain_error 3.131239659992513e-05
>>>>>>>>>> optimization time used is: 928.9040138721466 seconds
alpha max are: [1, 1, 1, 1, 1, 1]  for phonon cut-off in simulation
./calculation results/data/
segnum 75 (array([ 1.55066583e-01,  1.02431117e-01,  4.27626131e-02,  4.29203139e-02,
       -6.56727396e-02, -1.45448989e-01,  7.17287611e-02,  4.70962240e-02,
        1.89855283e-02,  7.42776480e-02,  1.21194715e-01,  9.75681160e-02,
       -7.94814496e-04, -7.56011829e-02, -4.49962184e-02,  9.45932419e-02,
        5.66999414e-02,  2.44141778e-02,  7.26554592e-02,  1.85215297e-01,
        1.02706216e-01, -6.23167067e-02, -2.56572414e-03, -7.03573497e-02,
       -1.70823729e-01, -1.38068626e-01, -1.06071902e-02,  1.29346306e-01,
        1.58243868e-01,  1.18714099e-01,  1.97554233e-01,  1.87381444e-01,
        3.40981593e-02, -8.41553934e-02, -6.25306678e-02,  1.00646571e-01,
       -1.80451549e-02, -9.13154999e-02, -1.80889102e-02,  1.00937406e-01,
       -6.26432856e-02, -8.42723171e-02,  3.49373975e-02,  1.87973249e-01,
        1.97049732e-01,  1.18333068e-01,  1.58517601e-01,  1.29355968e-01,
       -1.11223724e-02, -1.38178970e-01, -1.70350945e-01, -7.01206561e-02,
       -2.39261274e-03, -6.18016685e-02,  1.03093684e-01,  1.85518208e-01,
        7.31617671e-02,  2.46456645e-02,  5.68476229e-02,  9.49232546e-02,
       -4.50460096e-02, -7.55540408e-02,  7.89463590e-05,  9.81778337e-02,
        1.20859152e-01,  7.42364317e-02,  1.97476958e-02,  4.75377519e-02,
        7.14477026e-02, -1.45475488e-01, -6.50537156e-02,  4.34316703e-02,
        4.27967931e-02,  1.02444545e-01,  1.55192728e-01]), array([ 1.55066583e-01,  1.02431117e-01,  4.27626131e-02,  4.29203139e-02,
       -6.56727396e-02, -1.45448989e-01,  7.17287611e-02,  4.70962240e-02,
        1.89855283e-02,  7.42776480e-02,  1.21194715e-01,  9.75681160e-02,
       -7.94814496e-04, -7.56011829e-02, -4.49962184e-02,  9.45932419e-02,
        5.66999414e-02,  2.44141778e-02,  7.26554592e-02,  1.85215297e-01,
        1.02706216e-01, -6.23167067e-02, -2.56572414e-03, -7.03573497e-02,
       -1.70823729e-01, -1.38068626e-01, -1.06071902e-02,  1.29346306e-01,
        1.58243868e-01,  1.18714099e-01,  1.97554233e-01,  1.87381444e-01,
        3.40981593e-02, -8.41553934e-02, -6.25306678e-02,  1.00646571e-01,
       -1.80451549e-02, -9.13154999e-02, -1.80889102e-02,  1.00937406e-01,
       -6.26432856e-02, -8.42723171e-02,  3.49373975e-02,  1.87973249e-01,
        1.97049732e-01,  1.18333068e-01,  1.58517601e-01,  1.29355968e-01,
       -1.11223724e-02, -1.38178970e-01, -1.70350945e-01, -7.01206561e-02,
       -2.39261274e-03, -6.18016685e-02,  1.03093684e-01,  1.85518208e-01,
        7.31617671e-02,  2.46456645e-02,  5.68476229e-02,  9.49232546e-02,
       -4.50460096e-02, -7.55540408e-02,  7.89463590e-05,  9.81778337e-02,
        1.20859152e-01,  7.42364317e-02,  1.97476958e-02,  4.75377519e-02,
        7.14477026e-02, -1.45475488e-01, -6.50537156e-02,  4.34316703e-02,
        4.27967931e-02,  1.02444545e-01,  1.55192728e-01]))
test theta tf.Tensor(
[[0.        +0.j 0.        +0.j 0.        +0.j 0.        +0.j
  0.        +0.j 0.        +0.j]
 [0.        +0.j 0.1858462 +0.j 0.        +0.j 0.        +0.j
  0.39271474+0.j 0.        +0.j]
 [0.        +0.j 0.        +0.j 0.        +0.j 0.        +0.j
  0.        +0.j 0.        +0.j]
 [0.        +0.j 0.        +0.j 0.        +0.j 0.        +0.j
  0.        +0.j 0.        +0.j]
 [0.        +0.j 0.39271474+0.j 0.        +0.j 0.        +0.j
  0.1858462 +0.j 0.        +0.j]
 [0.        +0.j 0.        +0.j 0.        +0.j 0.        +0.j
  0.        +0.j 0.        +0.j]], shape=(6, 6), dtype=complex128)
----- N 6 segNum 76 -----
detuning [-0.07693479044618155, -0.05161047501954972, -0.0178452634949137, 0.019755084132927005, 0.05415220664566243, 0.07248323818205622]
tau 1140.0
mode [[-0.12350251  0.38498356 -0.58011618  0.58011618 -0.38498356  0.12350251]
 [ 0.26231938 -0.57657119  0.31425181  0.31425181 -0.57657119  0.26231938]
 [-0.40165268  0.44185272  0.37873645 -0.37873645 -0.44185272  0.40165268]
 [ 0.5143169  -0.0299832  -0.4843337  -0.4843337  -0.0299832   0.5143169 ]
 [ 0.56870226  0.39566884  0.14150586 -0.14150586 -0.39566884 -0.56870226]
 [-0.40824829 -0.40824829 -0.40824829 -0.40824829 -0.40824829 -0.40824829]]
k_list [0, 1, 2, 3, 4, 5]
this ions should have laser shined:  [1 4]
>>>>>>>>>> P and G calculate time used is: 964.7952065467834 seconds
error: 1.4475894241304882e-05
constrain_error 0.00020355582925013493
>>>>>>>>>> optimization time used is: 944.3248310089111 seconds
alpha max are: [1, 1, 1, 1, 1, 1]  for phonon cut-off in simulation
./calculation results/data/
segnum 76 (array([ 0.1771346 ,  0.24254797,  0.18594115,  0.08493962, -0.00072096,
       -0.1339971 ,  0.00353558,  0.04508374,  0.05349997,  0.10463646,
        0.18722428,  0.24220904,  0.16967683,  0.05659947,  0.05372388,
        0.09529008,  0.07625371,  0.05877064,  0.06772038,  0.1220033 ,
        0.19164351,  0.05053965,  0.05730448,  0.02691688, -0.06607458,
       -0.06641384,  0.0183574 ,  0.1236558 ,  0.19407587,  0.19152128,
        0.19870859,  0.1769358 ,  0.09356523, -0.00262465, -0.04050925,
        0.02880685,  0.17066028,  0.08247238,  0.08256776,  0.1707973 ,
        0.02871565, -0.04072973, -0.00258543,  0.09381303,  0.17703574,
        0.1986794 ,  0.1915377 ,  0.19398663,  0.12340126,  0.01838526,
       -0.0659818 , -0.06587017,  0.02672599,  0.05727391,  0.05074034,
        0.19170679,  0.12193835,  0.06776491,  0.05895199,  0.07639184,
        0.09530738,  0.05379393,  0.05686775,  0.170075  ,  0.24257455,
        0.18746119,  0.10469524,  0.05326708,  0.04475665,  0.00366649,
       -0.13348234, -0.00052235,  0.08479615,  0.18594163,  0.24267949,
        0.17772812]), array([ 0.1771346 ,  0.24254797,  0.18594115,  0.08493962, -0.00072096,
       -0.1339971 ,  0.00353558,  0.04508374,  0.05349997,  0.10463646,
        0.18722428,  0.24220904,  0.16967683,  0.05659947,  0.05372388,
        0.09529008,  0.07625371,  0.05877064,  0.06772038,  0.1220033 ,
        0.19164351,  0.05053965,  0.05730448,  0.02691688, -0.06607458,
       -0.06641384,  0.0183574 ,  0.1236558 ,  0.19407587,  0.19152128,
        0.19870859,  0.1769358 ,  0.09356523, -0.00262465, -0.04050925,
        0.02880685,  0.17066028,  0.08247238,  0.08256776,  0.1707973 ,
        0.02871565, -0.04072973, -0.00258543,  0.09381303,  0.17703574,
        0.1986794 ,  0.1915377 ,  0.19398663,  0.12340126,  0.01838526,
       -0.0659818 , -0.06587017,  0.02672599,  0.05727391,  0.05074034,
        0.19170679,  0.12193835,  0.06776491,  0.05895199,  0.07639184,
        0.09530738,  0.05379393,  0.05686775,  0.170075  ,  0.24257455,
        0.18746119,  0.10469524,  0.05326708,  0.04475665,  0.00366649,
       -0.13348234, -0.00052235,  0.08479615,  0.18594163,  0.24267949,
        0.17772812]))
test theta tf.Tensor(
[[0.        +0.j 0.        +0.j 0.        +0.j 0.        +0.j
  0.        +0.j 0.        +0.j]
 [0.        +0.j 0.55208588+0.j 0.        +0.j 0.        +0.j
  0.39280086+0.j 0.        +0.j]
 [0.        +0.j 0.        +0.j 0.        +0.j 0.        +0.j
  0.        +0.j 0.        +0.j]
 [0.        +0.j 0.        +0.j 0.        +0.j 0.        +0.j
  0.        +0.j 0.        +0.j]
 [0.        +0.j 0.39280086+0.j 0.        +0.j 0.        +0.j
  0.55208588+0.j 0.        +0.j]
 [0.        +0.j 0.        +0.j 0.        +0.j 0.        +0.j
  0.        +0.j 0.        +0.j]], shape=(6, 6), dtype=complex128)
----- N 6 segNum 77 -----
detuning [-0.07693479044618155, -0.05161047501954972, -0.0178452634949137, 0.019755084132927005, 0.05415220664566243, 0.07248323818205622]
tau 1155.0
mode [[-0.12350251  0.38498356 -0.58011618  0.58011618 -0.38498356  0.12350251]
 [ 0.26231938 -0.57657119  0.31425181  0.31425181 -0.57657119  0.26231938]
 [-0.40165268  0.44185272  0.37873645 -0.37873645 -0.44185272  0.40165268]
 [ 0.5143169  -0.0299832  -0.4843337  -0.4843337  -0.0299832   0.5143169 ]
 [ 0.56870226  0.39566884  0.14150586 -0.14150586 -0.39566884 -0.56870226]
 [-0.40824829 -0.40824829 -0.40824829 -0.40824829 -0.40824829 -0.40824829]]
k_list [0, 1, 2, 3, 4, 5]
this ions should have laser shined:  [1 4]
>>>>>>>>>> P and G calculate time used is: 977.8711624145508 seconds
error: 1.5402811931415956e-05
constrain_error 0.0003448333412253701
>>>>>>>>>> optimization time used is: 956.7932257652283 seconds
alpha max are: [1, 1, 1, 1, 1, 1]  for phonon cut-off in simulation
./calculation results/data/
segnum 77 (array([ 0.07410319,  0.27192127,  0.31012739,  0.20191822,  0.05286031,
       -0.03881508, -0.04689995,  0.00066085,  0.07405884,  0.15964343,
        0.23928892,  0.27371612,  0.24638048,  0.16733569,  0.09003255,
        0.06163794,  0.07731227,  0.09863654,  0.10346323,  0.10769351,
        0.13411693,  0.16976828,  0.16115888,  0.10613197,  0.01285696,
       -0.04202961, -0.01595008,  0.07203953,  0.16432223,  0.21517986,
        0.21485132,  0.17472057,  0.10731647,  0.03183103, -0.01283546,
        0.01547565,  0.11895035,  0.23068188,  0.22322639,  0.23068386,
        0.11892671,  0.01528471, -0.01331915,  0.03135011,  0.10734325,
        0.17510962,  0.21483231,  0.21447823,  0.16361325,  0.07185706,
       -0.01570507, -0.04164711,  0.01342424,  0.10686348,  0.16185239,
        0.17035415,  0.13447899,  0.10753479,  0.10282023,  0.09804656,
        0.07721278,  0.06196174,  0.09031683,  0.16710734,  0.24779206,
        0.27726527,  0.23885759,  0.15952213,  0.07434392,  0.00109282,
       -0.04678173, -0.03900901,  0.05271583,  0.20191098,  0.3101504 ,
        0.2722267 ,  0.07496799]), array([ 0.07410319,  0.27192127,  0.31012739,  0.20191822,  0.05286031,
       -0.03881508, -0.04689995,  0.00066085,  0.07405884,  0.15964343,
        0.23928892,  0.27371612,  0.24638048,  0.16733569,  0.09003255,
        0.06163794,  0.07731227,  0.09863654,  0.10346323,  0.10769351,
        0.13411693,  0.16976828,  0.16115888,  0.10613197,  0.01285696,
       -0.04202961, -0.01595008,  0.07203953,  0.16432223,  0.21517986,
        0.21485132,  0.17472057,  0.10731647,  0.03183103, -0.01283546,
        0.01547565,  0.11895035,  0.23068188,  0.22322639,  0.23068386,
        0.11892671,  0.01528471, -0.01331915,  0.03135011,  0.10734325,
        0.17510962,  0.21483231,  0.21447823,  0.16361325,  0.07185706,
       -0.01570507, -0.04164711,  0.01342424,  0.10686348,  0.16185239,
        0.17035415,  0.13447899,  0.10753479,  0.10282023,  0.09804656,
        0.07721278,  0.06196174,  0.09031683,  0.16710734,  0.24779206,
        0.27726527,  0.23885759,  0.15952213,  0.07434392,  0.00109282,
       -0.04678173, -0.03900901,  0.05271583,  0.20191098,  0.3101504 ,
        0.2722267 ,  0.07496799]))
test theta tf.Tensor(
[[0.        +0.j 0.        +0.j 0.        +0.j 0.        +0.j
  0.        +0.j 0.        +0.j]
 [0.        +0.j 0.94404916+0.j 0.        +0.j 0.        +0.j
  0.3928715 +0.j 0.        +0.j]
 [0.        +0.j 0.        +0.j 0.        +0.j 0.        +0.j
  0.        +0.j 0.        +0.j]
 [0.        +0.j 0.        +0.j 0.        +0.j 0.        +0.j
  0.        +0.j 0.        +0.j]
 [0.        +0.j 0.3928715 +0.j 0.        +0.j 0.        +0.j
  0.94404916+0.j 0.        +0.j]
 [0.        +0.j 0.        +0.j 0.        +0.j 0.        +0.j
  0.        +0.j 0.        +0.j]], shape=(6, 6), dtype=complex128)
----- N 6 segNum 78 -----
detuning [-0.07693479044618155, -0.05161047501954972, -0.0178452634949137, 0.019755084132927005, 0.05415220664566243, 0.07248323818205622]
tau 1169.9999999999998
mode [[-0.12350251  0.38498356 -0.58011618  0.58011618 -0.38498356  0.12350251]
 [ 0.26231938 -0.57657119  0.31425181  0.31425181 -0.57657119  0.26231938]
 [-0.40165268  0.44185272  0.37873645 -0.37873645 -0.44185272  0.40165268]
 [ 0.5143169  -0.0299832  -0.4843337  -0.4843337  -0.0299832   0.5143169 ]
 [ 0.56870226  0.39566884  0.14150586 -0.14150586 -0.39566884 -0.56870226]
 [-0.40824829 -0.40824829 -0.40824829 -0.40824829 -0.40824829 -0.40824829]]
k_list [0, 1, 2, 3, 4, 5]
this ions should have laser shined:  [1 4]
>>>>>>>>>> P and G calculate time used is: 1006.3580152988434 seconds
error: 1.7574493955117902e-05
constrain_error 0.00167034763597107
----- N 6 segNum 79 -----
detuning [-0.07693479044618155, -0.05161047501954972, -0.0178452634949137, 0.019755084132927005, 0.05415220664566243, 0.07248323818205622]
tau 1185.0
mode [[-0.12350251  0.38498356 -0.58011618  0.58011618 -0.38498356  0.12350251]
 [ 0.26231938 -0.57657119  0.31425181  0.31425181 -0.57657119  0.26231938]
 [-0.40165268  0.44185272  0.37873645 -0.37873645 -0.44185272  0.40165268]
 [ 0.5143169  -0.0299832  -0.4843337  -0.4843337  -0.0299832   0.5143169 ]
 [ 0.56870226  0.39566884  0.14150586 -0.14150586 -0.39566884 -0.56870226]
 [-0.40824829 -0.40824829 -0.40824829 -0.40824829 -0.40824829 -0.40824829]]
k_list [0, 1, 2, 3, 4, 5]
this ions should have laser shined:  [1 4]
>>>>>>>>>> P and G calculate time used is: 1032.2833406925201 seconds
error: 1.6759866912351062e-05
constrain_error 0.00032205092923121015
>>>>>>>>>> optimization time used is: 966.5113155841827 seconds
alpha max are: [1, 1, 1, 1, 1, 1]  for phonon cut-off in simulation
./calculation results/data/
segnum 79 (array([-0.04166577,  0.12270331,  0.24048829,  0.19929498,  0.15832509,
        0.08242794,  0.01953237, -0.03175998, -0.03184705,  0.0732053 ,
        0.20354875,  0.26816721,  0.2487602 ,  0.19043856,  0.06329784,
       -0.02245007,  0.08129856,  0.07799119,  0.05986349,  0.08880066,
        0.12641021,  0.20579982,  0.19644564,  0.13396568,  0.05956367,
        0.00368077, -0.02810957, -0.03177265,  0.01409317,  0.10315479,
        0.20660751,  0.24858195,  0.18985363,  0.06955302, -0.02222258,
       -0.02155886,  0.06075376,  0.16360111,  0.20861824,  0.19588513,
        0.20896248,  0.16395978,  0.06079621, -0.02161631, -0.02228643,
        0.06937445,  0.18974838,  0.24848089,  0.20657121,  0.10348351,
        0.01431972, -0.03194521, -0.02823287,  0.00367713,  0.05962466,
        0.13415374,  0.19655052,  0.20581018,  0.12645171,  0.08879449,
        0.05977599,  0.07789714,  0.08136549, -0.02231177,  0.0632046 ,
        0.19032514,  0.24890468,  0.2684431 ,  0.20393308,  0.07353827,
       -0.03182699, -0.03186188,  0.0194203 ,  0.08214927,  0.15804461,
        0.19933096,  0.24086351,  0.12311509, -0.04158427]), array([-0.04166577,  0.12270331,  0.24048829,  0.19929498,  0.15832509,
        0.08242794,  0.01953237, -0.03175998, -0.03184705,  0.0732053 ,
        0.20354875,  0.26816721,  0.2487602 ,  0.19043856,  0.06329784,
       -0.02245007,  0.08129856,  0.07799119,  0.05986349,  0.08880066,
        0.12641021,  0.20579982,  0.19644564,  0.13396568,  0.05956367,
        0.00368077, -0.02810957, -0.03177265,  0.01409317,  0.10315479,
        0.20660751,  0.24858195,  0.18985363,  0.06955302, -0.02222258,
       -0.02155886,  0.06075376,  0.16360111,  0.20861824,  0.19588513,
        0.20896248,  0.16395978,  0.06079621, -0.02161631, -0.02228643,
        0.06937445,  0.18974838,  0.24848089,  0.20657121,  0.10348351,
        0.01431972, -0.03194521, -0.02823287,  0.00367713,  0.05962466,
        0.13415374,  0.19655052,  0.20581018,  0.12645171,  0.08879449,
        0.05977599,  0.07789714,  0.08136549, -0.02231177,  0.0632046 ,
        0.19032514,  0.24890468,  0.2684431 ,  0.20393308,  0.07353827,
       -0.03182699, -0.03186188,  0.0194203 ,  0.08214927,  0.15804461,
        0.19933096,  0.24086351,  0.12311509, -0.04158427]))
test theta tf.Tensor(
[[0.        +0.j 0.        +0.j 0.        +0.j 0.        +0.j
  0.        +0.j 0.        +0.j]
 [0.        +0.j 0.83336457+0.j 0.        +0.j 0.        +0.j
  0.39286011+0.j 0.        +0.j]
 [0.        +0.j 0.        +0.j 0.        +0.j 0.        +0.j
  0.        +0.j 0.        +0.j]
 [0.        +0.j 0.        +0.j 0.        +0.j 0.        +0.j
  0.        +0.j 0.        +0.j]
 [0.        +0.j 0.39286011+0.j 0.        +0.j 0.        +0.j
  0.83336457+0.j 0.        +0.j]
 [0.        +0.j 0.        +0.j 0.        +0.j 0.        +0.j
  0.        +0.j 0.        +0.j]], shape=(6, 6), dtype=complex128)
----- N 6 segNum 80 -----
detuning [-0.07693479044618155, -0.05161047501954972, -0.0178452634949137, 0.019755084132927005, 0.05415220664566243, 0.07248323818205622]
tau 1200.0
mode [[-0.12350251  0.38498356 -0.58011618  0.58011618 -0.38498356  0.12350251]
 [ 0.26231938 -0.57657119  0.31425181  0.31425181 -0.57657119  0.26231938]
 [-0.40165268  0.44185272  0.37873645 -0.37873645 -0.44185272  0.40165268]
 [ 0.5143169  -0.0299832  -0.4843337  -0.4843337  -0.0299832   0.5143169 ]
 [ 0.56870226  0.39566884  0.14150586 -0.14150586 -0.39566884 -0.56870226]
 [-0.40824829 -0.40824829 -0.40824829 -0.40824829 -0.40824829 -0.40824829]]
k_list [0, 1, 2, 3, 4, 5]
this ions should have laser shined:  [1 4]
>>>>>>>>>> P and G calculate time used is: 1062.0039594173431 seconds
error: 1.542946101459506e-05
constrain_error 0.0016770479650168868
----- N 6 segNum 81 -----
detuning [-0.07693479044618155, -0.05161047501954972, -0.0178452634949137, 0.019755084132927005, 0.05415220664566243, 0.07248323818205622]
tau 1215.0
mode [[-0.12350251  0.38498356 -0.58011618  0.58011618 -0.38498356  0.12350251]
 [ 0.26231938 -0.57657119  0.31425181  0.31425181 -0.57657119  0.26231938]
 [-0.40165268  0.44185272  0.37873645 -0.37873645 -0.44185272  0.40165268]
 [ 0.5143169  -0.0299832  -0.4843337  -0.4843337  -0.0299832   0.5143169 ]
 [ 0.56870226  0.39566884  0.14150586 -0.14150586 -0.39566884 -0.56870226]
 [-0.40824829 -0.40824829 -0.40824829 -0.40824829 -0.40824829 -0.40824829]]
k_list [0, 1, 2, 3, 4, 5]
this ions should have laser shined:  [1 4]
>>>>>>>>>> P and G calculate time used is: 1099.42196393013 seconds
error: 1.7274149518253753e-05
constrain_error 0.001909856603406812
----- N 6 segNum 82 -----
detuning [-0.07693479044618155, -0.05161047501954972, -0.0178452634949137, 0.019755084132927005, 0.05415220664566243, 0.07248323818205622]
tau 1230.0
mode [[-0.12350251  0.38498356 -0.58011618  0.58011618 -0.38498356  0.12350251]
 [ 0.26231938 -0.57657119  0.31425181  0.31425181 -0.57657119  0.26231938]
 [-0.40165268  0.44185272  0.37873645 -0.37873645 -0.44185272  0.40165268]
 [ 0.5143169  -0.0299832  -0.4843337  -0.4843337  -0.0299832   0.5143169 ]
 [ 0.56870226  0.39566884  0.14150586 -0.14150586 -0.39566884 -0.56870226]
 [-0.40824829 -0.40824829 -0.40824829 -0.40824829 -0.40824829 -0.40824829]]
k_list [0, 1, 2, 3, 4, 5]
this ions should have laser shined:  [1 4]
>>>>>>>>>> P and G calculate time used is: 1104.0568075180054 seconds
error: 2.033711475170681e-05
constrain_error 8.562002062773022e-05
>>>>>>>>>> optimization time used is: 1003.4595782756805 seconds
alpha max are: [1, 1, 1, 1, 1, 1]  for phonon cut-off in simulation
./calculation results/data/
segnum 82 (array([-9.67638258e-02, -1.26196948e-01, -3.52823205e-02,  1.90546617e-01,
        3.23586471e-01,  2.82227337e-01,  1.48942108e-01,  4.41231846e-02,
        4.74561814e-03, -4.25903011e-04,  2.28419965e-02,  1.18527327e-01,
        8.09968870e-02,  9.85441890e-02,  1.45547213e-01,  9.26177562e-02,
       -4.20362339e-03, -5.40138310e-02, -7.87594941e-02, -8.91330339e-02,
       -8.45092440e-02, -3.93395000e-02,  9.41481065e-02,  1.16392271e-01,
        6.26283848e-02,  6.70299743e-02,  2.49228880e-02, -9.77843629e-02,
       -2.12942223e-01, -2.14463355e-01, -1.08043381e-01, -4.23100959e-03,
        1.62724514e-02, -2.90814635e-03,  4.39549687e-02,  1.46449045e-01,
        2.98549390e-03, -4.09758827e-02,  2.68582573e-02,  1.32679969e-01,
        2.19388219e-01,  2.19792454e-01,  1.33582121e-01,  2.73909547e-02,
       -4.14395774e-02,  1.71744481e-03,  1.44938382e-01,  4.28302256e-02,
       -3.44576122e-03,  1.61640936e-02, -3.66277235e-03, -1.07125513e-01,
       -2.12917951e-01, -2.08599478e-01, -9.94035678e-02,  2.44104964e-02,
        6.83059131e-02,  6.51365937e-02,  1.18481363e-01,  9.43461312e-02,
       -4.08458906e-02, -8.57076812e-02, -8.83738743e-02, -7.65540067e-02,
       -5.21029684e-02, -3.92535897e-03,  9.13719832e-02,  1.43962559e-01,
        9.71580399e-02,  7.96342330e-02,  1.17451417e-01,  2.24615172e-02,
        3.23844659e-05,  5.73523638e-03,  4.42097286e-02,  1.46603696e-01,
        2.78306677e-01,  3.21269650e-01,  1.92197386e-01, -3.06056336e-02,
       -1.37683495e-01, -1.02498409e-01]), array([-9.67638258e-02, -1.26196948e-01, -3.52823205e-02,  1.90546617e-01,
        3.23586471e-01,  2.82227337e-01,  1.48942108e-01,  4.41231846e-02,
        4.74561814e-03, -4.25903011e-04,  2.28419965e-02,  1.18527327e-01,
        8.09968870e-02,  9.85441890e-02,  1.45547213e-01,  9.26177562e-02,
       -4.20362339e-03, -5.40138310e-02, -7.87594941e-02, -8.91330339e-02,
       -8.45092440e-02, -3.93395000e-02,  9.41481065e-02,  1.16392271e-01,
        6.26283848e-02,  6.70299743e-02,  2.49228880e-02, -9.77843629e-02,
       -2.12942223e-01, -2.14463355e-01, -1.08043381e-01, -4.23100959e-03,
        1.62724514e-02, -2.90814635e-03,  4.39549687e-02,  1.46449045e-01,
        2.98549390e-03, -4.09758827e-02,  2.68582573e-02,  1.32679969e-01,
        2.19388219e-01,  2.19792454e-01,  1.33582121e-01,  2.73909547e-02,
       -4.14395774e-02,  1.71744481e-03,  1.44938382e-01,  4.28302256e-02,
       -3.44576122e-03,  1.61640936e-02, -3.66277235e-03, -1.07125513e-01,
       -2.12917951e-01, -2.08599478e-01, -9.94035678e-02,  2.44104964e-02,
        6.83059131e-02,  6.51365937e-02,  1.18481363e-01,  9.43461312e-02,
       -4.08458906e-02, -8.57076812e-02, -8.83738743e-02, -7.65540067e-02,
       -5.21029684e-02, -3.92535897e-03,  9.13719832e-02,  1.43962559e-01,
        9.71580399e-02,  7.96342330e-02,  1.17451417e-01,  2.24615172e-02,
        3.23844659e-05,  5.73523638e-03,  4.42097286e-02,  1.46603696e-01,
        2.78306677e-01,  3.21269650e-01,  1.92197386e-01, -3.06056336e-02,
       -1.37683495e-01, -1.02498409e-01]))
test theta tf.Tensor(
[[0.        +0.j 0.        +0.j 0.        +0.j 0.        +0.j
  0.        +0.j 0.        +0.j]
 [0.        +0.j 0.54382433+0.j 0.        +0.j 0.        +0.j
  0.39265627+0.j 0.        +0.j]
 [0.        +0.j 0.        +0.j 0.        +0.j 0.        +0.j
  0.        +0.j 0.        +0.j]
 [0.        +0.j 0.        +0.j 0.        +0.j 0.        +0.j
  0.        +0.j 0.        +0.j]
 [0.        +0.j 0.39265627+0.j 0.        +0.j 0.        +0.j
  0.54382433+0.j 0.        +0.j]
 [0.        +0.j 0.        +0.j 0.        +0.j 0.        +0.j
  0.        +0.j 0.        +0.j]], shape=(6, 6), dtype=complex128)
----- N 6 segNum 83 -----
detuning [-0.07693479044618155, -0.05161047501954972, -0.0178452634949137, 0.019755084132927005, 0.05415220664566243, 0.07248323818205622]
tau 1244.9999999999998
mode [[-0.12350251  0.38498356 -0.58011618  0.58011618 -0.38498356  0.12350251]
 [ 0.26231938 -0.57657119  0.31425181  0.31425181 -0.57657119  0.26231938]
 [-0.40165268  0.44185272  0.37873645 -0.37873645 -0.44185272  0.40165268]
 [ 0.5143169  -0.0299832  -0.4843337  -0.4843337  -0.0299832   0.5143169 ]
 [ 0.56870226  0.39566884  0.14150586 -0.14150586 -0.39566884 -0.56870226]
 [-0.40824829 -0.40824829 -0.40824829 -0.40824829 -0.40824829 -0.40824829]]
k_list [0, 1, 2, 3, 4, 5]
this ions should have laser shined:  [1 4]
>>>>>>>>>> P and G calculate time used is: 1138.2216291427612 seconds
error: 2.7154988832146774e-05
constrain_error 0.0010637828590803755
----- N 6 segNum 84 -----
detuning [-0.07693479044618155, -0.05161047501954972, -0.0178452634949137, 0.019755084132927005, 0.05415220664566243, 0.07248323818205622]
tau 1260.0
mode [[-0.12350251  0.38498356 -0.58011618  0.58011618 -0.38498356  0.12350251]
 [ 0.26231938 -0.57657119  0.31425181  0.31425181 -0.57657119  0.26231938]
 [-0.40165268  0.44185272  0.37873645 -0.37873645 -0.44185272  0.40165268]
 [ 0.5143169  -0.0299832  -0.4843337  -0.4843337  -0.0299832   0.5143169 ]
 [ 0.56870226  0.39566884  0.14150586 -0.14150586 -0.39566884 -0.56870226]
 [-0.40824829 -0.40824829 -0.40824829 -0.40824829 -0.40824829 -0.40824829]]
k_list [0, 1, 2, 3, 4, 5]
this ions should have laser shined:  [1 4]
>>>>>>>>>> P and G calculate time used is: 1161.160887479782 seconds
error: 1.7331593551172293e-05
constrain_error 0.0033710109928388743
----- N 6 segNum 85 -----
detuning [-0.07693479044618155, -0.05161047501954972, -0.0178452634949137, 0.019755084132927005, 0.05415220664566243, 0.07248323818205622]
tau 1275.0
mode [[-0.12350251  0.38498356 -0.58011618  0.58011618 -0.38498356  0.12350251]
 [ 0.26231938 -0.57657119  0.31425181  0.31425181 -0.57657119  0.26231938]
 [-0.40165268  0.44185272  0.37873645 -0.37873645 -0.44185272  0.40165268]
 [ 0.5143169  -0.0299832  -0.4843337  -0.4843337  -0.0299832   0.5143169 ]
 [ 0.56870226  0.39566884  0.14150586 -0.14150586 -0.39566884 -0.56870226]
 [-0.40824829 -0.40824829 -0.40824829 -0.40824829 -0.40824829 -0.40824829]]
k_list [0, 1, 2, 3, 4, 5]
this ions should have laser shined:  [1 4]
>>>>>>>>>> P and G calculate time used is: 1164.8220489025116 seconds
error: 1.6197085583947404e-05
constrain_error 0.0019444345920743844
----- N 6 segNum 86 -----
detuning [-0.07693479044618155, -0.05161047501954972, -0.0178452634949137, 0.019755084132927005, 0.05415220664566243, 0.07248323818205622]
tau 1290.0
mode [[-0.12350251  0.38498356 -0.58011618  0.58011618 -0.38498356  0.12350251]
 [ 0.26231938 -0.57657119  0.31425181  0.31425181 -0.57657119  0.26231938]
 [-0.40165268  0.44185272  0.37873645 -0.37873645 -0.44185272  0.40165268]
 [ 0.5143169  -0.0299832  -0.4843337  -0.4843337  -0.0299832   0.5143169 ]
 [ 0.56870226  0.39566884  0.14150586 -0.14150586 -0.39566884 -0.56870226]
 [-0.40824829 -0.40824829 -0.40824829 -0.40824829 -0.40824829 -0.40824829]]
k_list [0, 1, 2, 3, 4, 5]
this ions should have laser shined:  [1 4]
>>>>>>>>>> P and G calculate time used is: 1166.0295901298523 seconds
error: 1.592832451385346e-05
constrain_error 0.0012088427712303451
----- N 6 segNum 87 -----
detuning [-0.07693479044618155, -0.05161047501954972, -0.0178452634949137, 0.019755084132927005, 0.05415220664566243, 0.07248323818205622]
tau 1305.0
mode [[-0.12350251  0.38498356 -0.58011618  0.58011618 -0.38498356  0.12350251]
 [ 0.26231938 -0.57657119  0.31425181  0.31425181 -0.57657119  0.26231938]
 [-0.40165268  0.44185272  0.37873645 -0.37873645 -0.44185272  0.40165268]
 [ 0.5143169  -0.0299832  -0.4843337  -0.4843337  -0.0299832   0.5143169 ]
 [ 0.56870226  0.39566884  0.14150586 -0.14150586 -0.39566884 -0.56870226]
 [-0.40824829 -0.40824829 -0.40824829 -0.40824829 -0.40824829 -0.40824829]]
k_list [0, 1, 2, 3, 4, 5]
this ions should have laser shined:  [1 4]
>>>>>>>>>> P and G calculate time used is: 1160.8282723426819 seconds
error: 1.594438371575551e-05
constrain_error 0.002866396419370254
----- N 6 segNum 88 -----
detuning [-0.07693479044618155, -0.05161047501954972, -0.0178452634949137, 0.019755084132927005, 0.05415220664566243, 0.07248323818205622]
tau 1320.0
mode [[-0.12350251  0.38498356 -0.58011618  0.58011618 -0.38498356  0.12350251]
 [ 0.26231938 -0.57657119  0.31425181  0.31425181 -0.57657119  0.26231938]
 [-0.40165268  0.44185272  0.37873645 -0.37873645 -0.44185272  0.40165268]
 [ 0.5143169  -0.0299832  -0.4843337  -0.4843337  -0.0299832   0.5143169 ]
 [ 0.56870226  0.39566884  0.14150586 -0.14150586 -0.39566884 -0.56870226]
 [-0.40824829 -0.40824829 -0.40824829 -0.40824829 -0.40824829 -0.40824829]]
k_list [0, 1, 2, 3, 4, 5]
this ions should have laser shined:  [1 4]
>>>>>>>>>> P and G calculate time used is: 1163.0055828094482 seconds
error: 1.677620479120994e-05
constrain_error 0.0007318909094427006
>>>>>>>>>> optimization time used is: 1025.4963550567627 seconds
alpha max are: [1, 1, 1, 1, 1, 1]  for phonon cut-off in simulation
./calculation results/data/
segnum 88 (array([-0.02115321,  0.07939129,  0.21038149,  0.24180288,  0.2680644 ,
        0.20631684,  0.02265372, -0.09159723, -0.12264733, -0.0706514 ,
       -0.00392492,  0.09349827,  0.24603012,  0.29547345,  0.25858719,
        0.29973548,  0.27874831,  0.23545607,  0.16603725,  0.10893779,
       -0.02869002,  0.00434091,  0.12183802,  0.12270278,  0.14944044,
        0.23756111,  0.25353553,  0.26457607,  0.22813152,  0.18423271,
        0.16220971,  0.13976444,  0.09570536,  0.04836144,  0.04623758,
        0.12034432,  0.22375613,  0.30299759,  0.38702113,  0.35489239,
        0.28435474,  0.17173518,  0.04838842, -0.11336239, -0.11298788,
        0.04937436,  0.17267604,  0.28509722,  0.35611064,  0.38786884,
        0.30168112,  0.22043822,  0.11712448,  0.04576689,  0.05148072,
        0.09942449,  0.1400856 ,  0.15819697,  0.17881512,  0.22566906,
        0.26628747,  0.25684245,  0.23970648,  0.14988633,  0.12413759,
        0.12628371,  0.00814787, -0.02970557,  0.10433514,  0.16283213,
        0.23769102,  0.27012918,  0.29155127,  0.26186062,  0.31386613,
        0.25025083,  0.08973464, -0.00052883, -0.06659485, -0.1230755 ,
       -0.09610994,  0.01966728,  0.20731648,  0.26853021,  0.23897508,
        0.20679742,  0.08041476, -0.01065674]), array([-0.02115321,  0.07939129,  0.21038149,  0.24180288,  0.2680644 ,
        0.20631684,  0.02265372, -0.09159723, -0.12264733, -0.0706514 ,
       -0.00392492,  0.09349827,  0.24603012,  0.29547345,  0.25858719,
        0.29973548,  0.27874831,  0.23545607,  0.16603725,  0.10893779,
       -0.02869002,  0.00434091,  0.12183802,  0.12270278,  0.14944044,
        0.23756111,  0.25353553,  0.26457607,  0.22813152,  0.18423271,
        0.16220971,  0.13976444,  0.09570536,  0.04836144,  0.04623758,
        0.12034432,  0.22375613,  0.30299759,  0.38702113,  0.35489239,
        0.28435474,  0.17173518,  0.04838842, -0.11336239, -0.11298788,
        0.04937436,  0.17267604,  0.28509722,  0.35611064,  0.38786884,
        0.30168112,  0.22043822,  0.11712448,  0.04576689,  0.05148072,
        0.09942449,  0.1400856 ,  0.15819697,  0.17881512,  0.22566906,
        0.26628747,  0.25684245,  0.23970648,  0.14988633,  0.12413759,
        0.12628371,  0.00814787, -0.02970557,  0.10433514,  0.16283213,
        0.23769102,  0.27012918,  0.29155127,  0.26186062,  0.31386613,
        0.25025083,  0.08973464, -0.00052883, -0.06659485, -0.1230755 ,
       -0.09610994,  0.01966728,  0.20731648,  0.26853021,  0.23897508,
        0.20679742,  0.08041476, -0.01065674]))
test theta tf.Tensor(
[[0.        +0.j 0.        +0.j 0.        +0.j 0.        +0.j
  0.        +0.j 0.        +0.j]
 [0.        +0.j 1.32573739+0.j 0.        +0.j 0.        +0.j
  0.39306503+0.j 0.        +0.j]
 [0.        +0.j 0.        +0.j 0.        +0.j 0.        +0.j
  0.        +0.j 0.        +0.j]
 [0.        +0.j 0.        +0.j 0.        +0.j 0.        +0.j
  0.        +0.j 0.        +0.j]
 [0.        +0.j 0.39306503+0.j 0.        +0.j 0.        +0.j
  1.32573739+0.j 0.        +0.j]
 [0.        +0.j 0.        +0.j 0.        +0.j 0.        +0.j
  0.        +0.j 0.        +0.j]], shape=(6, 6), dtype=complex128)
----- N 6 segNum 89 -----
detuning [-0.07693479044618155, -0.05161047501954972, -0.0178452634949137, 0.019755084132927005, 0.05415220664566243, 0.07248323818205622]
tau 1334.9999999999998
mode [[-0.12350251  0.38498356 -0.58011618  0.58011618 -0.38498356  0.12350251]
 [ 0.26231938 -0.57657119  0.31425181  0.31425181 -0.57657119  0.26231938]
 [-0.40165268  0.44185272  0.37873645 -0.37873645 -0.44185272  0.40165268]
 [ 0.5143169  -0.0299832  -0.4843337  -0.4843337  -0.0299832   0.5143169 ]
 [ 0.56870226  0.39566884  0.14150586 -0.14150586 -0.39566884 -0.56870226]
 [-0.40824829 -0.40824829 -0.40824829 -0.40824829 -0.40824829 -0.40824829]]
k_list [0, 1, 2, 3, 4, 5]
this ions should have laser shined:  [1 4]
>>>>>>>>>> P and G calculate time used is: 1304.739104270935 seconds
error: 1.548971605446442e-05
constrain_error 0.0006472753226688388
>>>>>>>>>> optimization time used is: 1054.763156414032 seconds
alpha max are: [1, 1, 1, 1, 1, 1]  for phonon cut-off in simulation
./calculation results/data/
segnum 89 (array([ 0.21369691,  0.05991393,  0.12338032,  0.22380412,  0.25257725,
        0.2527131 ,  0.09413117, -0.08350258, -0.08001687,  0.00622293,
        0.03227444,  0.02718507,  0.13203344,  0.3801964 ,  0.30066129,
        0.29236244,  0.34279785,  0.2630593 ,  0.22379159,  0.0760107 ,
       -0.0077329 ,  0.0068375 ,  0.07417949,  0.13413394,  0.17747757,
        0.23684985,  0.31233799,  0.34054178,  0.29894467,  0.18356334,
        0.12934562,  0.1117015 ,  0.07214034,  0.01849516,  0.02684221,
        0.1452132 ,  0.32234824,  0.39015362,  0.38568266,  0.40811324,
        0.35252085,  0.22847249,  0.07037792, -0.06081459, -0.11169165,
       -0.06159025,  0.06929232,  0.22754619,  0.35218838,  0.4065437 ,
        0.38268508,  0.38866716,  0.32483582,  0.14591172,  0.0252682 ,
        0.01531772,  0.07003988,  0.11338666,  0.13355012,  0.18675778,
        0.29897178,  0.3380267 ,  0.31040995,  0.23593041,  0.17688862,
        0.13236322,  0.07173961,  0.00659211, -0.00437604,  0.08005535,
        0.22408494,  0.25778336,  0.36518228,  0.28950212,  0.2990649 ,
        0.36424567,  0.13738298,  0.02643986,  0.02816674,  0.00420817,
       -0.07822969, -0.08086257,  0.0945266 ,  0.25142351,  0.25306882,
        0.2274457 ,  0.12632428,  0.05679681,  0.20439845]), array([ 0.21369691,  0.05991393,  0.12338032,  0.22380412,  0.25257725,
        0.2527131 ,  0.09413117, -0.08350258, -0.08001687,  0.00622293,
        0.03227444,  0.02718507,  0.13203344,  0.3801964 ,  0.30066129,
        0.29236244,  0.34279785,  0.2630593 ,  0.22379159,  0.0760107 ,
       -0.0077329 ,  0.0068375 ,  0.07417949,  0.13413394,  0.17747757,
        0.23684985,  0.31233799,  0.34054178,  0.29894467,  0.18356334,
        0.12934562,  0.1117015 ,  0.07214034,  0.01849516,  0.02684221,
        0.1452132 ,  0.32234824,  0.39015362,  0.38568266,  0.40811324,
        0.35252085,  0.22847249,  0.07037792, -0.06081459, -0.11169165,
       -0.06159025,  0.06929232,  0.22754619,  0.35218838,  0.4065437 ,
        0.38268508,  0.38866716,  0.32483582,  0.14591172,  0.0252682 ,
        0.01531772,  0.07003988,  0.11338666,  0.13355012,  0.18675778,
        0.29897178,  0.3380267 ,  0.31040995,  0.23593041,  0.17688862,
        0.13236322,  0.07173961,  0.00659211, -0.00437604,  0.08005535,
        0.22408494,  0.25778336,  0.36518228,  0.28950212,  0.2990649 ,
        0.36424567,  0.13738298,  0.02643986,  0.02816674,  0.00420817,
       -0.07822969, -0.08086257,  0.0945266 ,  0.25142351,  0.25306882,
        0.2274457 ,  0.12632428,  0.05679681,  0.20439845]))
test theta tf.Tensor(
[[0.        +0.j 0.        +0.j 0.        +0.j 0.        +0.j
  0.        +0.j 0.        +0.j]
 [0.        +0.j 1.48355308+0.j 0.        +0.j 0.        +0.j
  0.39302272+0.j 0.        +0.j]
 [0.        +0.j 0.        +0.j 0.        +0.j 0.        +0.j
  0.        +0.j 0.        +0.j]
 [0.        +0.j 0.        +0.j 0.        +0.j 0.        +0.j
  0.        +0.j 0.        +0.j]
 [0.        +0.j 0.39302272+0.j 0.        +0.j 0.        +0.j
  1.48355308+0.j 0.        +0.j]
 [0.        +0.j 0.        +0.j 0.        +0.j 0.        +0.j
  0.        +0.j 0.        +0.j]], shape=(6, 6), dtype=complex128)
----- N 6 segNum 90 -----
detuning [-0.07693479044618155, -0.05161047501954972, -0.0178452634949137, 0.019755084132927005, 0.05415220664566243, 0.07248323818205622]
tau 1350.0
mode [[-0.12350251  0.38498356 -0.58011618  0.58011618 -0.38498356  0.12350251]
 [ 0.26231938 -0.57657119  0.31425181  0.31425181 -0.57657119  0.26231938]
 [-0.40165268  0.44185272  0.37873645 -0.37873645 -0.44185272  0.40165268]
 [ 0.5143169  -0.0299832  -0.4843337  -0.4843337  -0.0299832   0.5143169 ]
 [ 0.56870226  0.39566884  0.14150586 -0.14150586 -0.39566884 -0.56870226]
 [-0.40824829 -0.40824829 -0.40824829 -0.40824829 -0.40824829 -0.40824829]]
k_list [0, 1, 2, 3, 4, 5]
this ions should have laser shined:  [1 4]
>>>>>>>>>> P and G calculate time used is: 1239.8005421161652 seconds
error: 1.7130684933094013e-05
constrain_error 0.0020285536633856127
----- N 6 segNum 91 -----
detuning [-0.07693479044618155, -0.05161047501954972, -0.0178452634949137, 0.019755084132927005, 0.05415220664566243, 0.07248323818205622]
tau 1365.0
mode [[-0.12350251  0.38498356 -0.58011618  0.58011618 -0.38498356  0.12350251]
 [ 0.26231938 -0.57657119  0.31425181  0.31425181 -0.57657119  0.26231938]
 [-0.40165268  0.44185272  0.37873645 -0.37873645 -0.44185272  0.40165268]
 [ 0.5143169  -0.0299832  -0.4843337  -0.4843337  -0.0299832   0.5143169 ]
 [ 0.56870226  0.39566884  0.14150586 -0.14150586 -0.39566884 -0.56870226]
 [-0.40824829 -0.40824829 -0.40824829 -0.40824829 -0.40824829 -0.40824829]]
k_list [0, 1, 2, 3, 4, 5]
this ions should have laser shined:  [1 4]
>>>>>>>>>> P and G calculate time used is: 1262.4661712646484 seconds
error: 1.6213618147534467e-05
constrain_error 6.31721096931992e-05
>>>>>>>>>> optimization time used is: 1062.4392080307007 seconds
alpha max are: [1, 1, 1, 1, 1, 1]  for phonon cut-off in simulation
./calculation results/data/
segnum 91 (array([ 0.2597331 ,  0.23325754,  0.05656807,  0.21128038,  0.09311625,
        0.17511901,  0.28464746, -0.02823439, -0.20669788, -0.09606903,
        0.09652778,  0.13815935,  0.10565846,  0.18019014,  0.29766804,
        0.28566875,  0.27654388,  0.20266591,  0.08368145,  0.18571858,
       -0.00763557, -0.13758683, -0.07674821,  0.10138524,  0.12966289,
        0.07978631,  0.21735148,  0.28305472,  0.26532404,  0.18340381,
        0.19173822,  0.12035357,  0.02812839, -0.04898401, -0.0784364 ,
        0.02677712,  0.1772288 ,  0.12908372,  0.26946917,  0.36379475,
        0.29422136,  0.19430692,  0.18429028,  0.06244196, -0.09084893,
       -0.14681502, -0.08978499,  0.06355162,  0.18452551,  0.19377763,
