python script
[[-0.7071067811865475, 0.7071067811865475], [0.7071067811865475, 0.7071067811865475]]
----- N 2 segNum 2 -----
2022-04-13 23:59:31.637024: I tensorflow/compiler/jit/xla_cpu_device.cc:41] Not creating XLA devices, tf_xla_enable_xla_devices not set
2022-04-13 23:59:31.637837: I tensorflow/core/platform/cpu_feature_guard.cc:142] This TensorFlow binary is optimized with oneAPI Deep Neural Network Library (oneDNN) to use the following CPU instructions in performance-critical operations:  SSE4.1 SSE4.2 AVX AVX2 FMA
To enable them in other operations, rebuild TensorFlow with the appropriate compiler flags.
2022-04-13 23:59:31.639065: I tensorflow/core/common_runtime/process_util.cc:146] Creating new thread pool with default inter op setting: 2. Tune using inter_op_parallelism_threads for best performance.
detuning [-0.03815759911898105, 0.03815759911898105]
tau 30.0
mode [[-0.70710678  0.70710678]
 [ 0.70710678  0.70710678]]
k_list [0, 1]
this ions should have laser shined:  [0 1]
>>>>>>>>>> P and G calculate time used is: 0.0355074405670166 seconds
error: 1.4602135762870128e-15
constrain_error 0.7853981633974483
----- N 2 segNum 3 -----
detuning [-0.03815759911898105, 0.03815759911898105]
tau 45.0
mode [[-0.70710678  0.70710678]
 [ 0.70710678  0.70710678]]
k_list [0, 1]
this ions should have laser shined:  [0 1]
>>>>>>>>>> P and G calculate time used is: 0.06680822372436523 seconds
error: 0.5666660357618343
constrain_error 0.5889953582958078
----- N 2 segNum 4 -----
detuning [-0.03815759911898105, 0.03815759911898105]
tau 60.0
mode [[-0.70710678  0.70710678]
 [ 0.70710678  0.70710678]]
k_list [0, 1]
this ions should have laser shined:  [0 1]
>>>>>>>>>> P and G calculate time used is: 0.10783958435058594 seconds
error: 0.3199300879418838
constrain_error 0.5151071969387149
----- N 2 segNum 5 -----
detuning [-0.03815759911898105, 0.03815759911898105]
tau 75.0
mode [[-0.70710678  0.70710678]
 [ 0.70710678  0.70710678]]
k_list [0, 1]
this ions should have laser shined:  [0 1]
>>>>>>>>>> P and G calculate time used is: 0.15948057174682617 seconds
error: 0.7293833599058318
constrain_error 0.32344215517192154
----- N 2 segNum 6 -----
detuning [-0.03815759911898105, 0.03815759911898105]
tau 90.0
mode [[-0.70710678  0.70710678]
 [ 0.70710678  0.70710678]]
k_list [0, 1]
this ions should have laser shined:  [0 1]
>>>>>>>>>> P and G calculate time used is: 0.22970366477966309 seconds
error: 0.8987657454220679
constrain_error 1.385997983049947e-10
>>>>>>>>>> optimization time used is: 1.277470588684082 seconds
alpha max are: [1, 1]  for phonon cut-off in simulation
./calculation results/data/
segnum 6 (array([ 0.5       , -0.22501435, -0.5       , -0.5       ,  0.33874284,
        0.5       ]), array([ 0.5       , -0.22501435, -0.5       , -0.5       ,  0.33874284,
        0.5       ]))
test theta tf.Tensor(
[[0.        +0.j 0.39269908+0.j]
 [0.39269908+0.j 0.        +0.j]], shape=(2, 2), dtype=complex128)
----- N 2 segNum 7 -----
detuning [-0.03815759911898105, 0.03815759911898105]
tau 105.0
mode [[-0.70710678  0.70710678]
 [ 0.70710678  0.70710678]]
k_list [0, 1]
this ions should have laser shined:  [0 1]
>>>>>>>>>> P and G calculate time used is: 0.30206727981567383 seconds
error: 0.5376305053040689
constrain_error 1.6026559768178572e-07
>>>>>>>>>> optimization time used is: 0.8802900314331055 seconds
alpha max are: [1, 1]  for phonon cut-off in simulation
./calculation results/data/
segnum 7 (array([ 0.5       ,  0.5       , -0.16736862, -0.5       , -0.16736893,
        0.5       ,  0.5       ]), array([ 0.5       ,  0.5       , -0.16736862, -0.5       , -0.16736893,
        0.5       ,  0.5       ]))
test theta tf.Tensor(
[[0.      +0.j 0.392699+0.j]
 [0.392699+0.j 0.      +0.j]], shape=(2, 2), dtype=complex128)
----- N 2 segNum 8 -----
detuning [-0.03815759911898105, 0.03815759911898105]
tau 120.0
mode [[-0.70710678  0.70710678]
 [ 0.70710678  0.70710678]]
k_list [0, 1]
this ions should have laser shined:  [0 1]
>>>>>>>>>> P and G calculate time used is: 0.3913915157318115 seconds
error: 0.5542335855367484
constrain_error 9.436449954769444e-09
>>>>>>>>>> optimization time used is: 1.18192458152771 seconds
alpha max are: [1, 1]  for phonon cut-off in simulation
./calculation results/data/
segnum 8 (array([ 0.25225916,  0.5       ,  0.38375793, -0.5       , -0.5       ,
        0.38377236,  0.5       ,  0.25224953]), array([ 0.25225916,  0.5       ,  0.38375793, -0.5       , -0.5       ,
        0.38377236,  0.5       ,  0.25224953]))
test theta tf.Tensor(
[[0.        +0.j 0.39269908+0.j]
 [0.39269908+0.j 0.        +0.j]], shape=(2, 2), dtype=complex128)
----- N 2 segNum 9 -----
detuning [-0.03815759911898105, 0.03815759911898105]
tau 134.99999999999997
mode [[-0.70710678  0.70710678]
 [ 0.70710678  0.70710678]]
k_list [0, 1]
this ions should have laser shined:  [0 1]
>>>>>>>>>> P and G calculate time used is: 0.49005770683288574 seconds
error: 0.19185623274588268
constrain_error 9.121729260819222e-09
>>>>>>>>>> optimization time used is: 2.7380974292755127 seconds
alpha max are: [1, 1]  for phonon cut-off in simulation
./calculation results/data/
segnum 9 (array([-0.19653125,  0.5       ,  0.5       , -0.5       , -0.5       ,
        0.02284589,  0.5       ,  0.5       , -0.5       ]), array([-0.19653125,  0.5       ,  0.5       , -0.5       , -0.5       ,
        0.02284589,  0.5       ,  0.5       , -0.5       ]))
test theta tf.Tensor(
[[0.        +0.j 0.39269908+0.j]
 [0.39269908+0.j 0.        +0.j]], shape=(2, 2), dtype=complex128)
----- N 2 segNum 10 -----
detuning [-0.03815759911898105, 0.03815759911898105]
tau 150.0
mode [[-0.70710678  0.70710678]
 [ 0.70710678  0.70710678]]
k_list [0, 1]
this ions should have laser shined:  [0 1]
>>>>>>>>>> P and G calculate time used is: 0.6046431064605713 seconds
error: 2.903837570540819e-06
constrain_error 6.986924686591678e-07
>>>>>>>>>> optimization time used is: 3.037665843963623 seconds
alpha max are: [1, 1]  for phonon cut-off in simulation
./calculation results/data/
segnum 10 (array([-0.45340238,  0.35491556,  0.47293449,  0.2615895 , -0.48448894,
       -0.48124747,  0.23363977,  0.49655481,  0.34973254, -0.45050342]), array([-0.45340238,  0.35491556,  0.47293449,  0.2615895 , -0.48448894,
       -0.48124747,  0.23363977,  0.49655481,  0.34973254, -0.45050342]))
test theta tf.Tensor(
[[0.        +0.j 0.39269873+0.j]
 [0.39269873+0.j 0.        +0.j]], shape=(2, 2), dtype=complex128)
----- break -----
[[0.4082482904638639, 0.707106781186547, -0.577350269189626], [-0.8164965809277263, 1.196830701358684e-15, -0.5773502691896252], [0.40824829046386174, -0.7071067811865481, -0.577350269189626]]
----- N 3 segNum 10 -----
detuning [-0.061227969370357925, 0.006925511717484799, 0.05430245765287382]
tau 150.0
mode [[ 4.08248290e-01 -8.16496581e-01  4.08248290e-01]
 [ 7.07106781e-01  1.19683070e-15 -7.07106781e-01]
 [-5.77350269e-01 -5.77350269e-01 -5.77350269e-01]]
k_list [0, 1, 2]
this ions should have laser shined:  [0 1]
>>>>>>>>>> P and G calculate time used is: 2.0137553215026855 seconds
error: 0.2761231025066782
constrain_error 2.1195906996229752e-07
>>>>>>>>>> optimization time used is: 6.8248255252838135 seconds
alpha max are: [2, 1, 1]  for phonon cut-off in simulation
./calculation results/data/
segnum 10 (array([-0.28828338, -0.34468362,  0.5       ,  0.5       , -0.5       ,
       -0.5       ,  0.5       ,  0.5       , -0.34311596, -0.28836372]), array([-0.28828338, -0.34468362,  0.5       ,  0.5       , -0.5       ,
       -0.5       ,  0.5       ,  0.5       , -0.34311596, -0.28836372]))
test theta tf.Tensor(
[[ 0.05362613+0.j  0.39269898+0.j  0.        +0.j]
 [ 0.39269898+0.j -0.32348358+0.j  0.        +0.j]
 [ 0.        +0.j  0.        +0.j  0.        +0.j]], shape=(3, 3), dtype=complex128)
----- N 3 segNum 11 -----
detuning [-0.061227969370357925, 0.006925511717484799, 0.05430245765287382]
tau 165.0
mode [[ 4.08248290e-01 -8.16496581e-01  4.08248290e-01]
 [ 7.07106781e-01  1.19683070e-15 -7.07106781e-01]
 [-5.77350269e-01 -5.77350269e-01 -5.77350269e-01]]
k_list [0, 1, 2]
this ions should have laser shined:  [0 1]
>>>>>>>>>> P and G calculate time used is: 2.423485279083252 seconds
error: 0.17883189981780798
constrain_error 3.303031326229444e-08
>>>>>>>>>> optimization time used is: 19.290714025497437 seconds
alpha max are: [2, 1, 1]  for phonon cut-off in simulation
./calculation results/data/
segnum 11 (array([-0.1621406 , -0.42861614,  0.5       ,  0.5       , -0.5       ,
       -0.5       ,  0.5       ,  0.5       , -0.26055443, -0.5       ,
        0.28082825]), array([-0.1621406 , -0.42861614,  0.5       ,  0.5       , -0.5       ,
       -0.5       ,  0.5       ,  0.5       , -0.26055443, -0.5       ,
        0.28082825]))
test theta tf.Tensor(
[[ 0.06955291+0.j  0.39269907+0.j  0.        +0.j]
 [ 0.39269907+0.j -0.30130633+0.j  0.        +0.j]
 [ 0.        +0.j  0.        +0.j  0.        +0.j]], shape=(3, 3), dtype=complex128)
----- N 3 segNum 12 -----
detuning [-0.061227969370357925, 0.006925511717484799, 0.05430245765287382]
tau 180.0
mode [[ 4.08248290e-01 -8.16496581e-01  4.08248290e-01]
 [ 7.07106781e-01  1.19683070e-15 -7.07106781e-01]
 [-5.77350269e-01 -5.77350269e-01 -5.77350269e-01]]
k_list [0, 1, 2]
this ions should have laser shined:  [0 1]
>>>>>>>>>> P and G calculate time used is: 2.862203598022461 seconds
error: 0.06390743067291298
constrain_error 1.3250525976449268e-07
>>>>>>>>>> optimization time used is: 17.227655172348022 seconds
alpha max are: [1, 1, 1]  for phonon cut-off in simulation
./calculation results/data/
segnum 12 (array([ 0.37373467, -0.5       , -0.17395348,  0.5       ,  0.2933668 ,
       -0.5       , -0.5       ,  0.44363727,  0.5       , -0.37102349,
       -0.5       ,  0.5       ]), array([ 0.37373467, -0.5       , -0.17395348,  0.5       ,  0.2933668 ,
       -0.5       , -0.5       ,  0.44363727,  0.5       , -0.37102349,
       -0.5       ,  0.5       ]))
test theta tf.Tensor(
[[ 0.08094437+0.j  0.39269902+0.j  0.        +0.j]
 [ 0.39269902+0.j -0.27718883+0.j  0.        +0.j]
 [ 0.        +0.j  0.        +0.j  0.        +0.j]], shape=(3, 3), dtype=complex128)
----- N 3 segNum 13 -----
detuning [-0.061227969370357925, 0.006925511717484799, 0.05430245765287382]
tau 194.99999999999997
mode [[ 4.08248290e-01 -8.16496581e-01  4.08248290e-01]
 [ 7.07106781e-01  1.19683070e-15 -7.07106781e-01]
 [-5.77350269e-01 -5.77350269e-01 -5.77350269e-01]]
k_list [0, 1, 2]
this ions should have laser shined:  [0 1]
>>>>>>>>>> P and G calculate time used is: 3.3654396533966064 seconds
error: 0.02646822597336959
constrain_error 5.315070807920819e-07
>>>>>>>>>> optimization time used is: 8.468603134155273 seconds
alpha max are: [1, 1, 1]  for phonon cut-off in simulation
./calculation results/data/
segnum 13 (array([ 0.5       , -0.225818  , -0.5       ,  0.30433931,  0.5       ,
       -0.28514347, -0.5       , -0.27595082,  0.5       ,  0.2972242 ,
       -0.5       , -0.22198298,  0.5       ]), array([ 0.5       , -0.225818  , -0.5       ,  0.30433931,  0.5       ,
       -0.28514347, -0.5       , -0.27595082,  0.5       ,  0.2972242 ,
       -0.5       , -0.22198298,  0.5       ]))
test theta tf.Tensor(
[[ 0.0816568 +0.j  0.39269935+0.j  0.        +0.j]
 [ 0.39269935+0.j -0.2909515 +0.j  0.        +0.j]
 [ 0.        +0.j  0.        +0.j  0.        +0.j]], shape=(3, 3), dtype=complex128)
----- N 3 segNum 14 -----
detuning [-0.061227969370357925, 0.006925511717484799, 0.05430245765287382]
tau 210.0
mode [[ 4.08248290e-01 -8.16496581e-01  4.08248290e-01]
 [ 7.07106781e-01  1.19683070e-15 -7.07106781e-01]
 [-5.77350269e-01 -5.77350269e-01 -5.77350269e-01]]
k_list [0, 1, 2]
this ions should have laser shined:  [0 1]
>>>>>>>>>> P and G calculate time used is: 3.8660478591918945 seconds
error: 0.005493248665576496
constrain_error 1.8103008325720538e-07
>>>>>>>>>> optimization time used is: 23.094642639160156 seconds
alpha max are: [1, 1, 1]  for phonon cut-off in simulation
./calculation results/data/
segnum 14 (array([-0.0762226 , -0.5       ,  0.28410425,  0.5       , -0.41354528,
       -0.5       ,  0.5       ,  0.5       ,  0.15448523, -0.5       ,
       -0.17550775,  0.5       ,  0.10887227, -0.5       ]), array([-0.0762226 , -0.5       ,  0.28410425,  0.5       , -0.41354528,
       -0.5       ,  0.5       ,  0.5       ,  0.15448523, -0.5       ,
       -0.17550775,  0.5       ,  0.10887227, -0.5       ]))
test theta tf.Tensor(
[[ 0.08456275+0.j  0.39269899+0.j  0.        +0.j]
 [ 0.39269899+0.j -0.29867305+0.j  0.        +0.j]
 [ 0.        +0.j  0.        +0.j  0.        +0.j]], shape=(3, 3), dtype=complex128)
----- N 3 segNum 15 -----
detuning [-0.061227969370357925, 0.006925511717484799, 0.05430245765287382]
tau 225.0
mode [[ 4.08248290e-01 -8.16496581e-01  4.08248290e-01]
 [ 7.07106781e-01  1.19683070e-15 -7.07106781e-01]
 [-5.77350269e-01 -5.77350269e-01 -5.77350269e-01]]
k_list [0, 1, 2]
this ions should have laser shined:  [0 1]
>>>>>>>>>> P and G calculate time used is: 4.387104749679565 seconds
error: 2.0101744045839764e-06
constrain_error 6.847685469546505e-06
>>>>>>>>>> optimization time used is: 51.857783794403076 seconds
alpha max are: [1, 1, 1]  for phonon cut-off in simulation
./calculation results/data/
segnum 15 (array([-0.17333345, -0.48758599,  0.22114714,  0.49602149, -0.3486916 ,
       -0.49852711,  0.45630483,  0.4980328 ,  0.44557199, -0.499325  ,
       -0.34163261,  0.49749036,  0.21513379, -0.48890011, -0.16991494]), array([-0.17333345, -0.48758599,  0.22114714,  0.49602149, -0.3486916 ,
       -0.49852711,  0.45630483,  0.4980328 ,  0.44557199, -0.499325  ,
       -0.34163261,  0.49749036,  0.21513379, -0.48890011, -0.16991494]))
test theta tf.Tensor(
[[ 0.0898027 +0.j  0.39269566+0.j  0.        +0.j]
 [ 0.39269566+0.j -0.32669887+0.j  0.        +0.j]
 [ 0.        +0.j  0.        +0.j  0.        +0.j]], shape=(3, 3), dtype=complex128)
----- break -----
[[0.25490142421265394, 0.49999999999999944, -0.6595644501747806, -0.5000000000000006], [-0.6595644501747815, -0.4999999999999999, -0.25490142421265405, -0.49999999999999867], [0.6595644501747802, -0.5000000000000017, 0.25490142421265266, -0.4999999999999993], [-0.254901424212653, 0.4999999999999988, 0.6595644501747809, -0.5000000000000012]]
----- N 4 segNum 15 -----
detuning [-0.07081901003858261, -0.02292112533574994, 0.030611108082306573, 0.06312902729202621]
tau 225.0
mode [[ 0.25490142 -0.65956445  0.65956445 -0.25490142]
 [ 0.5        -0.5        -0.5         0.5       ]
 [-0.65956445 -0.25490142  0.25490142  0.65956445]
 [-0.5        -0.5        -0.5        -0.5       ]]
k_list [0, 1, 2, 3]
this ions should have laser shined:  [1 2]
>>>>>>>>>> P and G calculate time used is: 10.351158618927002 seconds
error: 0.03302609910699961
constrain_error 1.3985843261288267e-07
>>>>>>>>>> optimization time used is: 51.49040246009827 seconds
alpha max are: [1, 1, 1, 1]  for phonon cut-off in simulation
./calculation results/data/
segnum 15 (array([-0.44848453,  0.5       ,  0.11079337, -0.5       , -0.11806095,
        0.5       ,  0.13901492, -0.5       , -0.29882162,  0.5       ,
        0.1787367 , -0.5       , -0.11703329,  0.5       , -0.24062626]), array([-0.44848453,  0.5       ,  0.11079337, -0.5       , -0.11806095,
        0.5       ,  0.13901492, -0.5       , -0.29882162,  0.5       ,
        0.1787367 , -0.5       , -0.11703329,  0.5       , -0.24062626]))
test theta tf.Tensor(
[[ 0.        +0.j  0.        +0.j  0.        +0.j  0.        +0.j]
 [ 0.        +0.j -0.19400522+0.j  0.39269915+0.j  0.        +0.j]
 [ 0.        +0.j  0.39269915+0.j -0.19400522+0.j  0.        +0.j]
 [ 0.        +0.j  0.        +0.j  0.        +0.j  0.        +0.j]], shape=(4, 4), dtype=complex128)
----- N 4 segNum 16 -----
detuning [-0.07081901003858261, -0.02292112533574994, 0.030611108082306573, 0.06312902729202621]
tau 240.0
mode [[ 0.25490142 -0.65956445  0.65956445 -0.25490142]
 [ 0.5        -0.5        -0.5         0.5       ]
 [-0.65956445 -0.25490142  0.25490142  0.65956445]
 [-0.5        -0.5        -0.5        -0.5       ]]
k_list [0, 1, 2, 3]
this ions should have laser shined:  [1 2]
>>>>>>>>>> P and G calculate time used is: 11.76440691947937 seconds
error: 1.251532322562316e-06
constrain_error 5.179301209135012e-06
>>>>>>>>>> optimization time used is: 94.32682228088379 seconds
alpha max are: [1, 1, 1, 1]  for phonon cut-off in simulation
./calculation results/data/
segnum 16 (array([-0.28468761,  0.13588062,  0.41454944, -0.46359397, -0.3185943 ,
        0.48416859,  0.17959849, -0.38448035, -0.3763841 ,  0.19443733,
        0.47181595, -0.330295  , -0.45011834,  0.4225242 ,  0.11898941,
       -0.27750276]), array([-0.28468761,  0.13588062,  0.41454944, -0.46359397, -0.3185943 ,
        0.48416859,  0.17959849, -0.38448035, -0.3763841 ,  0.19443733,
        0.47181595, -0.330295  , -0.45011834,  0.4225242 ,  0.11898941,
       -0.27750276]))
test theta tf.Tensor(
[[ 0.        +0.j  0.        +0.j  0.        +0.j  0.        +0.j]
 [ 0.        +0.j -0.19251974+0.j  0.39269649+0.j  0.        +0.j]
 [ 0.        +0.j  0.39269649+0.j -0.19251974+0.j  0.        +0.j]
 [ 0.        +0.j  0.        +0.j  0.        +0.j  0.        +0.j]], shape=(4, 4), dtype=complex128)
----- break -----
[[-0.17230893891832, 0.3557281850836519, 0.5199130980931749, 0.6111116578311152, -0.44721359549995393], [0.5023929691885006, -0.6111116578311108, -0.21817723187804197, 0.3557281850836556, -0.44721359549995443], [-0.6601680605403564, -3.9646479575976415e-15, -0.6034717324302638, 4.293876555515047e-15, -0.4472135954999583], [0.5023929691884955, 0.6111116578311135, -0.21817723187804278, -0.3557281850836505, -0.4472135954999616], [-0.17230893891831897, -0.3557281850836542, 0.5199130980931743, -0.611111657831109, -0.44721359549996154]]
----- N 5 segNum 16 -----
detuning [-0.07502443429270154, -0.040827853335941446, 0.002349582904243376, 0.04482537538365181, 0.06867732934074942]
tau 240.0
mode [[-1.72308939e-01  5.02392969e-01 -6.60168061e-01  5.02392969e-01
  -1.72308939e-01]
 [ 3.55728185e-01 -6.11111658e-01 -3.96464796e-15  6.11111658e-01
  -3.55728185e-01]
 [ 5.19913098e-01 -2.18177232e-01 -6.03471732e-01 -2.18177232e-01
   5.19913098e-01]
 [ 6.11111658e-01  3.55728185e-01  4.29387656e-15 -3.55728185e-01
  -6.11111658e-01]
 [-4.47213595e-01 -4.47213595e-01 -4.47213595e-01 -4.47213595e-01
  -4.47213595e-01]]
k_list [0, 1, 2, 3, 4]
this ions should have laser shined:  [1 3]
>>>>>>>>>> P and G calculate time used is: 22.990872859954834 seconds
error: 1.68184344598832
constrain_error 1.4884099819312269e-07
>>>>>>>>>> optimization time used is: 63.2771954536438 seconds
alpha max are: [1, 2, 1, 1, 2]  for phonon cut-off in simulation
./calculation results/data/
segnum 16 (array([ 0.5       ,  0.44020407, -0.5       ,  0.15421081, -0.5       ,
       -0.5       ,  0.38089217,  0.22147384,  0.27735724,  0.35600454,
       -0.5       , -0.5       ,  0.15705966, -0.5       ,  0.43537091,
        0.5       ]), array([ 0.5       ,  0.44020407, -0.5       ,  0.15421081, -0.5       ,
       -0.5       ,  0.38089217,  0.22147384,  0.27735724,  0.35600454,
       -0.5       , -0.5       ,  0.15705966, -0.5       ,  0.43537091,
        0.5       ]))
test theta tf.Tensor(
[[ 0.        +0.j  0.        +0.j  0.        +0.j  0.        +0.j
   0.        +0.j]
 [ 0.        +0.j -0.4197998 +0.j  0.        +0.j  0.39269901+0.j
   0.        +0.j]
 [ 0.        +0.j  0.        +0.j  0.        +0.j  0.        +0.j
   0.        +0.j]
 [ 0.        +0.j  0.39269901+0.j  0.        +0.j -0.4197998 +0.j
   0.        +0.j]
 [ 0.        +0.j  0.        +0.j  0.        +0.j  0.        +0.j
   0.        +0.j]], shape=(5, 5), dtype=complex128)
----- N 5 segNum 17 -----
detuning [-0.07502443429270154, -0.040827853335941446, 0.002349582904243376, 0.04482537538365181, 0.06867732934074942]
tau 254.99999999999997
mode [[-1.72308939e-01  5.02392969e-01 -6.60168061e-01  5.02392969e-01
  -1.72308939e-01]
 [ 3.55728185e-01 -6.11111658e-01 -3.96464796e-15  6.11111658e-01
  -3.55728185e-01]
 [ 5.19913098e-01 -2.18177232e-01 -6.03471732e-01 -2.18177232e-01
   5.19913098e-01]
 [ 6.11111658e-01  3.55728185e-01  4.29387656e-15 -3.55728185e-01
  -6.11111658e-01]
 [-4.47213595e-01 -4.47213595e-01 -4.47213595e-01 -4.47213595e-01
  -4.47213595e-01]]
k_list [0, 1, 2, 3, 4]
this ions should have laser shined:  [1 3]
>>>>>>>>>> P and G calculate time used is: 25.893428564071655 seconds
error: 1.6965956652523841
constrain_error 2.717546789821057e-07
>>>>>>>>>> optimization time used is: 115.0782241821289 seconds
alpha max are: [1, 2, 1, 1, 2]  for phonon cut-off in simulation
./calculation results/data/
segnum 17 (array([ 0.38256249,  0.11316414,  0.5       , -0.5       , -0.18012765,
       -0.5       ,  0.08738044, -0.05170081,  0.5       ,  0.48756591,
       -0.5       , -0.5       ,  0.10760631, -0.5       ,  0.21932025,
        0.5       ,  0.16061013]), array([ 0.38256249,  0.11316414,  0.5       , -0.5       , -0.18012765,
       -0.5       ,  0.08738044, -0.05170081,  0.5       ,  0.48756591,
       -0.5       , -0.5       ,  0.10760631, -0.5       ,  0.21932025,
        0.5       ,  0.16061013]))
test theta tf.Tensor(
[[ 0.        +0.j  0.        +0.j  0.        +0.j  0.        +0.j
   0.        +0.j]
 [ 0.        +0.j -0.33298238+0.j  0.        +0.j  0.39269895+0.j
   0.        +0.j]
 [ 0.        +0.j  0.        +0.j  0.        +0.j  0.        +0.j
   0.        +0.j]
 [ 0.        +0.j  0.39269895+0.j  0.        +0.j -0.33298238+0.j
   0.        +0.j]
 [ 0.        +0.j  0.        +0.j  0.        +0.j  0.        +0.j
   0.        +0.j]], shape=(5, 5), dtype=complex128)
----- N 5 segNum 18 -----
detuning [-0.07502443429270154, -0.040827853335941446, 0.002349582904243376, 0.04482537538365181, 0.06867732934074942]
tau 269.99999999999994
mode [[-1.72308939e-01  5.02392969e-01 -6.60168061e-01  5.02392969e-01
  -1.72308939e-01]
 [ 3.55728185e-01 -6.11111658e-01 -3.96464796e-15  6.11111658e-01
  -3.55728185e-01]
 [ 5.19913098e-01 -2.18177232e-01 -6.03471732e-01 -2.18177232e-01
   5.19913098e-01]
 [ 6.11111658e-01  3.55728185e-01  4.29387656e-15 -3.55728185e-01
  -6.11111658e-01]
 [-4.47213595e-01 -4.47213595e-01 -4.47213595e-01 -4.47213595e-01
  -4.47213595e-01]]
k_list [0, 1, 2, 3, 4]
this ions should have laser shined:  [1 3]
>>>>>>>>>> P and G calculate time used is: 28.828235626220703 seconds
error: 1.6593663111299175
constrain_error 9.55114780043509e-07
>>>>>>>>>> optimization time used is: 127.32652950286865 seconds
alpha max are: [1, 2, 1, 1, 1]  for phonon cut-off in simulation
./calculation results/data/
segnum 18 (array([-0.41134448, -0.5       ,  0.31643254, -0.5       ,  0.5       ,
        0.39785426,  0.5       , -0.5       , -0.08210646, -0.07285613,
       -0.5       ,  0.5       ,  0.35355519,  0.5       , -0.5       ,
        0.25009203, -0.5       , -0.41994162]), array([-0.41134448, -0.5       ,  0.31643254, -0.5       ,  0.5       ,
        0.39785426,  0.5       , -0.5       , -0.08210646, -0.07285613,
       -0.5       ,  0.5       ,  0.35355519,  0.5       , -0.5       ,
        0.25009203, -0.5       , -0.41994162]))
test theta tf.Tensor(
[[ 0.        +0.j  0.        +0.j  0.        +0.j  0.        +0.j
   0.        +0.j]
 [ 0.        +0.j -0.53748388+0.j  0.        +0.j  0.3926986 +0.j
   0.        +0.j]
 [ 0.        +0.j  0.        +0.j  0.        +0.j  0.        +0.j
   0.        +0.j]
 [ 0.        +0.j  0.3926986 +0.j  0.        +0.j -0.53748388+0.j
   0.        +0.j]
 [ 0.        +0.j  0.        +0.j  0.        +0.j  0.        +0.j
   0.        +0.j]], shape=(5, 5), dtype=complex128)
----- N 5 segNum 19 -----
detuning [-0.07502443429270154, -0.040827853335941446, 0.002349582904243376, 0.04482537538365181, 0.06867732934074942]
tau 285.0
mode [[-1.72308939e-01  5.02392969e-01 -6.60168061e-01  5.02392969e-01
  -1.72308939e-01]
 [ 3.55728185e-01 -6.11111658e-01 -3.96464796e-15  6.11111658e-01
  -3.55728185e-01]
 [ 5.19913098e-01 -2.18177232e-01 -6.03471732e-01 -2.18177232e-01
   5.19913098e-01]
 [ 6.11111658e-01  3.55728185e-01  4.29387656e-15 -3.55728185e-01
  -6.11111658e-01]
 [-4.47213595e-01 -4.47213595e-01 -4.47213595e-01 -4.47213595e-01
  -4.47213595e-01]]
k_list [0, 1, 2, 3, 4]
this ions should have laser shined:  [1 3]
>>>>>>>>>> P and G calculate time used is: 32.289711475372314 seconds
error: 1.657818169378358
constrain_error 4.4991972703023464e-08
>>>>>>>>>> optimization time used is: 106.38158059120178 seconds
alpha max are: [1, 2, 1, 2, 1]  for phonon cut-off in simulation
./calculation results/data/
segnum 19 (array([ 0.09267283,  0.5       ,  0.5       , -0.5       ,  0.40522934,
       -0.5       , -0.5       , -0.1306993 ,  0.5       , -0.05567595,
        0.5       , -0.08075482, -0.5       , -0.5       ,  0.36147045,
       -0.5       ,  0.4709706 ,  0.5       ,  0.1269382 ]), array([ 0.09267283,  0.5       ,  0.5       , -0.5       ,  0.40522934,
       -0.5       , -0.5       , -0.1306993 ,  0.5       , -0.05567595,
        0.5       , -0.08075482, -0.5       , -0.5       ,  0.36147045,
       -0.5       ,  0.4709706 ,  0.5       ,  0.1269382 ]))
test theta tf.Tensor(
[[ 0.        +0.j  0.        +0.j  0.        +0.j  0.        +0.j
   0.        +0.j]
 [ 0.        +0.j -0.57077255+0.j  0.        +0.j  0.39269906+0.j
   0.        +0.j]
 [ 0.        +0.j  0.        +0.j  0.        +0.j  0.        +0.j
   0.        +0.j]
 [ 0.        +0.j  0.39269906+0.j  0.        +0.j -0.57077255+0.j
   0.        +0.j]
 [ 0.        +0.j  0.        +0.j  0.        +0.j  0.        +0.j
   0.        +0.j]], shape=(5, 5), dtype=complex128)
----- N 5 segNum 20 -----
detuning [-0.07502443429270154, -0.040827853335941446, 0.002349582904243376, 0.04482537538365181, 0.06867732934074942]
tau 300.0
mode [[-1.72308939e-01  5.02392969e-01 -6.60168061e-01  5.02392969e-01
  -1.72308939e-01]
 [ 3.55728185e-01 -6.11111658e-01 -3.96464796e-15  6.11111658e-01
  -3.55728185e-01]
 [ 5.19913098e-01 -2.18177232e-01 -6.03471732e-01 -2.18177232e-01
   5.19913098e-01]
 [ 6.11111658e-01  3.55728185e-01  4.29387656e-15 -3.55728185e-01
  -6.11111658e-01]
 [-4.47213595e-01 -4.47213595e-01 -4.47213595e-01 -4.47213595e-01
  -4.47213595e-01]]
k_list [0, 1, 2, 3, 4]
this ions should have laser shined:  [1 3]
>>>>>>>>>> P and G calculate time used is: 35.57572340965271 seconds
error: 1.630189320268203
constrain_error 3.5785729157744584e-07
>>>>>>>>>> optimization time used is: 120.75954079627991 seconds
alpha max are: [1, 2, 1, 2, 1]  for phonon cut-off in simulation
./calculation results/data/
segnum 20 (array([-0.25348181, -0.5       ,  0.16048979, -0.5       ,  0.00517309,
        0.5       ,  0.5       , -0.42241168,  0.32823314, -0.5       ,
       -0.5       ,  0.36190584,  0.2271563 ,  0.5       ,  0.3832025 ,
       -0.5       ,  0.20241174, -0.5       , -0.5       ,  0.5       ]), array([-0.25348181, -0.5       ,  0.16048979, -0.5       ,  0.00517309,
        0.5       ,  0.5       , -0.42241168,  0.32823314, -0.5       ,
       -0.5       ,  0.36190584,  0.2271563 ,  0.5       ,  0.3832025 ,
       -0.5       ,  0.20241174, -0.5       , -0.5       ,  0.5       ]))
test theta tf.Tensor(
[[ 0.        +0.j  0.        +0.j  0.        +0.j  0.        +0.j
   0.        +0.j]
 [ 0.        +0.j -0.52513774+0.j  0.        +0.j  0.3926989 +0.j
   0.        +0.j]
 [ 0.        +0.j  0.        +0.j  0.        +0.j  0.        +0.j
   0.        +0.j]
 [ 0.        +0.j  0.3926989 +0.j  0.        +0.j -0.52513774+0.j
   0.        +0.j]
 [ 0.        +0.j  0.        +0.j  0.        +0.j  0.        +0.j
   0.        +0.j]], shape=(5, 5), dtype=complex128)
----- N 5 segNum 21 -----
detuning [-0.07502443429270154, -0.040827853335941446, 0.002349582904243376, 0.04482537538365181, 0.06867732934074942]
tau 315.0
mode [[-1.72308939e-01  5.02392969e-01 -6.60168061e-01  5.02392969e-01
  -1.72308939e-01]
 [ 3.55728185e-01 -6.11111658e-01 -3.96464796e-15  6.11111658e-01
  -3.55728185e-01]
 [ 5.19913098e-01 -2.18177232e-01 -6.03471732e-01 -2.18177232e-01
   5.19913098e-01]
 [ 6.11111658e-01  3.55728185e-01  4.29387656e-15 -3.55728185e-01
  -6.11111658e-01]
 [-4.47213595e-01 -4.47213595e-01 -4.47213595e-01 -4.47213595e-01
  -4.47213595e-01]]
k_list [0, 1, 2, 3, 4]
this ions should have laser shined:  [1 3]
>>>>>>>>>> P and G calculate time used is: 39.4998619556427 seconds
error: 1.4080549575582282
constrain_error 8.802352846615236e-09
>>>>>>>>>> optimization time used is: 127.60137414932251 seconds
alpha max are: [1, 2, 1, 2, 1]  for phonon cut-off in simulation
./calculation results/data/
segnum 21 (array([ 0.5       ,  0.5       , -0.32133732, -0.5       ,  0.40883007,
       -0.5       , -0.38823415,  0.5       ,  0.5       , -0.25304322,
        0.5       , -0.5       , -0.34072687, -0.32499666,  0.5       ,
       -0.16269233,  0.5       , -0.13657996,  0.5       , -0.5       ,
       -0.5       ]), array([ 0.5       ,  0.5       , -0.32133732, -0.5       ,  0.40883007,
       -0.5       , -0.38823415,  0.5       ,  0.5       , -0.25304322,
        0.5       , -0.5       , -0.34072687, -0.32499666,  0.5       ,
       -0.16269233,  0.5       , -0.13657996,  0.5       , -0.5       ,
       -0.5       ]))
test theta tf.Tensor(
[[ 0.        +0.j  0.        +0.j  0.        +0.j  0.        +0.j
   0.        +0.j]
 [ 0.        +0.j -0.61245572+0.j  0.        +0.j  0.39269909+0.j
   0.        +0.j]
 [ 0.        +0.j  0.        +0.j  0.        +0.j  0.        +0.j
   0.        +0.j]
 [ 0.        +0.j  0.39269909+0.j  0.        +0.j -0.61245572+0.j
   0.        +0.j]
 [ 0.        +0.j  0.        +0.j  0.        +0.j  0.        +0.j
   0.        +0.j]], shape=(5, 5), dtype=complex128)
----- N 5 segNum 22 -----
detuning [-0.07502443429270154, -0.040827853335941446, 0.002349582904243376, 0.04482537538365181, 0.06867732934074942]
tau 330.0
mode [[-1.72308939e-01  5.02392969e-01 -6.60168061e-01  5.02392969e-01
  -1.72308939e-01]
 [ 3.55728185e-01 -6.11111658e-01 -3.96464796e-15  6.11111658e-01
  -3.55728185e-01]
 [ 5.19913098e-01 -2.18177232e-01 -6.03471732e-01 -2.18177232e-01
   5.19913098e-01]
 [ 6.11111658e-01  3.55728185e-01  4.29387656e-15 -3.55728185e-01
  -6.11111658e-01]
 [-4.47213595e-01 -4.47213595e-01 -4.47213595e-01 -4.47213595e-01
  -4.47213595e-01]]
k_list [0, 1, 2, 3, 4]
this ions should have laser shined:  [1 3]
>>>>>>>>>> P and G calculate time used is: 43.08456492424011 seconds
error: 1.671115199185825
constrain_error 3.8068830010562493e-07
>>>>>>>>>> optimization time used is: 40.52140974998474 seconds
alpha max are: [2, 1, 1, 1, 2]  for phonon cut-off in simulation
./calculation results/data/
segnum 22 (array([-0.5       ,  0.5       ,  0.5       , -0.19448252, -0.5       ,
        0.22899795, -0.06614664,  0.0056395 ,  0.11046846,  0.0158589 ,
       -0.07291936, -0.07413928,  0.01328269,  0.10804893,  0.00451229,
       -0.06398667,  0.23476922, -0.5       , -0.19695267,  0.5       ,
        0.5       , -0.5       ]), array([-0.5       ,  0.5       ,  0.5       , -0.19448252, -0.5       ,
        0.22899795, -0.06614664,  0.0056395 ,  0.11046846,  0.0158589 ,
       -0.07291936, -0.07413928,  0.01328269,  0.10804893,  0.00451229,
       -0.06398667,  0.23476922, -0.5       , -0.19695267,  0.5       ,
        0.5       , -0.5       ]))
test theta tf.Tensor(
[[0.        +0.j 0.        +0.j 0.        +0.j 0.        +0.j
  0.        +0.j]
 [0.        +0.j 0.14842324+0.j 0.        +0.j 0.39269889+0.j
  0.        +0.j]
 [0.        +0.j 0.        +0.j 0.        +0.j 0.        +0.j
  0.        +0.j]
 [0.        +0.j 0.39269889+0.j 0.        +0.j 0.14842324+0.j
  0.        +0.j]
 [0.        +0.j 0.        +0.j 0.        +0.j 0.        +0.j
  0.        +0.j]], shape=(5, 5), dtype=complex128)
----- N 5 segNum 23 -----
detuning [-0.07502443429270154, -0.040827853335941446, 0.002349582904243376, 0.04482537538365181, 0.06867732934074942]
tau 345.0
mode [[-1.72308939e-01  5.02392969e-01 -6.60168061e-01  5.02392969e-01
  -1.72308939e-01]
 [ 3.55728185e-01 -6.11111658e-01 -3.96464796e-15  6.11111658e-01
  -3.55728185e-01]
 [ 5.19913098e-01 -2.18177232e-01 -6.03471732e-01 -2.18177232e-01
   5.19913098e-01]
 [ 6.11111658e-01  3.55728185e-01  4.29387656e-15 -3.55728185e-01
  -6.11111658e-01]
 [-4.47213595e-01 -4.47213595e-01 -4.47213595e-01 -4.47213595e-01
  -4.47213595e-01]]
k_list [0, 1, 2, 3, 4]
this ions should have laser shined:  [1 3]
>>>>>>>>>> P and G calculate time used is: 47.102760314941406 seconds
error: 1.3629803607148774
constrain_error 2.4843480284530983e-05
>>>>>>>>>> optimization time used is: 159.10059356689453 seconds
alpha max are: [1, 2, 1, 2, 1]  for phonon cut-off in simulation
./calculation results/data/
segnum 23 (array([-0.5       , -0.34878923,  0.5       ,  0.5       , -0.41234139,
        0.38232122,  0.21688887, -0.49883322, -0.49919938, -0.06407023,
        0.5       , -0.375286  ,  0.5       ,  0.48648137, -0.5       ,
       -0.5       , -0.10190812,  0.43983423, -0.5       ,  0.5       ,
        0.5       ,  0.43804044, -0.5       ]), array([-0.5       , -0.34878923,  0.5       ,  0.5       , -0.41234139,
        0.38232122,  0.21688887, -0.49883322, -0.49919938, -0.06407023,
        0.5       , -0.375286  ,  0.5       ,  0.48648137, -0.5       ,
       -0.5       , -0.10190812,  0.43983423, -0.5       ,  0.5       ,
        0.5       ,  0.43804044, -0.5       ]))
test theta tf.Tensor(
[[ 0.        +0.j  0.        +0.j  0.        +0.j  0.        +0.j
   0.        +0.j]
 [ 0.        +0.j -0.61896223+0.j  0.        +0.j  0.39268666+0.j
   0.        +0.j]
 [ 0.        +0.j  0.        +0.j  0.        +0.j  0.        +0.j
   0.        +0.j]
 [ 0.        +0.j  0.39268666+0.j  0.        +0.j -0.61896223+0.j
   0.        +0.j]
 [ 0.        +0.j  0.        +0.j  0.        +0.j  0.        +0.j
   0.        +0.j]], shape=(5, 5), dtype=complex128)
----- N 5 segNum 24 -----
detuning [-0.07502443429270154, -0.040827853335941446, 0.002349582904243376, 0.04482537538365181, 0.06867732934074942]
tau 360.0
mode [[-1.72308939e-01  5.02392969e-01 -6.60168061e-01  5.02392969e-01
  -1.72308939e-01]
 [ 3.55728185e-01 -6.11111658e-01 -3.96464796e-15  6.11111658e-01
  -3.55728185e-01]
 [ 5.19913098e-01 -2.18177232e-01 -6.03471732e-01 -2.18177232e-01
   5.19913098e-01]
 [ 6.11111658e-01  3.55728185e-01  4.29387656e-15 -3.55728185e-01
  -6.11111658e-01]
 [-4.47213595e-01 -4.47213595e-01 -4.47213595e-01 -4.47213595e-01
  -4.47213595e-01]]
k_list [0, 1, 2, 3, 4]
this ions should have laser shined:  [1 3]
>>>>>>>>>> P and G calculate time used is: 50.72619700431824 seconds
error: 1.2383943918342717
constrain_error 3.356046893276954e-06
>>>>>>>>>> optimization time used is: 153.12040996551514 seconds
alpha max are: [1, 2, 1, 2, 1]  for phonon cut-off in simulation
./calculation results/data/
segnum 24 (array([-0.5       , -0.44483892,  0.5       ,  0.5       , -0.41959573,
        0.5       ,  0.1071014 , -0.5       , -0.36657742,  0.1879024 ,
       -0.26125629,  0.5       ,  0.5       ,  0.01471875, -0.19720582,
       -0.08275501, -0.5       ,  0.0541656 ,  0.5       , -0.33076497,
        0.5       ,  0.5       , -0.38778637, -0.5       ]), array([-0.5       , -0.44483892,  0.5       ,  0.5       , -0.41959573,
        0.5       ,  0.1071014 , -0.5       , -0.36657742,  0.1879024 ,
       -0.26125629,  0.5       ,  0.5       ,  0.01471875, -0.19720582,
       -0.08275501, -0.5       ,  0.0541656 ,  0.5       , -0.33076497,
        0.5       ,  0.5       , -0.38778637, -0.5       ]))
test theta tf.Tensor(
[[ 0.        +0.j  0.        +0.j  0.        +0.j  0.        +0.j
   0.        +0.j]
 [ 0.        +0.j -0.57610726+0.j  0.        +0.j  0.3926974 +0.j
   0.        +0.j]
 [ 0.        +0.j  0.        +0.j  0.        +0.j  0.        +0.j
   0.        +0.j]
 [ 0.        +0.j  0.3926974 +0.j  0.        +0.j -0.57610726+0.j
   0.        +0.j]
 [ 0.        +0.j  0.        +0.j  0.        +0.j  0.        +0.j
   0.        +0.j]], shape=(5, 5), dtype=complex128)
----- N 5 segNum 25 -----
detuning [-0.07502443429270154, -0.040827853335941446, 0.002349582904243376, 0.04482537538365181, 0.06867732934074942]
tau 374.99999999999994
mode [[-1.72308939e-01  5.02392969e-01 -6.60168061e-01  5.02392969e-01
  -1.72308939e-01]
 [ 3.55728185e-01 -6.11111658e-01 -3.96464796e-15  6.11111658e-01
  -3.55728185e-01]
 [ 5.19913098e-01 -2.18177232e-01 -6.03471732e-01 -2.18177232e-01
   5.19913098e-01]
 [ 6.11111658e-01  3.55728185e-01  4.29387656e-15 -3.55728185e-01
  -6.11111658e-01]
 [-4.47213595e-01 -4.47213595e-01 -4.47213595e-01 -4.47213595e-01
  -4.47213595e-01]]
k_list [0, 1, 2, 3, 4]
this ions should have laser shined:  [1 3]
>>>>>>>>>> P and G calculate time used is: 54.07652521133423 seconds
error: 1.177566564611722
constrain_error 1.6109727984936484e-07
>>>>>>>>>> optimization time used is: 132.4031503200531 seconds
alpha max are: [1, 2, 1, 2, 1]  for phonon cut-off in simulation
./calculation results/data/
segnum 25 (array([-0.5       , -0.5       ,  0.24844378,  0.5       , -0.37074182,
        0.5       ,  0.43008067, -0.5       , -0.5       ,  0.39625474,
       -0.5       ,  0.39165289,  0.5       ,  0.39186516, -0.5       ,
        0.39140079, -0.5       , -0.5       ,  0.42793777,  0.5       ,
       -0.37329725,  0.5       ,  0.24822764, -0.5       , -0.5       ]), array([-0.5       , -0.5       ,  0.24844378,  0.5       , -0.37074182,
        0.5       ,  0.43008067, -0.5       , -0.5       ,  0.39625474,
       -0.5       ,  0.39165289,  0.5       ,  0.39186516, -0.5       ,
        0.39140079, -0.5       , -0.5       ,  0.42793777,  0.5       ,
       -0.37329725,  0.5       ,  0.24822764, -0.5       , -0.5       ]))
test theta tf.Tensor(
[[ 0.        +0.j  0.        +0.j  0.        +0.j  0.        +0.j
   0.        +0.j]
 [ 0.        +0.j -0.55661597+0.j  0.        +0.j  0.392699  +0.j
   0.        +0.j]
 [ 0.        +0.j  0.        +0.j  0.        +0.j  0.        +0.j
   0.        +0.j]
 [ 0.        +0.j  0.392699  +0.j  0.        +0.j -0.55661597+0.j
   0.        +0.j]
 [ 0.        +0.j  0.        +0.j  0.        +0.j  0.        +0.j
   0.        +0.j]], shape=(5, 5), dtype=complex128)
----- N 5 segNum 26 -----
detuning [-0.07502443429270154, -0.040827853335941446, 0.002349582904243376, 0.04482537538365181, 0.06867732934074942]
tau 389.99999999999994
mode [[-1.72308939e-01  5.02392969e-01 -6.60168061e-01  5.02392969e-01
  -1.72308939e-01]
 [ 3.55728185e-01 -6.11111658e-01 -3.96464796e-15  6.11111658e-01
  -3.55728185e-01]
 [ 5.19913098e-01 -2.18177232e-01 -6.03471732e-01 -2.18177232e-01
   5.19913098e-01]
 [ 6.11111658e-01  3.55728185e-01  4.29387656e-15 -3.55728185e-01
  -6.11111658e-01]
 [-4.47213595e-01 -4.47213595e-01 -4.47213595e-01 -4.47213595e-01
  -4.47213595e-01]]
k_list [0, 1, 2, 3, 4]
this ions should have laser shined:  [1 3]
>>>>>>>>>> P and G calculate time used is: 58.038583517074585 seconds
error: 1.1916933222087027
constrain_error 4.416071620605422e-07
>>>>>>>>>> optimization time used is: 165.9525604248047 seconds
alpha max are: [1, 2, 1, 2, 1]  for phonon cut-off in simulation
./calculation results/data/
segnum 26 (array([-0.27913693, -0.5       , -0.21470266,  0.5       , -0.13854142,
        0.3061454 ,  0.5       , -0.22721996, -0.5       ,  0.27472462,
       -0.5       ,  0.12677043,  0.44856405,  0.47791967,  0.14641778,
       -0.5       ,  0.28890881, -0.5       , -0.26656696,  0.5       ,
        0.31336985, -0.15159887,  0.5       , -0.17435182, -0.5       ,
       -0.31838751]), array([-0.27913693, -0.5       , -0.21470266,  0.5       , -0.13854142,
        0.3061454 ,  0.5       , -0.22721996, -0.5       ,  0.27472462,
       -0.5       ,  0.12677043,  0.44856405,  0.47791967,  0.14641778,
       -0.5       ,  0.28890881, -0.5       , -0.26656696,  0.5       ,
        0.31336985, -0.15159887,  0.5       , -0.17435182, -0.5       ,
       -0.31838751]))
test theta tf.Tensor(
[[ 0.        +0.j  0.        +0.j  0.        +0.j  0.        +0.j
