[phonon]
partialpos = [0.00e+00 5.00e-06 1.00e-05 1.50e-05 2.00e-05 2.50e-05 3.00e-05 3.50e-05
	 4.00e-05 4.50e-05 5.00e-05 5.50e-05 6.00e-05 6.50e-05 7.00e-05 7.50e-05
	 8.00e-05 8.50e-05 9.00e-05 9.50e-05 1.00e-04 1.05e-04 1.10e-04 1.15e-04
	 1.20e-04 1.25e-04 1.30e-04 1.35e-04]
z_freqcal = [2016838.9998136705, 2018222.370893457, 2020288.1983469045, 2023021.9756439466, 2026406.4658038267, 2030421.2095939987, 2035042.3611007417, 2040242.5903712756, 2045990.9988570723, 2052253.0274587173, 2058990.3419433369, 2066160.6854657873, 2073717.6809624636, 2081610.5721341805, 2089783.87399578, 2098176.916788621, 2106723.226958358, 2115349.717338677, 2123975.5649328814, 2132510.717806596, 2140853.732470094, 2148888.784554461, 2156480.968271594, 2163469.3009933233, 2169653.824202469, 2174773.2551850565, 2178443.102826247, 2179999.9999999995]
z_modes = [[0.006191292065400803, 0.01383050109661068, -0.023120445967192444, 0.03379711272812983, -0.045653445234176304, 0.05850926729700986, -0.07219626869100916, 0.0865512045423881, -0.10141200565050332, -0.11661681684855998, -0.1320027796452573, 0.14740717537357503, -0.1626667188593606, 0.17761997741304458, -0.19210614846382643, 0.20596881312653875, -0.21905311299408, 0.2312116051572271, -0.24229781323615884, 0.2521763327264845, -0.26070755805301515, 0.26776821865966277, -0.27320923020424126, -0.2769082638814191, 0.27859723701191336, 0.2780425524479732, -0.27227849860597, -0.1889822365045988], [-0.022416460806661025, -0.049324062604089634, 0.08058940721663213, -0.11422154918653322, 0.1483561233338115, -0.1812128422312482, 0.2111082408305305, -0.2364933136523227, 0.256001388593842, 0.2684954326282488, 0.27311251232098827, -0.2692980526063279, 0.25683234003932504, -0.23584123910155216, 0.2067983475117451, -0.17050771365168335, 0.12808133101931896, -0.08089416837037489, 0.03054288800047491, 0.021223119114942818, -0.0725480997175099, 0.12155938703553505, -0.1663879891492879, -0.20528713518625244, 0.23650275840668633, 0.25849587729282925, -0.2671172373274037, -0.1889822365045973], [0.04482455238212255, 0.09597398420939399, -0.15034862804854648, 0.20102225073052865, -0.24177711506677643, 0.26747487641901124, -0.27444941779962706, 0.2608270972520667, -0.2267098827657612, -0.17419008039023695, -0.10718224596241974, 0.031086188371088046, 0.04769725012487066, -0.1223473898739388, 0.18625863222607456, -0.2336572089431469, 0.260158496885278, -0.2631893815787994, 0.24226505793086378, -0.1990520468819017, 0.13726839749862113, -0.06234755050965452, -0.018974626500046214, -0.09930520986259089, 0.1710249407732365, 0.2271100155379493, -0.2587038869840857, -0.18898223650460244], [-0.07111424537867127, -0.14620260418175748, 0.2147090776780933, -0.2612948376946591, 0.27485042159588935, -0.25015331774084487, 0.1887268924272924, -0.09864316064164227, -0.006763642697038569, -0.11109579041330964, -0.19764697796860173, 0.25225849997209265, -0.265783237650086, 0.2357376071516746, -0.16683579404873103, 0.0703138110415235, 0.03787601749817193, -0.13967976910550783, 0.2179650260828119, -0.25939342571113777, 0.2567243244660663, -0.21005526798344804, 0.12693969521807516, 0.02112369534239669, 0.08943423381413684, 0.18566279884682316, -0.2472535198263354, -0.18898223650460835], [0.09977674458255384, 0.19412527699936674, -0.2600225283669233, 0.2733833224891298, -0.22504705529011917, 0.12315787785231899, 0.008876887566446522, -0.13850198717665702, 0.232685477585875, 0.2668614546768444, 0.23173860375400954, -0.1360932352670045, 0.004737584984845368, 0.1278664253436835, -0.22666980492806116, 0.26538006347404053, -0.23354930698422985, 0.1395026586564963, -0.008238925455799535, -0.1251216149804269, 0.22469947156655895, -0.2634204978449581, 0.23040754284009676, 0.13393226141752737, 0.0003402363125260693, 0.13621512997202925, -0.2329596313990495, -0.1889822365046139], [-0.12950606600644918, -0.2345925723343282, 0.2763999280325041, -0.22891029882719088, 0.10235866917080347, 0.060496722270645, -0.2006827152912605, 0.26587736200235473, -0.23105854814136986, -0.10884298045558143, 0.05468974004283745, -0.19726531246822265, 0.2642264792094604, -0.2296774418702388, 0.10670797029679427, 0.0574158556311864, -0.19934037741448796, 0.2641017500456703, -0.22647811483659971, 0.10095476631393566, 0.06373358659533918, -0.2033207271098686, 0.2630016533757984, 0.2187067533361439, -0.08702482268786228, 0.08111240611485596, -0.21602102590804495, -0.18898223650461637], [0.15914316536244366, 0.2633838081120569, -0.2588947784691138, 0.13452169779524, 0.05454833314935834, -0.21534680961165986, 0.2661245561621269, -0.1801973636646463, 0.001307040600498046, -0.1780915349409171, -0.26463116650914276, 0.2129529851337615, -0.04986304896092974, -0.1392970349843857, 0.2552290387736628, -0.23688218432634314, 0.09378395729392323, 0.09874663057449612, -0.23912895462300993, 0.2531424398937161, -0.133251852645142, -0.057079241613043945, 0.2167677828460103, 0.26033769995867695, -0.16369326783372248, 0.022915208510743194, -0.19665120543139186, -0.18898223650461315], [-0.18762136328047643, -0.2773384928085899, 0.20796029803071595, -0.009937111504334004, -0.19271533249421724, 0.26689643096190746, -0.16256661803993847, -0.050829416342723824, 0.229583195931061, 0.25260655392937265, 0.10405407408687925, 0.11520715796902367, -0.255825158938709, 0.22178032740505046, -0.03621454935433261, -0.17403899402878356, 0.26505327000841, -0.17439424062329242, -0.03585527119992684, 0.22146008452097427, -0.25488289690178617, 0.11308518518356611, 0.10635545380156028, 0.2517409788821849, -0.22185752574708992, -0.035699424706834536, -0.17508158742002258, -0.1889822365046136], [0.21397451582523458, 0.2745529177382648, -0.12934404194772714, -0.11687394665701144, 0.2641428434668008, -0.18944096370664842, -0.04481067457779112, 0.24056522524898769, -0.23149093943984556, -0.025168054273763677, 0.20244033902336342, -0.25680261615388333, 0.09132906276592902, 0.1523057118889795, -0.2652348096125232, 0.1505325983755522, 0.09336867411823897, -0.2569357048462817, 0.19953563409153852, 0.0295215834909228, -0.23309343126666132, 0.23583381184846416, -0.0353134480935273, 0.19511787411029632, -0.2556601895767394, -0.09205011851521996, -0.15156200317808258, -0.18898223650461127], [-0.23733874144565417, -0.25447072129041215, 0.03317456043939114, 0.21660520989934906, -0.24347161943529483, 0.019975266278874353, 0.22339343678380982, -0.23460479612220375, 0.0020246339942542025, -0.23236129923788834, -0.22434194266291518, -0.017716264397976477, 0.24110452388566167, -0.21242886257555824, -0.03833221857146938, 0.248888656521423, -0.19888954758853025, -0.05930694625391135, 0.255260130835441, -0.18361080194476329, -0.08051602285471532, 0.26009701940484237, -0.16659701820705533, 0.10151168262654443, -0.2617891899487509, -0.14356734177389055, -0.12635977825576555, -0.18898223650461213], [0.25696852223305283, 0.2179095108442582, 0.06754389522788357, -0.26580456169063127, 0.1375030247305094, 0.15920359778660675, -0.25830276510545086, 0.03746659214965352, 0.22942399137127642, 0.21117775242915995, -0.06941436265292049, 0.2634588337543294, -0.12961101103660672, -0.16546682840328, 0.25434502702884465, -0.02635377122762657, -0.23437655631409862, 0.20288490369336687, 0.0815251047043755, -0.26409870915419015, 0.11710245755595798, 0.17599168047571362, -0.2491580179106156, -0.011260932662382013, -0.23981326522841517, -0.187906567180701, -0.09975797477464173, -0.18898223650461435], [-0.2722475356093314, -0.16697625995680876, -0.15887751847865572, 0.2526977864159017, 0.016786962761972665, -0.26056232106318844, 0.12681920814382566, 0.1902259631580036, -0.23092318293602818, 0.06348129007685666, 0.26539148712851673, -0.08162291008283117, -0.2206134361788828, 0.20197238462679723, 0.11032440895149255, -0.2620019570753748, 0.032480132724750616, 0.24420868774138813, -0.1654093962514115, -0.1540617610539051, 0.24907209951073445, 0.018686518094996857, -0.25900095072142837, -0.12192338695446142, -0.1922214858514131, -0.223052416449829, -0.07205309341496831, -0.1889822365046164], [0.2827022544932187, 0.10489930693401349, 0.2280284517072374, -0.1801642531709956, -0.16515311364489238, 0.23438704204066055, 0.086440324325344, -0.2625282972303424, 0.0008254674037567894, -0.26187894357185115, -0.08748789542431153, -0.23270575083685746, 0.16429265432850537, 0.17831614450097158, -0.2230287550353894, -0.10467025338132349, 0.2574164693486504, 0.019833470798831524, -0.26383129700442426, 0.06703581141256226, 0.24161908840366278, -0.1463308256723184, -0.19334759379776467, -0.20968628500004505, -0.1241619289595338, -0.24740862377941247, -0.043552409082447674, -0.18898223650461357], [-0.2880108895326198, -0.035770592757998564, -0.2652391675125315, 0.06517917867310279, 0.2552543743184229, -0.09338482655345418, -0.2439060612258303, 0.120284890477089, 0.2300898089184074, 0.14562301639163705, -0.21369436619118506, 0.1691333012392416, 0.19482363860913354, -0.19053978152125078, -0.17366780633361276, 0.20961228446400512, 0.1504593279608021, -0.22608949588931365, -0.12547329990369077, 0.2398242222527819, 0.09899557005563567, -0.25046770996947254, -0.07137690616011771, -0.25809973212667886, -0.04290606190077766, -0.25986949631719275, -0.014571055496776304, -0.18898223650461182], [0.2880108895326298, -0.03577059275790788, 0.265239167512545, 0.06517917867300069, -0.25525437431844533, -0.09338482655343006, 0.24390606122584702, 0.12028489047705893, -0.23008980891841593, 0.14562301639160966, 0.21369436619118326, 0.16913330123922427, -0.19482363860912252, -0.19053978152125542, 0.17366780633361456, 0.20961228446400815, -0.1504593279608037, -0.2260894958893234, 0.12547329990370207, 0.23982422225278788, -0.09899557005563127, -0.2504677099694716, 0.07137690616011357, -0.2580997321266791, 0.0429060619007498, -0.25986949631719564, 0.01457105549675548, -0.1889822365046125], [-0.2827022544932504, 0.10489930693392749, -0.22802845170727692, -0.18016425317091322, 0.16515311364494967, 0.23438704204064245, -0.08644032432538389, -0.2625282972303273, -0.0008254674037333357, -0.26187894357185104, 0.08748789542430664, -0.23270575083686837, -0.16429265432851048, 0.17831614450097308, 0.2230287550353841, -0.10467025338132713, -0.2574164693486497, 0.019833470798821196, 0.26383129700442587, 0.06703581141256768, -0.24161908840366278, -0.14633082567231137, 0.19334759379776228, -0.20968628500004435, 0.12416192895950888, -0.2474086237794236, 0.04355240908242789, -0.1889822365046123], [0.27224753560938264, -0.16697625995673376, 0.15887751847871323, 0.25269778641585733, -0.01678696276204135, -0.2605623210631834, -0.12681920814379222, 0.19022596315801216, 0.23092318293601768, 0.06348129007688223, -0.26539148712852034, -0.08162291008281321, 0.22061343617887594, 0.20197238462680323, -0.11032440895149724, -0.26200195707537977, -0.032480132724748735, 0.24420868774138874, 0.16540939625140574, -0.15406176105390296, -0.24907209951074152, 0.018686518095007036, 0.25900095072143375, -0.12192338695446095, 0.1922214858513986, -0.2230524164498488, 0.07205309341494844, -0.1889822365046118], [-0.2569685222331182, 0.21790951084419963, -0.06754389522794625, -0.2658045616906367, -0.13750302473045825, 0.15920359778662196, 0.25830276510544997, 0.037466592149620496, -0.22942399137129482, 0.21117775242913056, 0.06941436265293674, 0.2634588337543305, 0.1296110110366023, -0.16546682840328525, -0.2543450270288308, -0.02635377122761645, 0.23437655631409368, 0.20288490369336676, -0.08152510470438365, -0.2640987091541832, -0.11710245755596273, 0.17599168047571817, 0.24915801791061806, -0.011260932662382839, 0.23981326522840632, -0.18790656718072812, 0.09975797477462316, -0.1889822365046129], [0.23733874144572537, -0.25447072129036813, -0.03317456043933466, 0.21660520989939305, 0.24347161943527393, 0.019975266278855715, -0.22339343678382945, -0.23460479612217244, -0.0020246339942341903, -0.23236129923788268, 0.2243419426629097, -0.01771626439798768, -0.24110452388565096, -0.21242886257556776, 0.03833221857147375, 0.24888865652143158, 0.19888954758852467, -0.0593069462539122, -0.25526013083544385, -0.1836108019447552, 0.08051602285471557, 0.26009701940483576, 0.16659701820705167, 0.10151168262654466, 0.2617891899487457, -0.14356734177392377, 0.12635977825574762, -0.18898223650461404], [-0.2139745158252983, 0.2745529177382253, 0.12934404194768334, -0.11687394665707121, -0.2641428434668032, -0.18944096370663477, 0.044810674577804875, 0.24056522524897223, 0.2314909394398477, -0.02516805427374879, -0.20244033902337355, -0.2568026161538828, -0.09132906276592881, 0.15230571188898234, 0.2652348096125124, 0.1505325983755521, -0.09336867411823337, -0.2569357048462817, -0.1995356340915358, 0.029521583490923653, 0.23309343126666873, 0.23583381184845714, 0.03531344809352388, 0.19511787411029927, 0.25566018957674286, -0.09205011851525528, 0.1515620031780688, -0.18898223650461526], [0.18762136328053353, -0.27733849280855916, -0.20796029803069319, -0.00993711150427647, 0.19271533249423742, 0.26689643096190513, 0.1625666180399441, -0.05082941634272922, -0.22958319593107704, 0.25260655392935527, -0.10405407408687276, 0.11520715796903067, 0.2558251589386967, 0.22178032740506076, 0.0362145493543266, -0.17403899402879233, -0.265053270008403, -0.17439424062329426, 0.03585527119993097, 0.22146008452096466, 0.25488289690179045, 0.11308518518355502, -0.10635545380156707, 0.2517409788821878, 0.2218575257470973, -0.03569942470686743, 0.1750815874200117, -0.1889822365046161], [-0.15914316536249273, 0.2633838081120339, 0.25889477846911185, 0.13452169779519632, -0.054548333149388145, -0.21534680961166494, -0.26612455616214387, -0.18019736366462363, -0.0013070406004848858, -0.17809153494091706, 0.26463116650914775, 0.21295298513375782, 0.04986304896093052, -0.13929703498439192, -0.25522903877365727, -0.23688218432634595, -0.09378395729391772, 0.09874663057450134, 0.23912895462301634, 0.2531424398937038, 0.13325185264514047, -0.05707924161305387, -0.2167677828460168, 0.2603376999586798, 0.16369326783373536, 0.0229152085107112, 0.19665120543138478, -0.18898223650461757], [0.12950606600649373, -0.2345925723343204, -0.27639992803252805, -0.22891029882717204, -0.10235866917077395, 0.060496722270654946, 0.2006827152912769, 0.26587736200233264, 0.23105854814137425, -0.10884298045556404, -0.054689740042847296, -0.1972653124682259, -0.26422647920944564, -0.2296774418702496, -0.10670797029678784, 0.057415855631194314, 0.1993403774144873, 0.2641017500456789, 0.22647811483660246, 0.10095476631392632, -0.06373358659534908, -0.2033207271098744, -0.2630016533758001, 0.21870675333614156, 0.08702482268787443, 0.08111240611482859, 0.2160210259080394, -0.18898223650461884], [-0.09977674458259263, 0.19412527699937107, 0.2600225283669637, 0.2733833224891333, 0.22504705529009678, 0.12315787785231115, -0.008876887566444504, -0.1385019871766435, -0.23268547758588534, 0.2668614546768291, -0.23173860375401262, -0.13609323526700234, -0.004737584984849773, 0.12786642534368545, 0.22666980492805142, 0.26538006347404114, 0.23354930698421827, 0.13950265865649583, 0.008238925455796586, -0.1251216149804234, -0.2246994715665693, -0.2634204978449575, -0.2304075428400958, 0.13393226141752718, -0.00034023631250937434, 0.13621512997200563, 0.2329596313990494, -0.18898223650461946], [0.07111424537869798, -0.14620260418176095, -0.21470907767812844, -0.2612948376946649, -0.27485042159586415, -0.25015331774083277, -0.1887268924273116, -0.098643160641646, 0.006763642697029727, -0.11109579041329606, 0.19764697796859768, 0.25225849997208527, 0.2657832376500711, 0.23573760715169276, 0.1668357940487338, 0.07031381104153127, -0.03787601749816369, -0.13967976910550542, -0.2179650260828132, -0.25939342571112556, -0.25672432446607635, -0.21005526798344692, -0.1269396952180763, 0.02112369534240214, -0.08943423381411672, 0.18566279884680686, 0.24725351982634533, -0.18898223650462076], [-0.04482455238213793, 0.09597398420939401, 0.15034862804856808, 0.201022250730528, 0.2417771150667454, 0.2674748764189888, 0.2744494177996469, 0.2608270972520618, 0.22670988276578855, -0.17419008039024145, 0.10718224596243289, 0.03108618837109795, -0.047697250124856906, -0.12234738987393826, -0.18625863222606523, -0.2336572089431467, -0.2601584968852645, -0.2631893815788022, -0.24226505793086686, -0.19905204688189265, -0.13726839749862574, -0.06234755050965252, 0.01897462650004469, -0.09930520986258273, -0.17102494077321725, 0.22711001553794313, 0.2587038869841072, -0.1889822365046225], [0.02241646080666768, -0.049324062604088635, -0.0805894072166429, -0.1142215491865312, -0.14835612333378928, -0.18121284223122897, -0.21110824083053994, -0.23649331365230805, -0.25600138859385846, 0.2684954326282377, -0.27311251232099365, -0.26929805260632483, -0.2568323400393121, -0.2358412391015708, -0.20679834751174536, -0.17050771365168915, -0.128081331019316, -0.08089416837037752, -0.030542888000475815, 0.021223119114942367, 0.07254809971751494, 0.12155938703553752, 0.1663879891492849, -0.2052871351862398, -0.23650275840666576, 0.2584958772928291, 0.2671172373274321, -0.18898223650462234], [-0.006191292065401852, 0.013830501096609557, 0.023120445967195837, 0.033797112728130733, 0.04565344523417054, 0.05850926729700275, 0.07219626869100974, 0.08655120454237968, 0.10141200565050755, -0.11661681684855368, 0.13200277964525875, 0.14740717537357334, 0.16266671885935294, 0.17761997741305935, 0.1921061484638267, 0.2059688131265464, 0.21905311299407584, 0.23121160515723627, 0.24229781323616767, 0.2521763327264771, 0.2607075580530285, 0.2677682186596631, 0.27320923020423316, -0.27690826388139805, -0.2785972370118854, 0.27804255244796927, 0.2722784986059954, -0.18898223650462131]]

