[result]
bound_eq26 = 0.0128598390569238
infid = 0.003299465256166978
tracedist = 0.006774674883801548
infid_ideal = -7.019257184159855e-06

