[shined]
shined = [0, 1]

[amplitude]
pulse_type = AM
shape = rectangular
mu = 2083791.6603107508
delta_t = 1.4999999999999999e-05
segnum = 44
amp_list0 = [0.042162767106363845, -0.19251297487435634, 0.3864777902793047, -0.3587008021573807, -0.002578666225225759, 0.3320719192720381, -0.18762657335392807, -0.22276929262373457, 0.26694473112742023, 0.12313878462846181, -0.2953895513023941, -0.03828937755776432, 0.2986129650061859, -0.028262731615535795, -0.28788746078813077, 0.082656965192256, 0.2710773152960443, -0.1264292572922172, -0.24912048556979094, 0.1637248220391935, 0.2242005309009424, -0.1956476159269179, -0.19574446361533654, 0.22410230809875842, 0.16381426782752745, -0.24902053844771246, -0.1265037146402217, 0.27097773347553505, 0.08269834398063208, -0.2877867943643292, -0.028230105722308687, 0.29849214040762956, -0.03849115495255187, -0.2951654498610689, 0.12407362962816819, 0.2644785022853539, -0.22033730358429054, -0.1880258082712852, 0.33033937572610944, -0.000496244526791631, -0.35965952439308535, 0.38642044861290054, -0.19225779988655195, 0.04207620997432537]
amp_list1 = [0.042162767106363845, -0.19251297487435634, 0.3864777902793047, -0.3587008021573807, -0.002578666225225759, 0.3320719192720381, -0.18762657335392807, -0.22276929262373457, 0.26694473112742023, 0.12313878462846181, -0.2953895513023941, -0.03828937755776432, 0.2986129650061859, -0.028262731615535795, -0.28788746078813077, 0.082656965192256, 0.2710773152960443, -0.1264292572922172, -0.24912048556979094, 0.1637248220391935, 0.2242005309009424, -0.1956476159269179, -0.19574446361533654, 0.22410230809875842, 0.16381426782752745, -0.24902053844771246, -0.1265037146402217, 0.27097773347553505, 0.08269834398063208, -0.2877867943643292, -0.028230105722308687, 0.29849214040762956, -0.03849115495255187, -0.2951654498610689, 0.12407362962816819, 0.2644785022853539, -0.22033730358429054, -0.1880258082712852, 0.33033937572610944, -0.000496244526791631, -0.35965952439308535, 0.38642044861290054, -0.19225779988655195, 0.04207620997432537]

