[shined]
shined = [0, 1]

[amplitude]
pulse_type = AM
shape = rectangular
mu = 2085419.1948859717
delta_t = 1.4999999999999999e-05
segnum = 36
amp_list0 = [-0.19356704528807622, 0.44386068350303143, -0.41580884511062594, -0.12136151363331338, 0.40171162310060554, -0.10712951487998523, -0.3589428055699245, 0.15258376330133142, 0.20630372037723282, -0.16922511276719088, -0.23783557421771698, 0.15197916818133256, 0.18113335022472452, -0.19324895627407696, -0.1930024730632235, 0.17610522771236853, 0.16635222017904855, -0.18263711306655797, -0.18279536095192525, 0.1663537914504565, 0.1759994401741435, -0.1927110481798755, -0.19324624880188768, 0.18063295248384045, 0.1523358456965618, -0.23755408061080321, -0.16951017689740475, 0.2056968613610478, 0.15373787165000077, -0.3593430965660499, -0.10803911383580873, 0.4031374883867974, -0.12230369244567085, -0.41553068166072665, 0.44386765703232434, -0.19358719571859587]
amp_list1 = [-0.19356704528807622, 0.44386068350303143, -0.41580884511062594, -0.12136151363331338, 0.40171162310060554, -0.10712951487998523, -0.3589428055699245, 0.15258376330133142, 0.20630372037723282, -0.16922511276719088, -0.23783557421771698, 0.15197916818133256, 0.18113335022472452, -0.19324895627407696, -0.1930024730632235, 0.17610522771236853, 0.16635222017904855, -0.18263711306655797, -0.18279536095192525, 0.1663537914504565, 0.1759994401741435, -0.1927110481798755, -0.19324624880188768, 0.18063295248384045, 0.1523358456965618, -0.23755408061080321, -0.16951017689740475, 0.2056968613610478, 0.15373787165000077, -0.3593430965660499, -0.10803911383580873, 0.4031374883867974, -0.12230369244567085, -0.41553068166072665, 0.44386765703232434, -0.19358719571859587]

