python script
[[0.03891829192721616, 0.08615297061260357, 0.14149096754821375, -0.20108584414799482, -0.261082557907121, 0.3175946583309644, -0.36692867892046627, 0.4054014051578765, -0.4298323211311707, 0.43234879742352855, -0.30151134457774986], [-0.13530046243403926, -0.27145617467705513, -0.381305872309762, 0.4308442888651742, 0.4002489041761976, -0.28883514339227173, 0.11555542572472763, 0.08445270103255283, -0.2680266479092553, 0.3874619274352475, -0.30151134457774853], [0.251375087543486, 0.4157350070382964, 0.4061743130715393, -0.20474860857175314, 0.09727767077227287, -0.34688327703727373, 0.4118689964197012, -0.2551170357984772, -0.04271868925461508, 0.3159583855004966, -0.3015113445777517], [-0.35714659667217136, -0.42039935046219506, -0.1280764004028659, -0.27362262981719865, -0.41615893691946354, 0.16529270159889137, 0.2409439221109502, -0.4138564370349868, 0.1840962217322586, 0.2231506551765725, -0.301511344577759], [0.4303994924672914, 0.2632831193566272, -0.25078329191092963, 0.39641688381727885, -0.030138790991148783, 0.40994903079678835, -0.1926056144019572, -0.30357139119887955, 0.35064177881643527, 0.11542034431069388, -0.30151134457776496], [-0.4564916256635657, -1.316075627655598e-14, 0.42500056800761216, 1.1355148738028408e-15, 0.4197074217385323, 1.6473817689115276e-15, -0.4176681018658852, -1.694344926306202e-15, 0.4116793154926435, 1.436059324877034e-14, -0.3015113445777669], [0.43039949246729564, -0.2632831193566094, -0.2507832919109379, -0.39641688381728074, -0.030138790991146813, -0.40994903079678974, -0.19260561440196408, 0.30357139119887994, 0.35064177881643516, -0.11542034431066787, -0.301511344577769], [-0.3571465966721829, 0.4203993504621957, -0.12807640040285562, 0.2736226298171955, -0.4161589369194616, -0.1652927015988969, 0.2409439221109415, 0.4138564370349903, 0.18409622173226117, -0.22315065517655133, -0.30151134457777046], [0.25137508754349513, -0.4157350070383038, 0.4061743130715272, 0.2047486085717567, 0.0972776707722645, 0.3468832770372666, 0.41186899641969793, 0.2551170357984856, -0.04271868925460682, -0.3159583855004815, -0.3015113445777718], [-0.13530046243404376, 0.27145617467705985, -0.38130587230974977, -0.43084428886517295, 0.4002489041762011, 0.288835143392275, 0.11555542572472967, -0.08445270103255227, -0.26802664790924685, -0.3874619274352368, -0.3015113445777729], [0.038918291927217685, -0.08615297061260559, 0.14149096754820967, 0.20108584414799405, -0.26108255790712137, -0.3175946583309635, -0.366928678920465, -0.4054014051578843, -0.42983232113116004, -0.4323487974235177, -0.30151134457777456]]
----- N 11 segNum 36 -----
2022-04-15 00:07:30.974017: I tensorflow/compiler/jit/xla_cpu_device.cc:41] Not creating XLA devices, tf_xla_enable_xla_devices not set
2022-04-15 00:07:30.974534: I tensorflow/core/platform/cpu_feature_guard.cc:142] This TensorFlow binary is optimized with oneAPI Deep Neural Network Library (oneDNN) to use the following CPU instructions in performance-critical operations:  SSE4.1 SSE4.2 AVX AVX2 FMA
To enable them in other operations, rebuild TensorFlow with the appropriate compiler flags.
2022-04-15 00:07:30.976114: I tensorflow/core/common_runtime/process_util.cc:146] Creating new thread pool with default inter op setting: 2. Tune using inter_op_parallelism_threads for best performance.
detuning [-0.0647350207587122, -0.05625513715512911, -0.04398898766678176, -0.028411114522621267, -0.010123530586868292, 0.010123530586868292, 0.031398988739797615, 0.05252411404389818, 0.0719395940931139, 0.08732897395066522, 0.0945808051140278]
tau 539.9999999999999
mode [[ 3.89182919e-02 -1.35300462e-01  2.51375088e-01 -3.57146597e-01
   4.30399492e-01 -4.56491626e-01  4.30399492e-01 -3.57146597e-01
   2.51375088e-01 -1.35300462e-01  3.89182919e-02]
 [ 8.61529706e-02 -2.71456175e-01  4.15735007e-01 -4.20399350e-01
   2.63283119e-01 -1.31607563e-14 -2.63283119e-01  4.20399350e-01
  -4.15735007e-01  2.71456175e-01 -8.61529706e-02]
 [ 1.41490968e-01 -3.81305872e-01  4.06174313e-01 -1.28076400e-01
  -2.50783292e-01  4.25000568e-01 -2.50783292e-01 -1.28076400e-01
   4.06174313e-01 -3.81305872e-01  1.41490968e-01]
 [-2.01085844e-01  4.30844289e-01 -2.04748609e-01 -2.73622630e-01
   3.96416884e-01  1.13551487e-15 -3.96416884e-01  2.73622630e-01
   2.04748609e-01 -4.30844289e-01  2.01085844e-01]
 [-2.61082558e-01  4.00248904e-01  9.72776708e-02 -4.16158937e-01
  -3.01387910e-02  4.19707422e-01 -3.01387910e-02 -4.16158937e-01
   9.72776708e-02  4.00248904e-01 -2.61082558e-01]
 [ 3.17594658e-01 -2.88835143e-01 -3.46883277e-01  1.65292702e-01
   4.09949031e-01  1.64738177e-15 -4.09949031e-01 -1.65292702e-01
   3.46883277e-01  2.88835143e-01 -3.17594658e-01]
 [-3.66928679e-01  1.15555426e-01  4.11868996e-01  2.40943922e-01
  -1.92605614e-01 -4.17668102e-01 -1.92605614e-01  2.40943922e-01
   4.11868996e-01  1.15555426e-01 -3.66928679e-01]
 [ 4.05401405e-01  8.44527010e-02 -2.55117036e-01 -4.13856437e-01
  -3.03571391e-01 -1.69434493e-15  3.03571391e-01  4.13856437e-01
   2.55117036e-01 -8.44527010e-02 -4.05401405e-01]
 [-4.29832321e-01 -2.68026648e-01 -4.27186893e-02  1.84096222e-01
   3.50641779e-01  4.11679315e-01  3.50641779e-01  1.84096222e-01
  -4.27186893e-02 -2.68026648e-01 -4.29832321e-01]
 [ 4.32348797e-01  3.87461927e-01  3.15958386e-01  2.23150655e-01
   1.15420344e-01  1.43605932e-14 -1.15420344e-01 -2.23150655e-01
  -3.15958386e-01 -3.87461927e-01 -4.32348797e-01]
 [-3.01511345e-01 -3.01511345e-01 -3.01511345e-01 -3.01511345e-01
  -3.01511345e-01 -3.01511345e-01 -3.01511345e-01 -3.01511345e-01
  -3.01511345e-01 -3.01511345e-01 -3.01511345e-01]]
k_list [0, 1, 2, 3, 4, 5, 6, 7, 8, 9, 10]
this ions should have laser shined:  [0 1]
>>>>>>>>>> P and G calculate time used is: 1380.4555320739746 seconds
error: 1.3082651792785892e-06
constrain_error 7.545371674499979e-05
>>>>>>>>>> optimization time used is: 1298.0715951919556 seconds
alpha max are: [1, 1, 1, 1, 1, 1, 1, 1, 1, 1, 1]  for phonon cut-off in simulation
./calculation results/data/
segnum 36 (array([-0.19356705,  0.44386068, -0.41580885, -0.12136151,  0.40171162,
       -0.10712951, -0.35894281,  0.15258376,  0.20630372, -0.16922511,
       -0.23783557,  0.15197917,  0.18113335, -0.19324896, -0.19300247,
        0.17610523,  0.16635222, -0.18263711, -0.18279536,  0.16635379,
        0.17599944, -0.19271105, -0.19324625,  0.18063295,  0.15233585,
       -0.23755408, -0.16951018,  0.20569686,  0.15373787, -0.3593431 ,
       -0.10803911,  0.40313749, -0.12230369, -0.41553068,  0.44386766,
       -0.1935872 ]), array([-0.19356705,  0.44386068, -0.41580885, -0.12136151,  0.40171162,
       -0.10712951, -0.35894281,  0.15258376,  0.20630372, -0.16922511,
       -0.23783557,  0.15197917,  0.18113335, -0.19324896, -0.19300247,
        0.17610523,  0.16635222, -0.18263711, -0.18279536,  0.16635379,
        0.17599944, -0.19271105, -0.19324625,  0.18063295,  0.15233585,
       -0.23755408, -0.16951018,  0.20569686,  0.15373787, -0.3593431 ,
       -0.10803911,  0.40313749, -0.12230369, -0.41553068,  0.44386766,
       -0.1935872 ]))
test theta tf.Tensor(
[[0.46511395+0.j 0.39273681+0.j 0.        +0.j 0.        +0.j
  0.        +0.j 0.        +0.j 0.        +0.j 0.        +0.j
  0.        +0.j 0.        +0.j 0.        +0.j]
 [0.39273681+0.j 0.23578915+0.j 0.        +0.j 0.        +0.j
  0.        +0.j 0.        +0.j 0.        +0.j 0.        +0.j
  0.        +0.j 0.        +0.j 0.        +0.j]
 [0.        +0.j 0.        +0.j 0.        +0.j 0.        +0.j
  0.        +0.j 0.        +0.j 0.        +0.j 0.        +0.j
  0.        +0.j 0.        +0.j 0.        +0.j]
 [0.        +0.j 0.        +0.j 0.        +0.j 0.        +0.j
  0.        +0.j 0.        +0.j 0.        +0.j 0.        +0.j
  0.        +0.j 0.        +0.j 0.        +0.j]
 [0.        +0.j 0.        +0.j 0.        +0.j 0.        +0.j
  0.        +0.j 0.        +0.j 0.        +0.j 0.        +0.j
  0.        +0.j 0.        +0.j 0.        +0.j]
 [0.        +0.j 0.        +0.j 0.        +0.j 0.        +0.j
  0.        +0.j 0.        +0.j 0.        +0.j 0.        +0.j
  0.        +0.j 0.        +0.j 0.        +0.j]
 [0.        +0.j 0.        +0.j 0.        +0.j 0.        +0.j
  0.        +0.j 0.        +0.j 0.        +0.j 0.        +0.j
  0.        +0.j 0.        +0.j 0.        +0.j]
 [0.        +0.j 0.        +0.j 0.        +0.j 0.        +0.j
  0.        +0.j 0.        +0.j 0.        +0.j 0.        +0.j
  0.        +0.j 0.        +0.j 0.        +0.j]
 [0.        +0.j 0.        +0.j 0.        +0.j 0.        +0.j
  0.        +0.j 0.        +0.j 0.        +0.j 0.        +0.j
  0.        +0.j 0.        +0.j 0.        +0.j]
 [0.        +0.j 0.        +0.j 0.        +0.j 0.        +0.j
  0.        +0.j 0.        +0.j 0.        +0.j 0.        +0.j
  0.        +0.j 0.        +0.j 0.        +0.j]
 [0.        +0.j 0.        +0.j 0.        +0.j 0.        +0.j
  0.        +0.j 0.        +0.j 0.        +0.j 0.        +0.j
  0.        +0.j 0.        +0.j 0.        +0.j]], shape=(11, 11), dtype=complex128)
----- break -----
[[0.0328519455647842, 0.07289616248154862, -0.1202115729513473, 0.1719111112658305, -0.22509780600822063, -0.27688774434257174, 0.3244013610628868, 0.3649501142855802, 0.3958152033488277, 0.41466127996389923, 0.414602203165794, -0.288675134594816], [-0.11508179734623336, -0.23513317383503518, 0.3405763190791494, -0.4040294467788402, 0.40661993614789205, 0.3416814659252833, -0.2164422458123433, -0.050798012685984245, 0.1258966236897207, 0.28073582086154397, 0.3777922348333693, -0.2886751345948169], [0.21679923458023073, 0.3777473528259521, -0.4113032412262629, 0.28328645717400974, -0.03740074835284719, 0.22323877913759096, -0.38324230511621327, -0.3687798132054245, -0.18407481036648232, 0.08881601287363665, 0.31885846299354964, -0.2886751345948138], [-0.3146487140198595, -0.41870794772241365, 0.22587250255444655, 0.13568051786967997, -0.38598778198773254, -0.32434050252837254, -0.00032077748365643837, -0.32295556920437785, -0.3776316150946963, -0.11594851008477866, 0.24163090012333918, -0.28867513459481087], [0.3908346632117695, 0.32603643189065495, 0.11080456171674283, -0.4025279829303766, 0.19242526758108708, -0.2565235403030905, 0.38165485933432, 0.026545594677555243, -0.3599735886914027, -0.28605793010901787, 0.15067088412294993, -0.2886751345948109], [-0.4323418488596732, -0.12283882564071004, -0.37025741594249023, 0.21567934339969563, 0.31077055496388706, 0.2928315421111543, 0.23533234411310922, 0.35103768613264896, -0.14632227395581404, -0.3822066735053018, 0.0511870470945876, -0.28867513459480815], [0.4323418488596592, -0.12283882564070196, 0.37025741594248035, 0.21567934339970904, -0.31077055496389067, 0.29283154211116336, -0.2353323441131153, 0.3510376861326533, 0.14632227395580982, -0.3822066735053042, -0.05118704709458793, -0.2886751345948099], [-0.39083466321175503, 0.3260364318906609, -0.110804561716736, -0.4025279829303906, -0.19242526758107545, -0.2565235403030957, -0.38165485933431703, 0.026545594677550775, 0.359973588691405, -0.28605793010901415, -0.15067088412295537, -0.28867513459481337], [0.31464871401985495, -0.41870794772243347, -0.22587250255443372, 0.13568051786968738, 0.3859877819877222, -0.324340502528368, 0.0003207774836630096, -0.3229555692043735, 0.3776316150946966, -0.11594851008477527, -0.24163090012334285, -0.28867513459481353], [-0.2167992345802275, 0.3777473528259696, 0.41130324122623785, 0.2832864571740249, 0.037400748352847304, 0.22323877913759535, 0.3832423051162167, -0.3687798132054177, 0.18407481036648032, 0.08881601287363962, -0.31885846299354914, -0.28867513459481303], [0.115081797346231, -0.23513317383504445, -0.3405763190791251, -0.4040294467788608, -0.40661993614788744, 0.34168146592528653, 0.2164422458123441, -0.05079801268598245, -0.12589662368972357, 0.2807358208615456, -0.37779223483336555, -0.288675134594814], [-0.03285194556478306, 0.07289616248155072, 0.12021157295133776, 0.1719111112658384, 0.22509780600821566, -0.2768877443425725, -0.32440136106288886, 0.3649501142855757, -0.3958152033488324, 0.414661279963903, -0.4146022031657914, -0.28867513459481425]]
----- N 12 segNum 36 -----
detuning [-0.07435665784942033, -0.06716396035062941, -0.05670068869470968, -0.04331018866068497, -0.027424946950742744, -0.009578363836249104, 0.009578363836248872, 0.02924696692979522, 0.04842306080303062, 0.06578172151252674, 0.07935690470457775, 0.0856706508801151]
tau 539.9999999999999
mode [[ 3.28519456e-02 -1.15081797e-01  2.16799235e-01 -3.14648714e-01
   3.90834663e-01 -4.32341849e-01  4.32341849e-01 -3.90834663e-01
   3.14648714e-01 -2.16799235e-01  1.15081797e-01 -3.28519456e-02]
 [ 7.28961625e-02 -2.35133174e-01  3.77747353e-01 -4.18707948e-01
   3.26036432e-01 -1.22838826e-01 -1.22838826e-01  3.26036432e-01
  -4.18707948e-01  3.77747353e-01 -2.35133174e-01  7.28961625e-02]
 [-1.20211573e-01  3.40576319e-01 -4.11303241e-01  2.25872503e-01
   1.10804562e-01 -3.70257416e-01  3.70257416e-01 -1.10804562e-01
  -2.25872503e-01  4.11303241e-01 -3.40576319e-01  1.20211573e-01]
 [ 1.71911111e-01 -4.04029447e-01  2.83286457e-01  1.35680518e-01
  -4.02527983e-01  2.15679343e-01  2.15679343e-01 -4.02527983e-01
   1.35680518e-01  2.83286457e-01 -4.04029447e-01  1.71911111e-01]
 [-2.25097806e-01  4.06619936e-01 -3.74007484e-02 -3.85987782e-01
   1.92425268e-01  3.10770555e-01 -3.10770555e-01 -1.92425268e-01
   3.85987782e-01  3.74007484e-02 -4.06619936e-01  2.25097806e-01]
 [-2.76887744e-01  3.41681466e-01  2.23238779e-01 -3.24340503e-01
  -2.56523540e-01  2.92831542e-01  2.92831542e-01 -2.56523540e-01
  -3.24340503e-01  2.23238779e-01  3.41681466e-01 -2.76887744e-01]
 [ 3.24401361e-01 -2.16442246e-01 -3.83242305e-01 -3.20777484e-04
   3.81654859e-01  2.35332344e-01 -2.35332344e-01 -3.81654859e-01
   3.20777484e-04  3.83242305e-01  2.16442246e-01 -3.24401361e-01]
 [ 3.64950114e-01 -5.07980127e-02 -3.68779813e-01 -3.22955569e-01
   2.65455947e-02  3.51037686e-01  3.51037686e-01  2.65455947e-02
  -3.22955569e-01 -3.68779813e-01 -5.07980127e-02  3.64950114e-01]
 [ 3.95815203e-01  1.25896624e-01 -1.84074810e-01 -3.77631615e-01
  -3.59973589e-01 -1.46322274e-01  1.46322274e-01  3.59973589e-01
   3.77631615e-01  1.84074810e-01 -1.25896624e-01 -3.95815203e-01]
 [ 4.14661280e-01  2.80735821e-01  8.88160129e-02 -1.15948510e-01
  -2.86057930e-01 -3.82206674e-01 -3.82206674e-01 -2.86057930e-01
  -1.15948510e-01  8.88160129e-02  2.80735821e-01  4.14661280e-01]
 [ 4.14602203e-01  3.77792235e-01  3.18858463e-01  2.41630900e-01
   1.50670884e-01  5.11870471e-02 -5.11870471e-02 -1.50670884e-01
  -2.41630900e-01 -3.18858463e-01 -3.77792235e-01 -4.14602203e-01]
 [-2.88675135e-01 -2.88675135e-01 -2.88675135e-01 -2.88675135e-01
  -2.88675135e-01 -2.88675135e-01 -2.88675135e-01 -2.88675135e-01
  -2.88675135e-01 -2.88675135e-01 -2.88675135e-01 -2.88675135e-01]]
k_list [0, 1, 2, 3, 4, 5, 6, 7, 8, 9, 10, 11]
this ions should have laser shined:  [0 1]
>>>>>>>>>> P and G calculate time used is: 1796.193974494934 seconds
error: 0.00040222414291671656
constrain_error 8.516813704306792e-05
>>>>>>>>>> optimization time used is: 1498.618023633957 seconds
alpha max are: [1, 1, 1, 1, 1, 1, 1, 1, 1, 1, 1, 1]  for phonon cut-off in simulation
./calculation results/data/
segnum 36 (array([ 0.13087464, -0.39361367,  0.49726708, -0.08122387, -0.43766272,
        0.37488013,  0.18297299, -0.28037645, -0.15030697,  0.27036501,
        0.1664352 , -0.25054362, -0.16571149,  0.24782484,  0.18622681,
       -0.22642341, -0.19888528,  0.21120496,  0.22032848, -0.1892612 ,
       -0.23524184,  0.17623589,  0.25695103, -0.15558911, -0.26049265,
        0.15747   ,  0.28175281, -0.14412908, -0.292726  ,  0.18323469,
        0.38158735, -0.43793089, -0.08625292,  0.49912026, -0.39202348,
        0.12958451]), array([ 0.13087464, -0.39361367,  0.49726708, -0.08122387, -0.43766272,
        0.37488013,  0.18297299, -0.28037645, -0.15030697,  0.27036501,
        0.1664352 , -0.25054362, -0.16571149,  0.24782484,  0.18622681,
       -0.22642341, -0.19888528,  0.21120496,  0.22032848, -0.1892612 ,
       -0.23524184,  0.17623589,  0.25695103, -0.15558911, -0.26049265,
        0.15747   ,  0.28175281, -0.14412908, -0.292726  ,  0.18323469,
        0.38158735, -0.43793089, -0.08625292,  0.49912026, -0.39202348,
        0.12958451]))
test theta tf.Tensor(
[[0.40860726+0.j 0.39274167+0.j 0.        +0.j 0.        +0.j
  0.        +0.j 0.        +0.j 0.        +0.j 0.        +0.j
  0.        +0.j 0.        +0.j 0.        +0.j 0.        +0.j]
 [0.39274167+0.j 0.11803232+0.j 0.        +0.j 0.        +0.j
  0.        +0.j 0.        +0.j 0.        +0.j 0.        +0.j
  0.        +0.j 0.        +0.j 0.        +0.j 0.        +0.j]
 [0.        +0.j 0.        +0.j 0.        +0.j 0.        +0.j
  0.        +0.j 0.        +0.j 0.        +0.j 0.        +0.j
  0.        +0.j 0.        +0.j 0.        +0.j 0.        +0.j]
 [0.        +0.j 0.        +0.j 0.        +0.j 0.        +0.j
  0.        +0.j 0.        +0.j 0.        +0.j 0.        +0.j
  0.        +0.j 0.        +0.j 0.        +0.j 0.        +0.j]
 [0.        +0.j 0.        +0.j 0.        +0.j 0.        +0.j
  0.        +0.j 0.        +0.j 0.        +0.j 0.        +0.j
  0.        +0.j 0.        +0.j 0.        +0.j 0.        +0.j]
 [0.        +0.j 0.        +0.j 0.        +0.j 0.        +0.j
  0.        +0.j 0.        +0.j 0.        +0.j 0.        +0.j
  0.        +0.j 0.        +0.j 0.        +0.j 0.        +0.j]
 [0.        +0.j 0.        +0.j 0.        +0.j 0.        +0.j
  0.        +0.j 0.        +0.j 0.        +0.j 0.        +0.j
  0.        +0.j 0.        +0.j 0.        +0.j 0.        +0.j]
 [0.        +0.j 0.        +0.j 0.        +0.j 0.        +0.j
  0.        +0.j 0.        +0.j 0.        +0.j 0.        +0.j
  0.        +0.j 0.        +0.j 0.        +0.j 0.        +0.j]
 [0.        +0.j 0.        +0.j 0.        +0.j 0.        +0.j
  0.        +0.j 0.        +0.j 0.        +0.j 0.        +0.j
  0.        +0.j 0.        +0.j 0.        +0.j 0.        +0.j]
 [0.        +0.j 0.        +0.j 0.        +0.j 0.        +0.j
  0.        +0.j 0.        +0.j 0.        +0.j 0.        +0.j
  0.        +0.j 0.        +0.j 0.        +0.j 0.        +0.j]
 [0.        +0.j 0.        +0.j 0.        +0.j 0.        +0.j
  0.        +0.j 0.        +0.j 0.        +0.j 0.        +0.j
  0.        +0.j 0.        +0.j 0.        +0.j 0.        +0.j]
 [0.        +0.j 0.        +0.j 0.        +0.j 0.        +0.j
  0.        +0.j 0.        +0.j 0.        +0.j 0.        +0.j
  0.        +0.j 0.        +0.j 0.        +0.j 0.        +0.j]], shape=(12, 12), dtype=complex128)
----- N 12 segNum 37 -----
detuning [-0.07435665784942033, -0.06716396035062941, -0.05670068869470968, -0.04331018866068497, -0.027424946950742744, -0.009578363836249104, 0.009578363836248872, 0.02924696692979522, 0.04842306080303062, 0.06578172151252674, 0.07935690470457775, 0.0856706508801151]
tau 555.0
mode [[ 3.28519456e-02 -1.15081797e-01  2.16799235e-01 -3.14648714e-01
   3.90834663e-01 -4.32341849e-01  4.32341849e-01 -3.90834663e-01
   3.14648714e-01 -2.16799235e-01  1.15081797e-01 -3.28519456e-02]
 [ 7.28961625e-02 -2.35133174e-01  3.77747353e-01 -4.18707948e-01
   3.26036432e-01 -1.22838826e-01 -1.22838826e-01  3.26036432e-01
  -4.18707948e-01  3.77747353e-01 -2.35133174e-01  7.28961625e-02]
 [-1.20211573e-01  3.40576319e-01 -4.11303241e-01  2.25872503e-01
   1.10804562e-01 -3.70257416e-01  3.70257416e-01 -1.10804562e-01
  -2.25872503e-01  4.11303241e-01 -3.40576319e-01  1.20211573e-01]
 [ 1.71911111e-01 -4.04029447e-01  2.83286457e-01  1.35680518e-01
  -4.02527983e-01  2.15679343e-01  2.15679343e-01 -4.02527983e-01
   1.35680518e-01  2.83286457e-01 -4.04029447e-01  1.71911111e-01]
 [-2.25097806e-01  4.06619936e-01 -3.74007484e-02 -3.85987782e-01
   1.92425268e-01  3.10770555e-01 -3.10770555e-01 -1.92425268e-01
   3.85987782e-01  3.74007484e-02 -4.06619936e-01  2.25097806e-01]
 [-2.76887744e-01  3.41681466e-01  2.23238779e-01 -3.24340503e-01
  -2.56523540e-01  2.92831542e-01  2.92831542e-01 -2.56523540e-01
  -3.24340503e-01  2.23238779e-01  3.41681466e-01 -2.76887744e-01]
 [ 3.24401361e-01 -2.16442246e-01 -3.83242305e-01 -3.20777484e-04
   3.81654859e-01  2.35332344e-01 -2.35332344e-01 -3.81654859e-01
   3.20777484e-04  3.83242305e-01  2.16442246e-01 -3.24401361e-01]
 [ 3.64950114e-01 -5.07980127e-02 -3.68779813e-01 -3.22955569e-01
   2.65455947e-02  3.51037686e-01  3.51037686e-01  2.65455947e-02
  -3.22955569e-01 -3.68779813e-01 -5.07980127e-02  3.64950114e-01]
 [ 3.95815203e-01  1.25896624e-01 -1.84074810e-01 -3.77631615e-01
  -3.59973589e-01 -1.46322274e-01  1.46322274e-01  3.59973589e-01
   3.77631615e-01  1.84074810e-01 -1.25896624e-01 -3.95815203e-01]
 [ 4.14661280e-01  2.80735821e-01  8.88160129e-02 -1.15948510e-01
  -2.86057930e-01 -3.82206674e-01 -3.82206674e-01 -2.86057930e-01
  -1.15948510e-01  8.88160129e-02  2.80735821e-01  4.14661280e-01]
 [ 4.14602203e-01  3.77792235e-01  3.18858463e-01  2.41630900e-01
   1.50670884e-01  5.11870471e-02 -5.11870471e-02 -1.50670884e-01
  -2.41630900e-01 -3.18858463e-01 -3.77792235e-01 -4.14602203e-01]
 [-2.88675135e-01 -2.88675135e-01 -2.88675135e-01 -2.88675135e-01
  -2.88675135e-01 -2.88675135e-01 -2.88675135e-01 -2.88675135e-01
  -2.88675135e-01 -2.88675135e-01 -2.88675135e-01 -2.88675135e-01]]
k_list [0, 1, 2, 3, 4, 5, 6, 7, 8, 9, 10, 11]
this ions should have laser shined:  [0 1]
>>>>>>>>>> P and G calculate time used is: 1900.3526239395142 seconds
error: 0.0006932740029974232
constrain_error 2.0633147446158517e-07
>>>>>>>>>> optimization time used is: 999.7282564640045 seconds
alpha max are: [1, 1, 1, 1, 1, 1, 1, 1, 1, 1, 1, 1]  for phonon cut-off in simulation
./calculation results/data/
segnum 37 (array([ 0.1640581 , -0.4195275 ,  0.45258076,  0.00968592, -0.35185706,
        0.11939967,  0.31896155, -0.11255223, -0.26895078,  0.12362845,
        0.30037055, -0.0853706 , -0.2864227 ,  0.08337445,  0.31535517,
       -0.05381632, -0.29568961,  0.02271495,  0.30198772,  0.02286684,
       -0.29563206, -0.05393974,  0.31526966,  0.08349091, -0.28627471,
       -0.08542537,  0.30021196,  0.12365719, -0.26874625, -0.11252147,
        0.31870819,  0.11929382, -0.35149924,  0.0098647 ,  0.45164016,
       -0.41863785,  0.16370309]), array([ 0.1640581 , -0.4195275 ,  0.45258076,  0.00968592, -0.35185706,
        0.11939967,  0.31896155, -0.11255223, -0.26895078,  0.12362845,
        0.30037055, -0.0853706 , -0.2864227 ,  0.08337445,  0.31535517,
       -0.05381632, -0.29568961,  0.02271495,  0.30198772,  0.02286684,
       -0.29563206, -0.05393974,  0.31526966,  0.08349091, -0.28627471,
       -0.08542537,  0.30021196,  0.12365719, -0.26874625, -0.11252147,
        0.31870819,  0.11929382, -0.35149924,  0.0098647 ,  0.45164016,
       -0.41863785,  0.16370309]))
test theta tf.Tensor(
[[0.40873653+0.j 0.39269918+0.j 0.        +0.j 0.        +0.j
  0.        +0.j 0.        +0.j 0.        +0.j 0.        +0.j
  0.        +0.j 0.        +0.j 0.        +0.j 0.        +0.j]
 [0.39269918+0.j 0.12974851+0.j 0.        +0.j 0.        +0.j
  0.        +0.j 0.        +0.j 0.        +0.j 0.        +0.j
  0.        +0.j 0.        +0.j 0.        +0.j 0.        +0.j]
 [0.        +0.j 0.        +0.j 0.        +0.j 0.        +0.j
  0.        +0.j 0.        +0.j 0.        +0.j 0.        +0.j
  0.        +0.j 0.        +0.j 0.        +0.j 0.        +0.j]
 [0.        +0.j 0.        +0.j 0.        +0.j 0.        +0.j
  0.        +0.j 0.        +0.j 0.        +0.j 0.        +0.j
  0.        +0.j 0.        +0.j 0.        +0.j 0.        +0.j]
 [0.        +0.j 0.        +0.j 0.        +0.j 0.        +0.j
  0.        +0.j 0.        +0.j 0.        +0.j 0.        +0.j
  0.        +0.j 0.        +0.j 0.        +0.j 0.        +0.j]
 [0.        +0.j 0.        +0.j 0.        +0.j 0.        +0.j
  0.        +0.j 0.        +0.j 0.        +0.j 0.        +0.j
  0.        +0.j 0.        +0.j 0.        +0.j 0.        +0.j]
 [0.        +0.j 0.        +0.j 0.        +0.j 0.        +0.j
  0.        +0.j 0.        +0.j 0.        +0.j 0.        +0.j
  0.        +0.j 0.        +0.j 0.        +0.j 0.        +0.j]
 [0.        +0.j 0.        +0.j 0.        +0.j 0.        +0.j
  0.        +0.j 0.        +0.j 0.        +0.j 0.        +0.j
  0.        +0.j 0.        +0.j 0.        +0.j 0.        +0.j]
 [0.        +0.j 0.        +0.j 0.        +0.j 0.        +0.j
  0.        +0.j 0.        +0.j 0.        +0.j 0.        +0.j
  0.        +0.j 0.        +0.j 0.        +0.j 0.        +0.j]
 [0.        +0.j 0.        +0.j 0.        +0.j 0.        +0.j
  0.        +0.j 0.        +0.j 0.        +0.j 0.        +0.j
  0.        +0.j 0.        +0.j 0.        +0.j 0.        +0.j]
 [0.        +0.j 0.        +0.j 0.        +0.j 0.        +0.j
  0.        +0.j 0.        +0.j 0.        +0.j 0.        +0.j
  0.        +0.j 0.        +0.j 0.        +0.j 0.        +0.j]
 [0.        +0.j 0.        +0.j 0.        +0.j 0.        +0.j
  0.        +0.j 0.        +0.j 0.        +0.j 0.        +0.j
  0.        +0.j 0.        +0.j 0.        +0.j 0.        +0.j]], shape=(12, 12), dtype=complex128)
----- N 12 segNum 38 -----
detuning [-0.07435665784942033, -0.06716396035062941, -0.05670068869470968, -0.04331018866068497, -0.027424946950742744, -0.009578363836249104, 0.009578363836248872, 0.02924696692979522, 0.04842306080303062, 0.06578172151252674, 0.07935690470457775, 0.0856706508801151]
tau 570.0
mode [[ 3.28519456e-02 -1.15081797e-01  2.16799235e-01 -3.14648714e-01
   3.90834663e-01 -4.32341849e-01  4.32341849e-01 -3.90834663e-01
   3.14648714e-01 -2.16799235e-01  1.15081797e-01 -3.28519456e-02]
 [ 7.28961625e-02 -2.35133174e-01  3.77747353e-01 -4.18707948e-01
   3.26036432e-01 -1.22838826e-01 -1.22838826e-01  3.26036432e-01
  -4.18707948e-01  3.77747353e-01 -2.35133174e-01  7.28961625e-02]
 [-1.20211573e-01  3.40576319e-01 -4.11303241e-01  2.25872503e-01
   1.10804562e-01 -3.70257416e-01  3.70257416e-01 -1.10804562e-01
  -2.25872503e-01  4.11303241e-01 -3.40576319e-01  1.20211573e-01]
 [ 1.71911111e-01 -4.04029447e-01  2.83286457e-01  1.35680518e-01
  -4.02527983e-01  2.15679343e-01  2.15679343e-01 -4.02527983e-01
   1.35680518e-01  2.83286457e-01 -4.04029447e-01  1.71911111e-01]
 [-2.25097806e-01  4.06619936e-01 -3.74007484e-02 -3.85987782e-01
   1.92425268e-01  3.10770555e-01 -3.10770555e-01 -1.92425268e-01
   3.85987782e-01  3.74007484e-02 -4.06619936e-01  2.25097806e-01]
 [-2.76887744e-01  3.41681466e-01  2.23238779e-01 -3.24340503e-01
  -2.56523540e-01  2.92831542e-01  2.92831542e-01 -2.56523540e-01
  -3.24340503e-01  2.23238779e-01  3.41681466e-01 -2.76887744e-01]
 [ 3.24401361e-01 -2.16442246e-01 -3.83242305e-01 -3.20777484e-04
   3.81654859e-01  2.35332344e-01 -2.35332344e-01 -3.81654859e-01
   3.20777484e-04  3.83242305e-01  2.16442246e-01 -3.24401361e-01]
 [ 3.64950114e-01 -5.07980127e-02 -3.68779813e-01 -3.22955569e-01
   2.65455947e-02  3.51037686e-01  3.51037686e-01  2.65455947e-02
  -3.22955569e-01 -3.68779813e-01 -5.07980127e-02  3.64950114e-01]
 [ 3.95815203e-01  1.25896624e-01 -1.84074810e-01 -3.77631615e-01
  -3.59973589e-01 -1.46322274e-01  1.46322274e-01  3.59973589e-01
   3.77631615e-01  1.84074810e-01 -1.25896624e-01 -3.95815203e-01]
 [ 4.14661280e-01  2.80735821e-01  8.88160129e-02 -1.15948510e-01
  -2.86057930e-01 -3.82206674e-01 -3.82206674e-01 -2.86057930e-01
  -1.15948510e-01  8.88160129e-02  2.80735821e-01  4.14661280e-01]
 [ 4.14602203e-01  3.77792235e-01  3.18858463e-01  2.41630900e-01
   1.50670884e-01  5.11870471e-02 -5.11870471e-02 -1.50670884e-01
  -2.41630900e-01 -3.18858463e-01 -3.77792235e-01 -4.14602203e-01]
 [-2.88675135e-01 -2.88675135e-01 -2.88675135e-01 -2.88675135e-01
  -2.88675135e-01 -2.88675135e-01 -2.88675135e-01 -2.88675135e-01
  -2.88675135e-01 -2.88675135e-01 -2.88675135e-01 -2.88675135e-01]]
k_list [0, 1, 2, 3, 4, 5, 6, 7, 8, 9, 10, 11]
this ions should have laser shined:  [0 1]
>>>>>>>>>> P and G calculate time used is: 1979.645099401474 seconds
error: 0.0009210644575200314
constrain_error 0.00014536909681761578
>>>>>>>>>> optimization time used is: 1549.034247636795 seconds
alpha max are: [1, 1, 1, 1, 1, 1, 1, 1, 1, 1, 1, 1]  for phonon cut-off in simulation
./calculation results/data/
segnum 38 (array([-0.13592273,  0.22234073, -0.02365773, -0.46394209,  0.44178024,
        0.12938598, -0.5       , -0.0503063 ,  0.5       , -0.16456116,
       -0.42547756,  0.1748277 ,  0.28387291, -0.21884795, -0.18376367,
        0.15951136, -0.01084889,  0.04913532, -0.08454841, -0.06381099,
        0.07381822, -0.02745145,  0.13098888, -0.171532  , -0.18658843,
        0.27570782,  0.13784483, -0.42093698, -0.11936995,  0.49886149,
       -0.13059124, -0.4260637 ,  0.12411496,  0.4313193 , -0.5       ,
        0.03895456,  0.18183628, -0.12523026]), array([-0.13592273,  0.22234073, -0.02365773, -0.46394209,  0.44178024,
        0.12938598, -0.5       , -0.0503063 ,  0.5       , -0.16456116,
       -0.42547756,  0.1748277 ,  0.28387291, -0.21884795, -0.18376367,
        0.15951136, -0.01084889,  0.04913532, -0.08454841, -0.06381099,
        0.07381822, -0.02745145,  0.13098888, -0.171532  , -0.18658843,
        0.27570782,  0.13784483, -0.42093698, -0.11936995,  0.49886149,
       -0.13059124, -0.4260637 ,  0.12411496,  0.4313193 , -0.5       ,
        0.03895456,  0.18183628, -0.12523026]))
test theta tf.Tensor(
[[0.40879739+0.j 0.39277177+0.j 0.        +0.j 0.        +0.j
  0.        +0.j 0.        +0.j 0.        +0.j 0.        +0.j
  0.        +0.j 0.        +0.j 0.        +0.j 0.        +0.j]
 [0.39277177+0.j 0.11956512+0.j 0.        +0.j 0.        +0.j
  0.        +0.j 0.        +0.j 0.        +0.j 0.        +0.j
  0.        +0.j 0.        +0.j 0.        +0.j 0.        +0.j]
 [0.        +0.j 0.        +0.j 0.        +0.j 0.        +0.j
  0.        +0.j 0.        +0.j 0.        +0.j 0.        +0.j
  0.        +0.j 0.        +0.j 0.        +0.j 0.        +0.j]
 [0.        +0.j 0.        +0.j 0.        +0.j 0.        +0.j
  0.        +0.j 0.        +0.j 0.        +0.j 0.        +0.j
  0.        +0.j 0.        +0.j 0.        +0.j 0.        +0.j]
 [0.        +0.j 0.        +0.j 0.        +0.j 0.        +0.j
  0.        +0.j 0.        +0.j 0.        +0.j 0.        +0.j
  0.        +0.j 0.        +0.j 0.        +0.j 0.        +0.j]
 [0.        +0.j 0.        +0.j 0.        +0.j 0.        +0.j
  0.        +0.j 0.        +0.j 0.        +0.j 0.        +0.j
  0.        +0.j 0.        +0.j 0.        +0.j 0.        +0.j]
 [0.        +0.j 0.        +0.j 0.        +0.j 0.        +0.j
  0.        +0.j 0.        +0.j 0.        +0.j 0.        +0.j
  0.        +0.j 0.        +0.j 0.        +0.j 0.        +0.j]
 [0.        +0.j 0.        +0.j 0.        +0.j 0.        +0.j
  0.        +0.j 0.        +0.j 0.        +0.j 0.        +0.j
  0.        +0.j 0.        +0.j 0.        +0.j 0.        +0.j]
 [0.        +0.j 0.        +0.j 0.        +0.j 0.        +0.j
  0.        +0.j 0.        +0.j 0.        +0.j 0.        +0.j
  0.        +0.j 0.        +0.j 0.        +0.j 0.        +0.j]
 [0.        +0.j 0.        +0.j 0.        +0.j 0.        +0.j
  0.        +0.j 0.        +0.j 0.        +0.j 0.        +0.j
  0.        +0.j 0.        +0.j 0.        +0.j 0.        +0.j]
 [0.        +0.j 0.        +0.j 0.        +0.j 0.        +0.j
  0.        +0.j 0.        +0.j 0.        +0.j 0.        +0.j
  0.        +0.j 0.        +0.j 0.        +0.j 0.        +0.j]
 [0.        +0.j 0.        +0.j 0.        +0.j 0.        +0.j
  0.        +0.j 0.        +0.j 0.        +0.j 0.        +0.j
  0.        +0.j 0.        +0.j 0.        +0.j 0.        +0.j]], shape=(12, 12), dtype=complex128)
----- N 12 segNum 39 -----
detuning [-0.07435665784942033, -0.06716396035062941, -0.05670068869470968, -0.04331018866068497, -0.027424946950742744, -0.009578363836249104, 0.009578363836248872, 0.02924696692979522, 0.04842306080303062, 0.06578172151252674, 0.07935690470457775, 0.0856706508801151]
tau 584.9999999999999
mode [[ 3.28519456e-02 -1.15081797e-01  2.16799235e-01 -3.14648714e-01
   3.90834663e-01 -4.32341849e-01  4.32341849e-01 -3.90834663e-01
   3.14648714e-01 -2.16799235e-01  1.15081797e-01 -3.28519456e-02]
 [ 7.28961625e-02 -2.35133174e-01  3.77747353e-01 -4.18707948e-01
   3.26036432e-01 -1.22838826e-01 -1.22838826e-01  3.26036432e-01
  -4.18707948e-01  3.77747353e-01 -2.35133174e-01  7.28961625e-02]
 [-1.20211573e-01  3.40576319e-01 -4.11303241e-01  2.25872503e-01
   1.10804562e-01 -3.70257416e-01  3.70257416e-01 -1.10804562e-01
  -2.25872503e-01  4.11303241e-01 -3.40576319e-01  1.20211573e-01]
 [ 1.71911111e-01 -4.04029447e-01  2.83286457e-01  1.35680518e-01
  -4.02527983e-01  2.15679343e-01  2.15679343e-01 -4.02527983e-01
   1.35680518e-01  2.83286457e-01 -4.04029447e-01  1.71911111e-01]
 [-2.25097806e-01  4.06619936e-01 -3.74007484e-02 -3.85987782e-01
   1.92425268e-01  3.10770555e-01 -3.10770555e-01 -1.92425268e-01
   3.85987782e-01  3.74007484e-02 -4.06619936e-01  2.25097806e-01]
 [-2.76887744e-01  3.41681466e-01  2.23238779e-01 -3.24340503e-01
  -2.56523540e-01  2.92831542e-01  2.92831542e-01 -2.56523540e-01
  -3.24340503e-01  2.23238779e-01  3.41681466e-01 -2.76887744e-01]
 [ 3.24401361e-01 -2.16442246e-01 -3.83242305e-01 -3.20777484e-04
   3.81654859e-01  2.35332344e-01 -2.35332344e-01 -3.81654859e-01
   3.20777484e-04  3.83242305e-01  2.16442246e-01 -3.24401361e-01]
 [ 3.64950114e-01 -5.07980127e-02 -3.68779813e-01 -3.22955569e-01
   2.65455947e-02  3.51037686e-01  3.51037686e-01  2.65455947e-02
  -3.22955569e-01 -3.68779813e-01 -5.07980127e-02  3.64950114e-01]
 [ 3.95815203e-01  1.25896624e-01 -1.84074810e-01 -3.77631615e-01
  -3.59973589e-01 -1.46322274e-01  1.46322274e-01  3.59973589e-01
   3.77631615e-01  1.84074810e-01 -1.25896624e-01 -3.95815203e-01]
 [ 4.14661280e-01  2.80735821e-01  8.88160129e-02 -1.15948510e-01
  -2.86057930e-01 -3.82206674e-01 -3.82206674e-01 -2.86057930e-01
  -1.15948510e-01  8.88160129e-02  2.80735821e-01  4.14661280e-01]
 [ 4.14602203e-01  3.77792235e-01  3.18858463e-01  2.41630900e-01
   1.50670884e-01  5.11870471e-02 -5.11870471e-02 -1.50670884e-01
  -2.41630900e-01 -3.18858463e-01 -3.77792235e-01 -4.14602203e-01]
 [-2.88675135e-01 -2.88675135e-01 -2.88675135e-01 -2.88675135e-01
  -2.88675135e-01 -2.88675135e-01 -2.88675135e-01 -2.88675135e-01
  -2.88675135e-01 -2.88675135e-01 -2.88675135e-01 -2.88675135e-01]]
k_list [0, 1, 2, 3, 4, 5, 6, 7, 8, 9, 10, 11]
this ions should have laser shined:  [0 1]
>>>>>>>>>> P and G calculate time used is: 2102.7153532505035 seconds
error: 0.0019859102573854754
constrain_error 8.996478192413448e-07
>>>>>>>>>> optimization time used is: 940.9207439422607 seconds
alpha max are: [1, 1, 1, 1, 1, 1, 1, 1, 1, 1, 1, 1]  for phonon cut-off in simulation
./calculation results/data/
segnum 39 (array([-0.24450104,  0.38367071, -0.23685924, -0.27883083,  0.17769161,
        0.14302124, -0.26757902, -0.26634942,  0.17368019,  0.12273966,
       -0.18575928, -0.34427829,  0.12658964,  0.24900067, -0.19484558,
       -0.31234002,  0.09621268,  0.23637421, -0.03965276, -0.28726118,
       -0.03968011,  0.2363678 ,  0.09623019, -0.31236031, -0.19490995,
        0.24902719,  0.12685592, -0.3448681 , -0.18540263,  0.12279255,
        0.1735278 , -0.26641783, -0.26745713,  0.14312854,  0.17760942,
       -0.27890094, -0.23662219,  0.38355   , -0.24450561]), array([-0.24450104,  0.38367071, -0.23685924, -0.27883083,  0.17769161,
        0.14302124, -0.26757902, -0.26634942,  0.17368019,  0.12273966,
       -0.18575928, -0.34427829,  0.12658964,  0.24900067, -0.19484558,
       -0.31234002,  0.09621268,  0.23637421, -0.03965276, -0.28726118,
       -0.03968011,  0.2363678 ,  0.09623019, -0.31236031, -0.19490995,
        0.24902719,  0.12685592, -0.3448681 , -0.18540263,  0.12279255,
        0.1735278 , -0.26641783, -0.26745713,  0.14312854,  0.17760942,
       -0.27890094, -0.23662219,  0.38355   , -0.24450561]))
test theta tf.Tensor(
[[0.41083458+0.j 0.39269953+0.j 0.        +0.j 0.        +0.j
  0.        +0.j 0.        +0.j 0.        +0.j 0.        +0.j
  0.        +0.j 0.        +0.j 0.        +0.j 0.        +0.j]
 [0.39269953+0.j 0.19586457+0.j 0.        +0.j 0.        +0.j
  0.        +0.j 0.        +0.j 0.        +0.j 0.        +0.j
  0.        +0.j 0.        +0.j 0.        +0.j 0.        +0.j]
 [0.        +0.j 0.        +0.j 0.        +0.j 0.        +0.j
  0.        +0.j 0.        +0.j 0.        +0.j 0.        +0.j
  0.        +0.j 0.        +0.j 0.        +0.j 0.        +0.j]
 [0.        +0.j 0.        +0.j 0.        +0.j 0.        +0.j
  0.        +0.j 0.        +0.j 0.        +0.j 0.        +0.j
  0.        +0.j 0.        +0.j 0.        +0.j 0.        +0.j]
 [0.        +0.j 0.        +0.j 0.        +0.j 0.        +0.j
  0.        +0.j 0.        +0.j 0.        +0.j 0.        +0.j
  0.        +0.j 0.        +0.j 0.        +0.j 0.        +0.j]
 [0.        +0.j 0.        +0.j 0.        +0.j 0.        +0.j
  0.        +0.j 0.        +0.j 0.        +0.j 0.        +0.j
  0.        +0.j 0.        +0.j 0.        +0.j 0.        +0.j]
 [0.        +0.j 0.        +0.j 0.        +0.j 0.        +0.j
  0.        +0.j 0.        +0.j 0.        +0.j 0.        +0.j
  0.        +0.j 0.        +0.j 0.        +0.j 0.        +0.j]
 [0.        +0.j 0.        +0.j 0.        +0.j 0.        +0.j
  0.        +0.j 0.        +0.j 0.        +0.j 0.        +0.j
  0.        +0.j 0.        +0.j 0.        +0.j 0.        +0.j]
 [0.        +0.j 0.        +0.j 0.        +0.j 0.        +0.j
  0.        +0.j 0.        +0.j 0.        +0.j 0.        +0.j
  0.        +0.j 0.        +0.j 0.        +0.j 0.        +0.j]
 [0.        +0.j 0.        +0.j 0.        +0.j 0.        +0.j
  0.        +0.j 0.        +0.j 0.        +0.j 0.        +0.j
  0.        +0.j 0.        +0.j 0.        +0.j 0.        +0.j]
 [0.        +0.j 0.        +0.j 0.        +0.j 0.        +0.j
  0.        +0.j 0.        +0.j 0.        +0.j 0.        +0.j
  0.        +0.j 0.        +0.j 0.        +0.j 0.        +0.j]
 [0.        +0.j 0.        +0.j 0.        +0.j 0.        +0.j
  0.        +0.j 0.        +0.j 0.        +0.j 0.        +0.j
  0.        +0.j 0.        +0.j 0.        +0.j 0.        +0.j]], shape=(12, 12), dtype=complex128)
----- N 12 segNum 40 -----
detuning [-0.07435665784942033, -0.06716396035062941, -0.05670068869470968, -0.04331018866068497, -0.027424946950742744, -0.009578363836249104, 0.009578363836248872, 0.02924696692979522, 0.04842306080303062, 0.06578172151252674, 0.07935690470457775, 0.0856706508801151]
tau 600.0
mode [[ 3.28519456e-02 -1.15081797e-01  2.16799235e-01 -3.14648714e-01
   3.90834663e-01 -4.32341849e-01  4.32341849e-01 -3.90834663e-01
   3.14648714e-01 -2.16799235e-01  1.15081797e-01 -3.28519456e-02]
 [ 7.28961625e-02 -2.35133174e-01  3.77747353e-01 -4.18707948e-01
   3.26036432e-01 -1.22838826e-01 -1.22838826e-01  3.26036432e-01
  -4.18707948e-01  3.77747353e-01 -2.35133174e-01  7.28961625e-02]
 [-1.20211573e-01  3.40576319e-01 -4.11303241e-01  2.25872503e-01
   1.10804562e-01 -3.70257416e-01  3.70257416e-01 -1.10804562e-01
  -2.25872503e-01  4.11303241e-01 -3.40576319e-01  1.20211573e-01]
 [ 1.71911111e-01 -4.04029447e-01  2.83286457e-01  1.35680518e-01
  -4.02527983e-01  2.15679343e-01  2.15679343e-01 -4.02527983e-01
   1.35680518e-01  2.83286457e-01 -4.04029447e-01  1.71911111e-01]
 [-2.25097806e-01  4.06619936e-01 -3.74007484e-02 -3.85987782e-01
   1.92425268e-01  3.10770555e-01 -3.10770555e-01 -1.92425268e-01
   3.85987782e-01  3.74007484e-02 -4.06619936e-01  2.25097806e-01]
 [-2.76887744e-01  3.41681466e-01  2.23238779e-01 -3.24340503e-01
  -2.56523540e-01  2.92831542e-01  2.92831542e-01 -2.56523540e-01
  -3.24340503e-01  2.23238779e-01  3.41681466e-01 -2.76887744e-01]
 [ 3.24401361e-01 -2.16442246e-01 -3.83242305e-01 -3.20777484e-04
   3.81654859e-01  2.35332344e-01 -2.35332344e-01 -3.81654859e-01
   3.20777484e-04  3.83242305e-01  2.16442246e-01 -3.24401361e-01]
 [ 3.64950114e-01 -5.07980127e-02 -3.68779813e-01 -3.22955569e-01
   2.65455947e-02  3.51037686e-01  3.51037686e-01  2.65455947e-02
