[shined]
shined = [0, 1]

[amplitude]
pulse_type = AM
shape = rectangular
mu = 2096839.3047329576
delta_t = 1.4999999999999999e-05
segnum = 53
amp_list0 = [-0.10930118088002513, 0.1307754662911123, -0.014035198846917047, -0.20997345658923566, 0.09901025543202448, 0.1140540186456085, -0.09047880542873485, -0.1334485056244165, 0.056847828616723474, 0.14010351781264074, -0.028083894553524193, -0.15522586895546178, -0.015221026124188977, 0.161303993756341, 0.06629839812624534, -0.15634542546371763, -0.1251002723845867, 0.13509252951573886, 0.1880176899122917, -0.09757224922332568, -0.2599739077838688, 0.03612603438812529, 0.34351988399024985, 0.025766235776852327, -0.4579882759700259, 0.05862271479255332, 0.41803714339654885, 0.06109329097497632, -0.4611514157820626, 0.027503221589668253, 0.343644999294527, 0.035604807441501546, -0.26011107535230693, -0.09729651615358327, 0.18816710060994352, 0.1349312688888741, -0.12524800726826565, -0.15626628363404368, 0.06641851391865386, 0.16131249803042902, -0.01532356730476448, -0.1553020653023104, -0.027968308669692788, 0.1401832680787611, 0.056747646831940474, -0.13351605289605445, -0.0904107289845338, 0.11412235864970784, 0.0989775758551309, -0.21003791323649404, -0.013996017341139925, 0.13081083605511376, -0.10934092140789411]
amp_list1 = [-0.10930118088002513, 0.1307754662911123, -0.014035198846917047, -0.20997345658923566, 0.09901025543202448, 0.1140540186456085, -0.09047880542873485, -0.1334485056244165, 0.056847828616723474, 0.14010351781264074, -0.028083894553524193, -0.15522586895546178, -0.015221026124188977, 0.161303993756341, 0.06629839812624534, -0.15634542546371763, -0.1251002723845867, 0.13509252951573886, 0.1880176899122917, -0.09757224922332568, -0.2599739077838688, 0.03612603438812529, 0.34351988399024985, 0.025766235776852327, -0.4579882759700259, 0.05862271479255332, 0.41803714339654885, 0.06109329097497632, -0.4611514157820626, 0.027503221589668253, 0.343644999294527, 0.035604807441501546, -0.26011107535230693, -0.09729651615358327, 0.18816710060994352, 0.1349312688888741, -0.12524800726826565, -0.15626628363404368, 0.06641851391865386, 0.16131249803042902, -0.01532356730476448, -0.1553020653023104, -0.027968308669692788, 0.1401832680787611, 0.056747646831940474, -0.13351605289605445, -0.0904107289845338, 0.11412235864970784, 0.0989775758551309, -0.21003791323649404, -0.013996017341139925, 0.13081083605511376, -0.10934092140789411]

