[phonon]
partialpos = [0.00e+00 5.00e-06 1.00e-05 1.50e-05 2.00e-05 2.50e-05 3.00e-05 3.50e-05
	 4.00e-05 4.50e-05 5.00e-05 5.50e-05 6.00e-05 6.50e-05 7.00e-05 7.50e-05
	 8.00e-05 8.50e-05 9.00e-05 9.50e-05 1.00e-04 1.05e-04 1.10e-04 1.15e-04]
z_freqcal = [2017098.9377879763, 2018973.667362483, 2021766.6415645322, 2025452.0617556814, 2029998.888626988, 2035370.097491534, 2041522.3908754464, 2048405.9917805246, 2055964.4250380127, 2064134.2446307535, 2072844.6607393716, 2082017.0327677934, 2091564.1543253583, 2101389.280092705, 2111384.738311617, 2121430.0317599657, 2131389.040281841, 2141106.0800179173, 2150399.656482248, 2159053.048829546, 2166796.9168527685, 2173278.8867184487, 2177979.6428248216, 2180000.0]
z_modes = [[-0.008400242001849155, 0.018763318883680786, 0.03134999335580793, 0.04577513675647258, -0.06172132050561585, 0.07890032958835141, -0.0970342943781518, 0.11584852974603725, 0.13506722988051884, 0.15441451247954066, -0.17361306642940422, 0.19238870529644678, -0.21046837058423182, 0.22758777003731462, -0.2434856734747082, 0.2579165522119692, -0.2706349284669393, 0.2814196749631403, -0.2900278164568776, 0.2962544338648873, -0.29973952071541704, 0.3001693598502322, -0.294196188673962, -0.20412414523192252], [0.030331746203624946, -0.06637176469365595, -0.10748614228682733, -0.15044102311193278, 0.19216883751301084, -0.22977985801519996, 0.26064449599509515, -0.28250021824208027, -0.2935617169853409, -0.29261291500363584, 0.27907952227354366, -0.25306428292148553, 0.21535651925828778, -0.16739407834298375, 0.11120696581777935, -0.049307187670053716, -0.015414306495645059, 0.07985658934218656, -0.14080850275980303, 0.19516734281474185, -0.23987139947268948, 0.272226508982992, -0.28679277246899315, -0.20412414523192313], [-0.0603582484921564, 0.12723671781768858, 0.19442470058117364, 0.25075413635434457, -0.2868270062713274, 0.2959591522977436, -0.2749515951329951, 0.22451147422992318, 0.1492145349685201, 0.05699374902259402, 0.041808097176842605, -0.1356987166331872, 0.21347459043896264, -0.26563187812116906, 0.2856059709840498, -0.27063154322406363, 0.22218034247767637, -0.14581795792997446, 0.05065014713025308, 0.05180866298175545, -0.14874033933633685, 0.22772378396519313, -0.27473534548030365, -0.2041241452319231], [0.09507874322397024, -0.18950889800879203, -0.264346373704292, -0.29687065989495576, 0.27465660111433543, -0.1982759416229951, 0.08127683962723031, 0.052737499822105176, 0.17537085342456224, 0.25989832151659986, -0.2874584367107649, 0.2515560784217978, -0.15978837877673646, 0.03238180673706743, 0.102210423098339, -0.21362088002825308, 0.2764513628795927, -0.2760364630364952, 0.21195571754431503, -0.09818648904560015, -0.03959173105350761, 0.1698415550502545, -0.25836830503421515, -0.20412414523192227], [-0.13214123812857306, 0.2438507657346558, 0.2972397815567972, 0.26337820611316204, -0.1461270833320666, -0.018996538415414894, 0.17725777041870788, -0.2742846339270296, -0.2758780381730793, -0.1808595850148442, 0.022184602975911943, 0.14429266978348881, -0.2594895915424479, 0.2822262809859666, -0.20414280526157472, 0.05300342792841295, 0.11702408350648408, -0.24458775818241713, 0.28325511801656206, -0.2182187739970037, 0.07225299507989541, 0.10234707213467281, -0.23802350487606458, -0.20412414523192265], [0.1694735078487741, -0.28249275670746415, -0.2818227579060721, -0.15337943088826528, -0.04748325553640068, 0.2239949786491638, -0.28804993896234116, 0.20665679277248936, 0.020423173192433048, -0.17603827852557405, 0.2821550953151341, -0.24320714430381168, 0.0789785834314929, 0.12597540278762268, -0.26571590075982043, 0.2677682681804511, -0.13088791656140503, -0.073850144627562, 0.2397072122089434, -0.2794505983300813, 0.1713035576642374, 0.02949282277796701, -0.21405600398710037, -0.20412414523192554], [-0.20523563280151716, 0.2997676189189064, 0.21745783274540686, -0.002819615833674174, 0.21914815548197286, -0.2856512021875443, 0.15616683456753533, 0.08075631567679849, 0.2613608106565678, 0.260077907079827, -0.0775526474211692, -0.1589785267561981, 0.2841344732976091, -0.210146666763449, -0.011234890711745526, 0.22465847016902804, -0.28004334418429494, 0.13833007855268248, 0.10066332297702274, -0.2677882367829825, 0.24397082027724729, -0.044193619809656685, -0.18685497911560173, -0.20412414523192524], [0.23777126832257797, -0.29243738992457624, -0.11393279513871778, 0.15807029264134156, -0.28899288272034207, 0.16299901504650582, 0.10806491781257142, -0.2815915847970375, -0.2015578448957351, 0.06006585310250986, -0.2671829150981405, 0.23252959856874794, 0.01259991873569041, -0.24613160348985896, 0.2562614650977828, -0.03372310713603595, -0.21935134144665594, 0.2728871370125936, -0.07809036642494559, -0.1872655903430408, 0.2804185492716304, -0.11416331885827447, -0.15684571694284818, -0.20412414523192385], [-0.2656405851586702, 0.25996789438585644, -0.010532726860558613, -0.2639096521479435, 0.22354913698582324, 0.06538707882825096, -0.2801634104373213, 0.180143790528468, -0.12218684395634578, -0.28652548565505526, 0.12771445038439996, 0.17505058236656668, -0.2799318934271237, 0.06847457017169023, 0.22024304525925925, -0.25961696051608985, 0.005123624789249174, 0.2550569749606676, -0.22605023258800594, -0.05895481845177095, 0.2759108678856064, -0.1761120183919539, -0.12448755829094978, -0.20412414523192404], [0.28764058738458936, -0.20450891871912735, 0.13300803446948936, 0.28668928659501547, -0.05295953288667813, -0.2511326187408986, 0.212935285336791, 0.11503690950320135, 0.285562593833902, 0.06615286679640515, 0.24334030263779274, -0.21998580767579082, -0.10412776418563516, 0.28559137218276764, -0.07616056191783283, -0.237342000941572, 0.22563507258327162, 0.09517576631072885, -0.28528890411514246, 0.08433636251180383, 0.23145740659317204, -0.2262364748016799, -0.09026965814678611, -0.20412414523192632], [-0.30283980206785216, 0.13065054028901202, -0.23044420058314713, -0.21881893780902223, -0.14260217971924527, 0.2729342902294968, 0.03645224157934489, -0.286279405800397, -0.07388007695749454, 0.25743820130517375, -0.1726708828492693, -0.1909175908223017, 0.24571022925942973, 0.09666459892703172, -0.282546306589138, 0.011516042629389461, 0.2779265302477885, -0.1175727346799969, -0.2327920371660039, 0.20626724886911094, 0.1536618793614133, -0.2614629483249217, -0.054705424656529784, -0.2041241452319261], [0.31060094032988966, -0.044917127976154325, 0.2843117778972209, 0.0815722612254442, 0.27072262860113766, -0.11633868565744068, -0.2546047106787294, 0.14896453048751784, -0.2348695942780456, -0.17900514710353196, -0.211535714275719, 0.20603443467572471, 0.18487648097770454, -0.22959757511198992, -0.15528929341901948, 0.2493789183967981, 0.12322139368856751, -0.26486116268554644, -0.08922639299458109, 0.2760304559081686, 0.053793107185752025, -0.27963272257482225, -0.018326113303228572, -0.20412414523192715], [-0.3106009403298759, -0.04491712797626772, -0.28431177789721296, 0.08157226122549759, -0.2707226286011192, -0.11633868565750674, 0.25460471067872525, 0.1489645304875202, 0.23486959427803472, -0.1790051471035468, 0.21153571427570955, 0.206034434675732, -0.18487648097769047, -0.22959757511199494, 0.1552892934190033, 0.2493789183968064, -0.12322139368856234, -0.26486116268554644, 0.08922639299455655, 0.2760304559081698, -0.05379310718573473, -0.27963272257482297, 0.01832611330320999, -0.20412414523193229], [0.3028398020678086, 0.13065054028912004, 0.2304442005831213, -0.21881893780906295, 0.1426021797191928, 0.2729342902295183, -0.036452241579330004, -0.28627940580039, 0.07388007695751775, 0.25743820130515566, 0.17267088284928508, -0.1909175908222854, -0.2457102292594438, 0.09666459892701575, 0.2825463065891437, 0.011516042629412901, -0.2779265302477893, -0.11757273468000248, 0.2327920371659935, 0.20626724886911918, -0.15366187936140283, -0.26146294832492645, 0.05470542465651241, -0.2041241452319333], [-0.28764058738451953, -0.20450891871922025, -0.13300803446945206, 0.2866892865950336, 0.05295953288674248, -0.2511326187408656, -0.21293528533681164, 0.11503690950319449, -0.28556259383391414, 0.06615286679642698, -0.24334030263779105, -0.21998580767579626, 0.1041277641856185, 0.2855913721827628, 0.07616056191785427, -0.23734200094155264, -0.22563507258327778, 0.09517576631071664, 0.2852889041151469, 0.08433636251181753, -0.2314574065931678, -0.2262364748016859, 0.09026965814677138, -0.20412414523193442], [0.26564058515857997, 0.25996789438592693, 0.010532726860524286, -0.26390965214793854, -0.22354913698586382, 0.0653870788281913, 0.2801634104373283, 0.18014379052846444, 0.12218684395632964, -0.28652548565504726, -0.12771445038441936, 0.17505058236655063, 0.27993189342713587, 0.0684745701717033, -0.22024304525925156, -0.259616960516095, -0.005123624789253808, 0.2550569749606561, 0.22605023258802145, -0.058954818451752385, -0.27591086788560487, -0.17611201839196128, 0.12448755829093675, -0.20412414523193756], [-0.23777126832248122, -0.2924373899246247, 0.11393279513873743, 0.15807029264132516, 0.2889928827203444, 0.16299901504654943, -0.10806491781256518, -0.2815915847970287, 0.2015578448957546, 0.060065853102489034, 0.26718291509814573, 0.23252959856875147, -0.012599918735676346, -0.2461316034898517, -0.2562614650977939, -0.0337231071360523, 0.21935134144665855, 0.27288713701258477, 0.07809036642496121, -0.1872655903430257, -0.2804185492716309, -0.11416331885828115, 0.1568457169428352, -0.20412414523193823], [0.2052356328014252, 0.29976761891893877, -0.21745783274541108, -0.002819615833657543, -0.2191481554819459, -0.28565120218755363, -0.1561668345675518, 0.0807563156768044, -0.2613608106565793, 0.2600779070798321, 0.07755264742118166, -0.15897852675618784, -0.28413447329761876, -0.21014666676345925, 0.011234890711729015, 0.22465847016902024, 0.280043344184308, 0.13833007855268184, -0.10066332297701626, -0.26778823678297803, -0.2439708202772517, -0.04419361980966276, 0.18685497911558885, -0.20412414523193934], [-0.16947350784869966, -0.2824927567074961, 0.28182275790607536, -0.1533794308882767, 0.04748325553637497, 0.22399497864915494, 0.2880499389623638, 0.2066567927724667, -0.02042317319242627, -0.17603827852557216, -0.2821550953151463, -0.24320714430380588, -0.0789785834314992, 0.12597540278761402, 0.2657159007598156, 0.2677682681804549, 0.1308879165614166, -0.07385014462755232, -0.2397072122089438, -0.27945059833008257, -0.17130355766424213, 0.02949282277796191, 0.21405600398708757, -0.20412414523194058], [0.13214123812852008, 0.2438507657346885, -0.2972397815568, 0.2633782061131618, 0.14612708333207303, -0.018996538415402244, -0.1772577704187234, -0.2742846339270121, 0.2758780381730766, -0.18085958501483948, -0.022184602975914406, 0.14429266978348154, 0.25948959154245343, 0.28222628098596547, 0.2041428052615804, 0.05300342792842149, -0.11702408350648283, -0.2445877581824019, -0.28325511801656944, -0.21821877399701162, -0.07225299507990224, 0.10234707213466783, 0.23802350487605337, -0.20412414523194045], [-0.09507874322393352, -0.18950889800881882, 0.26434637370429315, -0.2968706598949458, -0.2746566011143208, -0.1982759416230052, -0.0812768396272384, 0.05273749982210883, -0.1753708534245676, 0.25989832151659586, 0.28745843671077465, 0.251556078421788, 0.15978837877674198, 0.03238180673707278, -0.10221042309833223, -0.21362088002825072, -0.2764513628796046, -0.2760364630364835, -0.21195571754432438, -0.09818648904560855, 0.03959173105350312, 0.16984155505025125, 0.2583683050342043, -0.2041241452319409], [0.060358248492132845, 0.12723671781770501, -0.19442470058117128, 0.25075413635433236, 0.2868270062713094, 0.29595915229775693, 0.2749515951330277, 0.22451147422990564, -0.14921453496851422, 0.05699374902258758, -0.041808097176848504, -0.13569871663318497, -0.21347459043896763, -0.2656318781211624, -0.2856059709840459, -0.2706315432240648, -0.22218034247768767, -0.14581795792996985, -0.05065014713025837, 0.05180866298175029, 0.14874033933633596, 0.22772378396519155, 0.2747353454802925, -0.2041241452319419], [-0.030331746203612054, -0.0663717646936627, 0.10748614228682409, -0.15044102311192376, -0.19216883751299862, -0.229779858015213, -0.26064449599513173, -0.28250021824206634, 0.293561716985339, -0.2926129150036256, -0.2790795222735504, -0.253064282921473, -0.21535651925829066, -0.16739407834298126, -0.11120696581778017, -0.049307187670055846, 0.015414306495643246, 0.07985658934217897, 0.14080850275980214, 0.19516734281473963, 0.23987139947269126, 0.27222650898299194, 0.2867927724689823, -0.20412414523194267], [0.008400242001845762, 0.018763318883682656, -0.03134999335580655, 0.04577513675646942, 0.06172132050561184, 0.07890032958835551, 0.097034294378165, 0.11584852974603252, -0.13506722988052072, 0.15441451247953772, 0.17361306642940944, 0.19238870529643803, 0.2104683705842347, 0.22758777003730826, 0.24348567347470468, 0.2579165522119695, 0.27063492846694964, 0.2814196749631232, 0.290027816456881, 0.2962544338648879, 0.2997395207154213, 0.3001693598502335, 0.29419618867395214, -0.20412414523194278]]

