[phonon]
partialpos = [0.0e+00 5.0e-06 1.0e-05 1.5e-05 2.0e-05 2.5e-05 3.0e-05 3.5e-05 4.0e-05
	 4.5e-05 5.0e-05 5.5e-05 6.0e-05 6.5e-05 7.0e-05 7.5e-05]
z_freqcal = [2018310.1327815426, 2022450.586642897, 2028555.4277101525, 2036507.1700586071, 2046160.637340261, 2057340.1379069898, 2069837.269511122, 2083408.0337049023, 2097768.270097338, 2112586.535692742, 2127472.0487344847, 2141955.233859032, 2155450.789794679, 2167190.366585022, 2176037.138888915, 2180000.0]
z_modes = [[-0.018696151278584, -0.04167830189742045, 0.06932474240242316, -0.10045838254186867, 0.13397020789385822, 0.1687657781369111, -0.20374159378415002, 0.23780381647882345, 0.26986272053080285, -0.298882336688915, 0.3238389705703065, 0.34382028201220766, -0.35778077228545513, 0.36482249384925797, -0.36011280533725604, -0.2500000000000148], [0.06665573224436327, 0.14187228027478505, -0.21976029986890763, 0.28850846440686995, -0.33765629448285267, -0.359067224620966, 0.34782976376399777, -0.30284476499116336, -0.2270542657879705, 0.12714496036869574, -0.01293507026297383, 0.10378105073498799, -0.21020675485388826, 0.29420154849499724, -0.3411118156192353, -0.2500000000000147], [-0.12964593078650477, -0.25318447534774585, 0.3406097885527027, -0.35975759809251195, 0.29769642022787524, 0.16443500748601664, 0.00939319508129751, -0.18047112681376803, -0.30446918457497923, 0.3481643653194193, -0.2989336785835187, -0.1685650924815205, -0.008949164464528918, 0.18636195179182038, -0.3103588209643981, -0.250000000000016], [0.19743851444134236, 0.3368624301549954, -0.35219164624793164, 0.2189928722408105, 0.011244613052435098, 0.23515749901858926, -0.34774215889242255, 0.29460327130433567, 0.10021225985609122, 0.1421437645094533, -0.31478364784850954, -0.33253407752243924, 0.18528954168466155, 0.05649713043402548, -0.26919244175591006, -0.25000000000001465], [-0.2621786458160845, -0.36626311367416564, 0.23280969150141595, 0.061446328541442385, -0.3080003553891043, -0.3250553318975034, 0.09895415017200589, 0.20109025657724736, 0.3485454237302981, -0.23137753496487962, -0.061579639359109505, -0.3064363165603112, 0.31483144329081175, -0.07770868929349757, -0.21911426332729844, -0.25000000000001205], [0.31712282858669066, 0.32866105992549444, -0.021858602177987106, -0.3007524238947795, 0.3030297565372036, -0.017192310497320465, 0.31771398417870866, -0.2760027260440356, 0.06295427837801178, -0.3334270608486594, 0.2429802728470551, -0.11004626413712498, 0.3420416039849936, -0.19817422064785142, -0.16183630925948675, -0.2500000000000104], [-0.3569174348434875, -0.22755692692964744, -0.19773974081796694, 0.337489062236187, 0.0014078356173881706, 0.33615925878374725, -0.18994300613802498, -0.22732394960058872, -0.3181450445471757, -0.04725841694012089, 0.3442132327859922, 0.14675809724732447, 0.2605308297742694, -0.28873596151137126, -0.09926368805519961, -0.25000000000000494], [0.3777867743899533, 0.08128704749371733, 0.336253402812098, -0.14546832289614753, -0.3042981695407526, -0.20320267640947648, -0.2639669147022972, 0.2531452230891506, -0.21497224968498124, 0.2934922592450094, 0.15873468855783313, 0.32322232070688933, 0.09698519263380329, -0.337264253117391, -0.033451413626525546, -0.25000000000000083], [-0.3777867743899591, 0.08128704749366561, -0.33625340281210714, -0.14546832289614492, 0.3042981695407616, -0.20320267640947065, 0.2639669147022987, 0.25314522308914483, 0.2149722496849897, 0.2934922592450013, -0.15873468855784667, 0.3232223207068826, -0.09698519263381651, -0.33726425311738717, 0.03345141362654276, -0.24999999999999817], [0.3569174348435018, -0.22755692692960441, 0.1977397408179882, 0.337489062236188, -0.0014078356174021737, 0.33615925878374564, 0.18994300613802673, -0.22732394960059016, 0.31814504454717385, -0.047258416940133476, -0.3442132327859975, 0.1467580972473135, -0.26053082977428094, -0.28873596151136466, 0.09926368805521589, -0.24999999999999253], [-0.3171228285867137, 0.3286610599254705, 0.02185860217796207, -0.30075242389478757, -0.3030297565372008, -0.017192310497327164, -0.31771398417871455, -0.27600272604403253, -0.06295427837801977, -0.3334270608486606, -0.24298027284704837, -0.11004626413713132, -0.3420416039849969, -0.1981742206478423, 0.16183630925950218, -0.24999999999998967], [0.26217864581611394, -0.36626311367415976, -0.23280969150139194, 0.061446328541451, 0.30800035538910964, -0.325055331897495, -0.09895415017200859, 0.20109025657724766, -0.3485454237303017, -0.2313775349648726, 0.06157963935912036, -0.3064363165603142, -0.31483144329081414, -0.07770868929349214, 0.2191142633273124, -0.24999999999998748], [-0.19743851444137317, 0.3368624301550035, 0.3521916462479132, 0.21899287224080285, -0.011244613052443564, 0.23515749901858665, 0.34774215889242643, 0.29460327130433395, -0.10021225985608943, 0.1421437645094579, 0.3147836478485139, -0.3325340775224352, -0.18528954168466097, 0.056497130434027, 0.269192441755923, -0.24999999999998584], [0.12964593078653, -0.25318447534775695, -0.34060978855268953, -0.35975759809251084, -0.2976964202278771, 0.16443500748601445, -0.009393195081294424, -0.18047112681376665, 0.30446918457498406, 0.3481643653194191, 0.29893367858351766, -0.16856509248151627, 0.008949164464530777, 0.1863619517918198, 0.31035882096441325, -0.2499999999999859], [-0.0666557322443758, 0.14187228027479187, 0.21976029986890175, 0.28850846440687156, 0.3376562944828556, -0.35906722462095614, -0.3478297637640008, -0.3028447649911627, 0.22705426578797372, 0.1271449603686964, 0.012935070262975135, 0.10378105073498495, 0.2102067548538895, 0.2942015484949957, 0.341111815619255, -0.24999999999998548], [0.018696151278588796, -0.04167830189742332, -0.06932474240242094, -0.10045838254186769, -0.1339702078938577, 0.16876577813690477, 0.20374159378415047, 0.23780381647882323, -0.2698627205308077, -0.2988823366889153, -0.3238389705703062, 0.3438202820122013, 0.357780772285458, 0.3648224938492566, 0.3601128053372766, -0.24999999999998582]]

