[shined]
shined = [0, 1]

[amplitude]
pulse_type = AM
shape = rectangular
mu = 2097622.920980206
delta_t = 1.4999999999999999e-05
segnum = 45
amp_list0 = [0.09716589305759114, -0.3277637152995284, 0.4711439878763988, -0.18627938177252262, -0.3229440713878884, 0.3986293007376786, 0.05826441878112712, -0.3002928436148563, 0.006606143043337961, 0.12383057298833851, 0.28820875196045836, -0.49817517978810827, 0.017868915987359343, 0.4223516368230479, -0.16306699807418132, -0.3440327412061097, 0.4985693033632273, -0.36689995941417264, 0.10941695677560373, 0.2237562073801319, -0.2618787139536311, -0.17631534953273742, 0.4953528636256488, -0.17775498805092765, -0.2622124130257485, 0.2252619547187092, 0.11010953389027185, -0.36882825554301124, 0.4983676122432117, -0.34327786149729234, -0.1610534877840696, 0.4208774812817483, 0.012910086127431534, -0.48909258111344794, 0.28331330337945837, 0.1223898276856197, 0.008660756645249464, -0.2993386013413352, 0.05686721123595446, 0.39794292636474354, -0.32173158310749045, -0.18586161860553208, 0.46961496070599545, -0.32667064973119236, 0.09687007810201032]
amp_list1 = [0.09716589305759114, -0.3277637152995284, 0.4711439878763988, -0.18627938177252262, -0.3229440713878884, 0.3986293007376786, 0.05826441878112712, -0.3002928436148563, 0.006606143043337961, 0.12383057298833851, 0.28820875196045836, -0.49817517978810827, 0.017868915987359343, 0.4223516368230479, -0.16306699807418132, -0.3440327412061097, 0.4985693033632273, -0.36689995941417264, 0.10941695677560373, 0.2237562073801319, -0.2618787139536311, -0.17631534953273742, 0.4953528636256488, -0.17775498805092765, -0.2622124130257485, 0.2252619547187092, 0.11010953389027185, -0.36882825554301124, 0.4983676122432117, -0.34327786149729234, -0.1610534877840696, 0.4208774812817483, 0.012910086127431534, -0.48909258111344794, 0.28331330337945837, 0.1223898276856197, 0.008660756645249464, -0.2993386013413352, 0.05686721123595446, 0.39794292636474354, -0.32173158310749045, -0.18586161860553208, 0.46961496070599545, -0.32667064973119236, 0.09687007810201032]

