[shined]
shined = [1, 2]

[amplitude]
pulse_type = AM
shape = rectangular
mu = 2116870.9727079733
delta_t = 1.4999999999999999e-05
segnum = 16
amp_list0 = [-0.284687605353056, 0.13588061874313762, 0.4145494367617923, -0.4635939731341213, -0.3185943022385847, 0.4841685876258327, 0.1795984949485492, -0.38448035173911216, -0.3763841042684285, 0.19443733033160587, 0.4718159467899493, -0.3302949961253605, -0.4501183421840435, 0.4225242045533401, 0.11898941068514901, -0.277502759261525]
amp_list1 = [-0.284687605353056, 0.13588061874313762, 0.4145494367617923, -0.4635939731341213, -0.3185943022385847, 0.4841685876258327, 0.1795984949485492, -0.38448035173911216, -0.3763841042684285, 0.19443733033160587, 0.4718159467899493, -0.3302949961253605, -0.4501183421840435, 0.4225242045533401, 0.11898941068514901, -0.277502759261525]

