[shined]
shined = [0, 1]

[amplitude]
pulse_type = AM
shape = rectangular
mu = 2097622.920980206
delta_t = 1.4999999999999999e-05
segnum = 38
amp_list0 = [0.07027042742748518, -0.2798468327713008, 0.41622814101557143, -0.14513615152832735, -0.278239789503358, 0.19244170260990365, 0.24020084916090637, -0.17972135951283422, -0.24493935606280373, 0.14086132152738845, 0.2639340687890299, -0.08272735881791177, -0.27937790461691164, 0.010208272958134222, 0.2793491198095064, 0.06933786083589046, -0.25731352575986455, -0.14663051919492137, 0.21201465053568966, 0.21247565654410405, -0.14608352351876544, -0.25760209604132767, 0.06875044121158826, 0.2793920093677326, 0.010847790569074417, -0.27917238280337847, -0.08344835644635036, 0.2635542224731405, 0.14166454093341166, -0.2444693790648343, -0.1806135836779376, 0.23969274796826018, 0.19359655366330755, -0.2779618008315221, -0.14693634614442058, 0.41795174710018806, -0.2806143038921719, 0.07041271139235]
amp_list1 = [0.07027042742748518, -0.2798468327713008, 0.41622814101557143, -0.14513615152832735, -0.278239789503358, 0.19244170260990365, 0.24020084916090637, -0.17972135951283422, -0.24493935606280373, 0.14086132152738845, 0.2639340687890299, -0.08272735881791177, -0.27937790461691164, 0.010208272958134222, 0.2793491198095064, 0.06933786083589046, -0.25731352575986455, -0.14663051919492137, 0.21201465053568966, 0.21247565654410405, -0.14608352351876544, -0.25760209604132767, 0.06875044121158826, 0.2793920093677326, 0.010847790569074417, -0.27917238280337847, -0.08344835644635036, 0.2635542224731405, 0.14166454093341166, -0.2444693790648343, -0.1806135836779376, 0.23969274796826018, 0.19359655366330755, -0.2779618008315221, -0.14693634614442058, 0.41795174710018806, -0.2806143038921719, 0.07041271139235]

