[phonon]
partialpos = [0.0e+00 5.0e-06 1.0e-05 1.5e-05 2.0e-05 2.5e-05 3.0e-05 3.5e-05 4.0e-05
	 4.5e-05 5.0e-05 5.5e-05]
z_freqcal = [2019972.691270464, 2027165.388769255, 2037628.6604251752, 2051019.1604591995, 2066904.4021691422, 2084750.9852836353, 2103907.7129561338, 2123576.3160496796, 2142752.4099229146, 2160111.070632411, 2173686.253824462, 2179999.9999999995]
z_modes = [[0.03285194556478293, 0.07289616248155634, -0.12021157295134192, 0.17191111126582984, -0.22509780600822124, -0.2768877443425728, -0.3244013610628858, -0.36495011428558183, 0.39581520334882536, 0.4146612799638971, -0.4146022031657988, -0.288675134594814], [-0.1150817973462289, -0.23513317383505922, 0.34057631907913355, -0.404029446778839, 0.4066199361478923, 0.34168146592528525, 0.21644224581234195, 0.0507980126859844, 0.1258966236897196, 0.28073582086154264, -0.3777922348333731, -0.28867513459481453], [0.21679923458022174, 0.37774735282598676, -0.41130324122624057, 0.28328645717400847, -0.037400748352845015, 0.22323877913759071, 0.3832423051162111, 0.3687798132054245, -0.18407481036648135, 0.08881601287363669, -0.3188584629935504, -0.28867513459480976], [-0.31464871401984257, -0.4187079477224391, 0.22587250255442248, 0.13568051786968502, -0.38598778198773515, -0.3243405025283715, 0.00032077748366258173, 0.32295556920438173, -0.37763161509469445, -0.11594851008477584, -0.24163090012333902, -0.2886751345948061], [0.3908346632117491, 0.32603643189065945, 0.11080456171675757, -0.40252798293038544, 0.1924252675810848, -0.2565235403030954, -0.38165485933431975, -0.02654559467755129, -0.35997358869140567, -0.2860579301090183, -0.15067088412295013, -0.28867513459481015], [-0.43234184885966775, -0.12283882564070187, -0.3702574159424875, 0.2156793433997091, 0.31077055496388595, 0.29283154211115525, -0.23533234411311235, -0.3510376861326467, -0.1463222739558183, -0.38220667350530346, -0.05118704709458802, -0.2886751345948099], [0.4323418488596782, -0.12283882564071556, 0.37025741594246714, 0.21567934339969747, -0.3107705549638908, 0.2928315421111604, 0.23533234411311366, -0.3510376861326497, 0.1463222739558068, -0.38220667350530324, 0.05118704709458773, -0.28867513459481237], [-0.3908346632117789, 0.3260364318906619, -0.11080456171671065, -0.40252798293038, -0.19242526758107786, -0.256523540303087, 0.3816548593343187, -0.026545594677555844, 0.3599735886914014, -0.2860579301090138, 0.15067088412295138, -0.28867513459481353], [0.31464871401986005, -0.4187079477224058, -0.2258725025544653, 0.13568051786967522, 0.3859877819877243, -0.32434050252837615, -0.0003207774836551473, 0.3229555692043717, 0.3776316150947008, -0.11594851008477625, 0.24163090012333907, -0.2886751345948147], [-0.21679923458022307, 0.37774735282593097, 0.4113032412262652, 0.2832864571740288, 0.03740074835284422, 0.22323877913759485, -0.38324230511621954, 0.36877981320542047, 0.1840748103664848, 0.0888160128736413, 0.3188584629935475, -0.2886751345948158], [0.11508179734622737, -0.23513317383502005, -0.3405763190791486, -0.40402944677886293, -0.4066199361478837, 0.3416814659252827, -0.216442245812343, 0.05079801268598309, -0.12589662368972176, 0.2807358208615475, 0.3777922348333637, -0.2886751345948167], [-0.03285194556478192, 0.07289616248154335, 0.12021157295134645, 0.1719111112658397, 0.2250978060082159, -0.27688774434257135, 0.32440136106288786, -0.3649501142855741, -0.3958152033488324, 0.4146612799639044, 0.41460220316578916, -0.28867513459481675]]

