[shined]
shined = [0, 4]

[amplitude]
pulse_type = AM
shape = rectangular
mu = 2111322.6706592506
delta_t = 1.4999999999999999e-05
segnum = 38
amp_list0 = [0.2096303834033171, 0.24693401173280724, 0.18944070037851793, 0.2278304575856874, 0.28450109745207586, 0.2369208583068369, 0.20495436168639353, 0.18692340244595756, 0.10787220931037977, -0.022255153319027204, -0.13213656537198698, -0.2174492000319869, -0.269184631462362, -0.26811631122895624, -0.21423655046542256, -0.1457375400723592, -0.11321875216648318, -0.12919772254333448, -0.15751593513093395, -0.15715025519584797, -0.12871478522446453, -0.11332707807378321, -0.14594600262637694, -0.21414786583155548, -0.26846702677424716, -0.26969719890645916, -0.21707879176103917, -0.13117156163591387, -0.022640274832275927, 0.1072084565615231, 0.1884739730571563, 0.20470654601379146, 0.23604682817205264, 0.2844590236020077, 0.2286083595320402, 0.18936342149195456, 0.24710799528854996, 0.2089894911699929]
amp_list1 = [0.2096303834033171, 0.24693401173280724, 0.18944070037851793, 0.2278304575856874, 0.28450109745207586, 0.2369208583068369, 0.20495436168639353, 0.18692340244595756, 0.10787220931037977, -0.022255153319027204, -0.13213656537198698, -0.2174492000319869, -0.269184631462362, -0.26811631122895624, -0.21423655046542256, -0.1457375400723592, -0.11321875216648318, -0.12919772254333448, -0.15751593513093395, -0.15715025519584797, -0.12871478522446453, -0.11332707807378321, -0.14594600262637694, -0.21414786583155548, -0.26846702677424716, -0.26969719890645916, -0.21707879176103917, -0.13117156163591387, -0.022640274832275927, 0.1072084565615231, 0.1884739730571563, 0.20470654601379146, 0.23604682817205264, 0.2844590236020077, 0.2286083595320402, 0.18936342149195456, 0.24710799528854996, 0.2089894911699929]

