[phonon]
partialpos = [0.0e+00 5.0e-06 1.0e-05 1.5e-05 2.0e-05 2.5e-05 3.0e-05 3.5e-05 4.0e-05
	 4.5e-05]
z_freqcal = [nan, nan, nan, nan, nan, nan, nan, nan, 104149.96583299235, 217999.99999999997]
z_modes = [[-0.046819865732040875, 0.10330985234828519, -0.1687056402940452, 0.23776560324522128, -0.305146875210059, 0.365663777781495, 0.4141723304841321, -0.4461889666271183, 0.45243007450510075, -0.31622776601683733], [0.16116683117678637, -0.3155896291910699, 0.425188034294757, -0.44825846709583306, 0.36747022079785435, -0.1951550509434172, 0.028798419968161165, -0.24775398829324327, 0.39670729241483427, -0.31622776601683694], [-0.29400233356418953, 0.4528353432576296, -0.3753508533904654, 0.0829243269406435, 0.2563567880352598, -0.43328657820927496, -0.33429891348008334, 0.018067900871005238, 0.30854464570324425, -0.3162277660168374], [0.40603910757819156, -0.39932699211598377, -0.012507979235166465, 0.4010664609786144, -0.34147481336113605, -0.09876444629480628, -0.42441105421166353, 0.2644413571924311, 0.19556585201787316, -0.3162277660168377], [-0.46960411377794714, 0.1587714257011444, 0.38692225283645987, -0.2734979240686481, -0.2992109129770133, 0.3615422976660035, -0.1890804727560749, 0.4114336968569262, 0.06696678998268225, -0.3162277660168388], [0.4696041137779519, 0.15877142570112296, -0.38692225283646103, -0.2734979240686448, 0.29921091297701496, 0.3615422976660034, 0.18908047275607925, 0.41143369685692605, -0.06696678998268202, -0.3162277660168382], [-0.40603910757820383, -0.39932699211597206, 0.012507979235169876, 0.40106646097861676, 0.3414748133611325, -0.09876444629480859, 0.42441105421166264, 0.264441357192429, -0.1955658520178731, -0.31622776601683844], [0.2940023335642031, 0.4528353432576269, 0.3753508533904619, 0.0829243269406436, -0.2563567880352565, -0.43328657820927646, 0.3342989134800802, 0.018067900871003, -0.30854464570324364, -0.3162277660168384], [-0.1611668311767934, -0.3155896291910685, -0.4251880342947533, -0.4482584670958351, -0.3674702207978527, -0.19515505094341878, -0.02879841996816198, -0.24775398829324383, -0.3967072924148329, -0.3162277660168383], [0.046819865732043164, 0.1033098523482841, 0.16870564029404253, 0.23776560324522153, 0.30514687521005757, 0.3656637777814992, -0.4141723304841324, -0.44618896662711804, -0.45243007450509853, -0.31622776601683805]]

