[phonon]
partialpos = [0.00e+00 5.00e-06 1.00e-05 1.50e-05 2.00e-05 2.50e-05 3.00e-05 3.50e-05
	 4.00e-05 4.50e-05 5.00e-05 5.50e-05 6.00e-05 6.50e-05 7.00e-05 7.50e-05
	 8.00e-05 8.50e-05 9.00e-05 9.50e-05 1.00e-04 1.05e-04 1.10e-04 1.15e-04
	 1.20e-04 1.25e-04 1.30e-04 1.35e-04 1.40e-04]
z_freqcal = [2016790.0899983451, 2018080.7901140482, 2020009.1057706405, 2022562.3098198215, 2025725.3267610618, 2029480.2836153014, 2033806.363787547, 2038679.7234057612, 2044073.4221694553, 2049957.349908131, 2056298.1387334997, 2063059.0494920504, 2070199.824760328, 2077676.4927621337, 2085441.1127709972, 2093441.4347017389, 2101620.4589312845, 2109915.8430802436, 2118259.1313324096, 2126574.6913685068, 2134778.306818574, 2142775.1439101305, 2150456.9501943467, 2157697.6548163886, 2164346.8361288104, 2170217.6774864835, 2175066.1377120004, 2178533.2179976124, 2179999.9999999995]
z_modes = [[0.0057755868778211926, -0.012901777909326026, -0.02156940262795648, 0.0315353901434033, -0.04261119531533821, 0.054634197914828084, -0.06745389113487975, 0.08092478083235748, 0.09490333352751094, -0.10924590793999729, 0.1238087444312014, -0.13844719402343195, 0.15301705802139023, -0.16737391665743012, 0.18137546824098463, -0.19488020657022936, 0.20775096096381668, 0.21985195801578353, 0.2310543689015412, -0.24122983019230854, 0.2502601233287799, -0.2580221267622214, 0.2644076710707346, -0.26928237914455727, 0.2725367776714861, 0.27391824220177313, 0.2732067912953766, -0.2675152244087794, -0.18569533817704562], [-0.020922019397528916, 0.046082588491558954, 0.07541593140705127, -0.1071356818803099, 0.13957711422357943, -0.17114989716551002, 0.2003418960118369, -0.22574803770430688, -0.24610803563819483, 0.26034710065972627, -0.267612768751678, 0.2673077891418834, -0.2591130623415757, 0.24300401705323257, -0.2192531909867559, 0.18842659527851358, -0.15136357454297633, -0.1091541463342043, -0.06309712237325169, 0.014664190573670662, 0.034560619215368654, -0.08291788141602772, 0.1287500588770322, -0.1704114517154208, 0.2063728386761795, 0.2350861463823875, 0.2551922029914839, -0.26276163248544, -0.18569533817704495], [0.04187442463159697, -0.08991672679273828, -0.14150654759626088, 0.19044337754883897, -0.23110977825035914, 0.25876049851969934, -0.2698504216285728, 0.2623167742990604, 0.23576238882063888, -0.19150699433759769, 0.13249607348308284, -0.06306635157425487, -0.011410815120942056, 0.08498512474756623, -0.1516362405223641, 0.20580164552461716, -0.242864722715846, -0.259576209700119, -0.2543496834681612, 0.22743327187090184, -0.1809022583799298, 0.11852803199475093, -0.04545579720654662, -0.0321578766932885, 0.10770215731220677, 0.17444313041464385, 0.22622372855993794, -0.25501177082776555, -0.18569533817704545], [-0.06652265278679474, 0.1375490796694715, 0.20389928425380394, -0.251667256802762, 0.27038349433481723, -0.25444284586874577, 0.20394798970087008, -0.12473628205814315, -0.027522785163637733, -0.07373690348648003, 0.16402676463814453, -0.22965283157686098, 0.260455672777672, -0.2514899525678956, 0.20390270912578828, -0.12484814372685525, 0.0264540559282556, -0.07602545215561253, -0.1665608554739184, 0.2308673997958422, -0.25864911533856033, 0.24527629242133125, -0.19253208048813372, 0.10845442747078493, -0.006072759810948659, 0.09833020928725644, 0.18786193594595174, -0.2444595125043917, -0.18569533817704462], [0.09350016933126652, -0.1836894843127796, -0.2501881825984633, 0.27049216966885814, -0.23444389060887535, 0.14665816423895087, -0.025467261041491593, -0.10153083456107122, -0.2043128434625617, 0.25799433990085335, -0.24921919906697373, 0.17974530909107697, -0.06627177251482187, -0.06349556547527314, 0.17760697967944913, -0.24777784759660035, 0.2564792578831699, 0.20139517244334934, 0.09612594781422366, 0.0331112141827225, -0.15393645494067174, 0.2358979157963477, -0.25807083630157074, 0.21443685133845766, -0.1154243998343944, 0.014276547413579744, 0.14190345721466355, -0.23127656638140404, -0.1856953381770454], [-0.12163028264951539, 0.22367720404933736, 0.2710650448229656, -0.23765641711059093, 0.12804008699678351, 0.0239807095437351, -0.1674024480657121, 0.2524569205532969, 0.24889535563312817, -0.15744478120107336, 0.010148398502188283, 0.14070389087487623, -0.24116561403392187, 0.25506885869628454, -0.1772201453934724, 0.03549762611268113, 0.11903973884730318, 0.23051388761287173, 0.25847860756576474, -0.19266534655337214, 0.056884205325673044, 0.09948980109069114, -0.21929438504407303, 0.25841455641953626, -0.20181937507307626, -0.0695648416835956, 0.0903932633037774, -0.21563756079204935, -0.18569533817704395], [0.14987082403195529, -0.25362629467287806, -0.2613394161514967, 0.1567673742601263, 0.018222906956052703, -0.18386359902957136, 0.2617406396380489, -0.21399823659789474, -0.06303978008902425, -0.11835360707042374, 0.24201259740892345, -0.24745268433880283, 0.13179250734906323, 0.04844902050543553, -0.20482562516468864, 0.2603812457822353, -0.1876358064481995, -0.022341426151050534, 0.15397363053289181, -0.2541518642372787, 0.2285493549375628, -0.08973291703876218, -0.09343950289950109, 0.2297900321230741, -0.2508073054386537, -0.14514133459780817, 0.035572599149557155, -0.19772896848181806, -0.18569533817704462], [-0.17726014801299808, 0.27052468009676495, 0.2203952932399165, -0.0431654899432994, -0.1586019523529935, 0.2613929565428817, -0.20064022058653105, 0.013850168548860436, -0.18141926943144812, 0.26145146922269163, -0.17519840741736278, -0.022620649559966063, 0.2059017957434421, -0.2575050339804301, 0.14430963916212722, 0.061287343849763094, -0.22750558348045194, -0.2476431385233168, -0.10867551424373893, -0.10014118427010216, 0.24449495406044636, -0.23136307358777466, 0.06914982754571068, 0.1374564835782091, -0.25445234691551805, -0.20524875850412713, -0.020199700883234993, -0.17775234749768543, -0.1856953381770451], [0.2029222074540581, -0.2724066893895405, -0.15223851866036625, -0.07958630883142107, 0.2477439910342807, -0.22089095999881284, 0.019650996893347268, 0.19674994089086847, 0.25607606339457073, -0.11081361539412474, -0.1229896351470192, 0.2580430348689868, -0.18592946894938217, -0.035517939066133916, 0.228313554735576, -0.23731137857337467, 0.055215240180667556, -0.17129947454347394, -0.25959998614503527, 0.13841146665979315, 0.09450643995634547, -0.2510117510580637, 0.20457048594979765, 0.007303501606904064, -0.21266018294800815, -0.24421110061907822, -0.07453843697515028, -0.15592509074330696, -0.18569533817704617], [-0.22606568837335383, 0.25844238879047854, 0.06488283792442903, 0.1851499993017994, -0.25627073797537653, 0.08011714189859122, 0.17308237073630522, -0.2573480347374961, -0.09051744583535906, -0.1645369394112547, 0.2583589886402587, -0.09904534628314975, -0.1572625563242158, 0.2591217620231547, -0.1065171424566828, -0.15066469322759332, 0.2596703615251722, 0.11330406015554545, -0.14445242134679834, 0.25992903932356465, -0.11939496708066571, -0.13871432404840542, 0.2600189541658198, -0.12482007459965011, -0.1331621217065753, -0.2584189803092168, -0.12512798549944446, -0.1324798852668068, -0.18569533817704467], [0.24599734463124023, -0.2289814933094447, 0.030762996244055738, -0.2504433544856525, 0.18097237714101805, 0.0971480845333472, -0.2616117166037997, 0.12137885844385532, -0.16005920549027502, 0.2543412583725667, -0.05141138644919991, -0.21145179798541225, 0.22675406509774212, 0.023376332895482223, -0.24599374103023816, 0.18030385580145936, 0.09668194265825139, 0.26021560643613395, 0.11853872504463875, 0.16212343428927073, -0.25238844255947407, 0.046327410367079914, 0.21407031653305, -0.22279353279998454, -0.0301554544084248, -0.2466718155985097, -0.1698172034276894, -0.10766341427632911, -0.18569533817704426], [-0.26213047304231674, 0.18550834698372198, -0.12242345549192281, 0.260978376994629, -0.04627264680864993, -0.23000137086117728, 0.19236321351085567, 0.10742469808779523, 0.26003199014653583, -0.05712207176623331, -0.22367275542987106, 0.1981902626997633, 0.09856297125725971, -0.26016210203786033, 0.06530829558662846, 0.21893128149349222, -0.20298767240370527, 0.09121228026589794, 0.2602467272524796, -0.07232891537467123, -0.21467892084615445, 0.206998806170918, 0.08478667853414504, -0.259955706681643, 0.07816683628271381, -0.21028918009891215, -0.2067084702554005, -0.08173457278612795, -0.18569533817704797], [0.2739970528547532, -0.13052890488083632, 0.19815409414061663, -0.21424161284347953, -0.1036466065880778, 0.2575639903157664, -0.006963512873255943, -0.2539502263290704, -0.1151667187863515, -0.2045862512243837, 0.20199641106448957, 0.11862140157779931, -0.25217115802657397, -0.011616827164397308, 0.25695488654435794, -0.09722774390534233, -0.21566618969966897, -0.18844878602224654, 0.13587582030899778, -0.24582370252753016, -0.03189464608979384, 0.25914662330357474, -0.07743674253717898, -0.22626346201638672, 0.17277149098932973, -0.15297983299412124, -0.23423668027765424, -0.054962352591889245, -0.18569533817705336], [-0.28125545304599425, 0.06738260238411728, -0.2480027887744744, 0.12037841377842573, 0.2193924411290922, -0.16709190493511358, -0.18263725449779003, 0.20588232786951777, -0.1381795942489658, 0.23515584316752877, 0.08776246433245934, -0.25367731132504695, -0.03356474471222936, 0.2606646464783786, -0.021998423618960632, -0.2558458740956497, 0.07646264184907242, -0.23946142225169978, -0.1273513567610935, -0.21228319220411748, 0.17243081675741276, 0.1755353744665032, -0.20949394570891666, -0.13095411989137856, 0.23708144451052426, -0.08048064021935825, -0.2512346121048306, -0.027623497261717297, -0.1856953381770552], [0.28369821499160525, 6.257520460553862e-14, 0.26538565973620304, 2.3036193579862605e-14, -0.2627512078318891, -4.455853790732084e-14, 0.2617992398815267, 2.2749928861523036e-14, 0.2613130932468522, 3.3648753883153125e-14, -0.2610125804772751, -1.298222194518044e-14, 0.26081024355418586, 4.788040775437838e-15, -0.26065404780349233, 2.6062514013823464e-15, 0.26053869891026277, -6.441875350612833e-15, -0.2604137752170733, -4.4223949591638496e-15, 0.2603165833073176, 7.148121065579746e-15, -0.2600614049807326, -6.607063490084225e-15, 0.2598448013862511, -2.1936825955514183e-16, -0.25698177807453826, -9.393563292250408e-15, -0.1856953381770541], [-0.28125545304597027, -0.0673826023842387, -0.24800278877444584, -0.12037841377846756, 0.2193924411290356, 0.16709190493518175, -0.18263725449775664, -0.20588232786954297, -0.13817959424893578, -0.2351558431675537, 0.08776246433243347, 0.2536773113250495, -0.03356474471222148, -0.26066464647837595, -0.021998423618978614, 0.25584587409565046, 0.0764626418490925, 0.23946142225169653, -0.12735135676110296, 0.21228319220411596, 0.17243081675742328, -0.17553537446649625, -0.20949394570892288, 0.13095411989137049, 0.2370814445105306, 0.08048064021936037, -0.2512346121048316, 0.027623497261697834, -0.18569533817705206], [0.27399705285471776, 0.13052890488094954, 0.19815409414057045, 0.2142416128435125, -0.1036466065879879, -0.2575639903157882, -0.00696351287330015, 0.2539502263290651, -0.11516671878638193, 0.20458625122434765, 0.20199641106450822, -0.11862140157778132, -0.25217115802658, 0.011616827164389519, 0.2569548865443593, 0.09722774390533714, -0.21566618969966347, 0.18844878602225607, 0.13587582030899673, 0.2458237025275352, -0.03189464608979, -0.2591466233035761, -0.07743674253718126, 0.22626346201638226, 0.1727714909893406, 0.15297983299412096, -0.23423668027766067, 0.05496235259186594, -0.18569533817704936], [-0.26213047304226406, -0.18550834698381882, -0.12242345549186592, -0.26097837699464593, -0.04627264680873494, 0.23000137086114947, 0.192363213510878, -0.1074246980877733, 0.2600319901465381, 0.057122071766281514, -0.22367275542986212, -0.1981902626997667, 0.09856297125726061, 0.26016210203785206, 0.06530829558664024, -0.21893128149348778, -0.2029876724037143, -0.09121228026588153, 0.2602467272524788, 0.0723289153746804, -0.21467892084615128, -0.2069988061709248, 0.08478667853414272, 0.25995570668163953, 0.07816683628272497, 0.2102891800989065, -0.20670847025540887, 0.081734572786104, -0.18569533817704956], [0.24599734463117276, 0.2289814933095184, 0.03076299624399662, 0.2504433544856438, 0.1809723771410686, -0.09714808453327449, -0.26161171660378396, -0.1213788584438847, -0.16005920549024233, -0.25434125837258004, -0.05141138644923439, 0.2114517979853981, 0.22675406509775717, -0.02337633289547423, -0.24599374103024474, -0.18030385580145747, 0.09668194265824165, -0.26021560643613684, 0.11853872504464383, -0.16212343428926865, -0.25238844255948106, -0.04632741036709123, 0.21407031653305303, 0.22279353279998718, -0.030155454408413596, 0.24667181559850332, -0.16981720342770124, 0.10766341427630705, -0.18569533817705125], [-0.2260656883732745, -0.2584423887905269, 0.06488283792447896, -0.18514999930177456, -0.25627073797537864, -0.0801171418986713, 0.17308237073626756, 0.25734803473751117, -0.09051744583538807, 0.16453693941122513, 0.258358988640272, 0.09904534628315495, -0.15726255632422562, -0.2591217620231492, -0.10651714245669179, 0.15066469322759318, 0.2596703615251698, -0.11330406015555851, -0.14445242134678762, -0.25992903932356415, -0.11939496708067869, 0.1387143240483906, 0.26001895416582643, 0.12482007459966181, -0.13316212170656885, 0.2584189803092168, -0.12512798549945825, 0.13247988526678794, -0.1856953381770525], [0.20292220745397438, 0.27240668938956897, -0.1522385186604065, 0.07958630883138673, 0.24774399103424333, 0.2208909599988723, 0.01965099689338298, -0.19674994089086462, 0.2560760633945734, 0.11081361539416243, -0.12298963514699844, -0.2580430348689756, -0.18592946894939058, 0.035517939066129704, 0.2283135547355842, 0.23731137857337511, 0.05521524018067513, 0.17129947454346947, -0.2595999861450311, -0.13841146665979237, 0.09450643995633799, 0.25101175105805756, 0.204570485949807, -0.007303501606889404, -0.21266018294800867, 0.244211100619081, -0.07453843697516331, 0.1559250907432908, -0.18569533817705416], [-0.1772601480129153, -0.2705246800967784, 0.2203952932399487, 0.043165489943337326, -0.15860195235293617, -0.2613929565429042, -0.20064022058654668, -0.013850168548875393, -0.18141926943142755, -0.2614514692226965, -0.17519840741738876, 0.022620649559956685, 0.20590179574345072, 0.25750503398041813, 0.14430963916213477, -0.06128734384975956, -0.22750558348044134, 0.24764313852332398, -0.10867551424374416, 0.10014118427009824, 0.24449495406044217, 0.23136307358777392, 0.06914982754571963, -0.13745648357819282, -0.25445234691552593, 0.20524875850413585, -0.020199700883251483, 0.17775234749767382, -0.18569533817705622], [0.14987082403188215, 0.2536262946728846, -0.26133941615152156, -0.15676737426015894, 0.018222906956000318, 0.18386359902955662, 0.26174063963804517, 0.21399823659791506, -0.06303978008904594, 0.11835360707039999, 0.24201259740892822, 0.2474526843387985, 0.13179250734906803, -0.04844902050543271, -0.20482562516469607, -0.2603812457822342, -0.18763580644820113, 0.022341426151060013, 0.15397363053288365, 0.25415186423727354, 0.2285493549375623, 0.0897329170387644, -0.09343950289949694, -0.2297900321230595, -0.25080730543866436, 0.1451413345978169, 0.03557259914954288, 0.1977289684818094, -0.18569533817705747], [-0.12163028264945111, -0.22367720404933372, 0.2710650448229752, 0.23765641711060276, 0.1280400869968013, -0.02398070954370215, -0.1674024480656962, -0.25245692055330354, 0.24889535563312354, 0.1574447812010934, 0.010148398502208902, -0.14070389087486204, -0.24116561403392667, -0.2550688586962696, -0.17722014539348177, -0.035497626112684574, 0.11903973884729328, -0.23051388761287428, 0.25847860756576696, 0.1926653465533756, 0.05688420532567936, -0.09948980109068482, -0.21929438504407403, -0.2584145564195268, -0.201819375073089, 0.069564841683606, 0.0903932633037649, 0.21563756079204566, -0.18569533817706027], [0.09350016933121716, 0.18368948431277474, -0.25018818259846387, -0.2704921696688499, -0.23444389060885332, -0.1466581642389866, -0.025467261041507174, 0.10153083456106578, -0.20431284346254275, -0.25799433990085385, -0.24921919906699902, -0.1797453090910839, -0.06627177251482547, 0.06349556547527413, 0.17760697967946323, 0.24777784759660407, 0.2564792578831664, -0.20139517244335736, 0.09612594781422808, -0.03311121418272048, -0.1539364549406699, -0.23589791579634373, -0.2580708363015744, -0.21443685133845058, -0.11542439983440149, -0.014276547413572307, 0.1419034572146529, 0.231276566381402, -0.18569533817706194], [-0.06652265278676173, -0.13754907966947036, 0.2038992842538045, 0.2516672568027495, 0.27038349433477776, 0.25444284586878146, 0.20394798970088213, 0.12473628205815342, -0.027522785163641095, 0.0737369034864774, 0.16402676463815719, 0.22965283157686103, 0.2604556727776825, 0.25148995256787915, 0.2039027091257935, 0.12484814372685049, 0.026454055928252396, 0.07602545215561647, -0.166560855473919, -0.23086739979584317, -0.25864911533856205, -0.24527629242132915, -0.19253208048813694, -0.10845442747078202, -0.006072759810950643, -0.09833020928725052, 0.18786193594594297, 0.24445951250439316, -0.18569533817706327], [0.04187442463157818, 0.08991672679274038, -0.14150654759626372, -0.19044337754883076, -0.231109778250325, -0.25876049851973326, -0.2698504216285824, -0.2623167742990686, 0.23576238882061948, 0.19150699433759413, 0.13249607348308787, 0.06306635157424767, -0.01141081512095074, -0.08498512474756742, -0.151636240522373, -0.20580164552461572, -0.24286472271583867, 0.2595762097001259, -0.25434968346816167, -0.22743327187090143, -0.18090225837993046, -0.1185280319947502, -0.045455797206547646, 0.03215787669328542, 0.1077021573122088, -0.17444313041463738, 0.22622372855992806, 0.25501177082776694, -0.18569533817706363], [-0.020922019397520572, -0.0460825884915611, 0.0754159314070538, 0.10713568188030663, 0.1395771142235594, 0.1711498971655319, 0.2003418960118422, 0.22574803770431162, -0.2461080356381727, -0.26034710065972355, -0.26761276875169865, -0.26730778914188386, -0.25911306234158743, -0.2430040170532186, -0.21925319098676258, -0.18842659527850808, -0.15136357454296914, 0.1091541463342048, -0.06309712237324898, -0.014664190573666407, 0.03456061921537139, 0.0829178814160279, 0.1287500588770358, 0.17041145171541383, 0.2063728386761864, -0.23508614638238143, 0.2551922029914739, 0.2627616324854418, -0.18569533817706327], [0.005775586877818915, 0.012901777909326726, -0.021569402627957462, -0.031535390143403265, -0.04261119531533358, -0.054634197914836306, -0.06745389113488141, -0.08092478083235782, 0.09490333352750228, 0.10924590793999843, 0.1238087444312144, 0.13844719402343522, 0.15301705802139995, 0.1673739166574226, 0.18137546824099182, 0.19488020657022453, 0.2077509609638055, -0.2198519580157851, 0.2310543689015404, 0.24122983019230984, 0.25026012332878056, 0.2580221267622176, 0.2644076710707402, 0.2692823791445475, 0.27253677767149687, -0.27391824220176836, 0.2732067912953677, 0.26751522440878206, -0.18569533817706443]]

