[shined]
shined = [2, 7]

[amplitude]
pulse_type = AM
shape = rectangular
mu = 2085419.1948859717
delta_t = 1.4999999999999999e-05
segnum = 38
amp_list0 = [0.2629402339077734, -0.6515228028889078, 0.5161935127141214, 0.33243144135810704, -0.6583274863878334, -0.13564425784237744, 0.732353074347005, -0.006097210420431763, -0.7567011880501084, 0.14060166831515847, 0.7584302010410077, -0.27282735939228653, -0.7546085054277236, 0.38213863194816694, 0.7206778351336858, -0.5004045216290396, -0.6992809431746795, 0.5783831008708455, 0.6463840925609576, -0.6463839652284781, -0.5783832277699122, 0.6992808461276936, 0.5004046713624852, -0.720677717127034, -0.3821387690068068, 0.7546084688306612, 0.2728274750522404, -0.7584301132811019, -0.14060183706797097, 0.756701186123816, 0.006097336759931206, -0.7323530992796939, 0.13564415644014693, 0.658327543712728, -0.3324313275821345, -0.5161935828023605, 0.651522798012333, -0.262940193393199]
amp_list1 = [0.2629402339077734, -0.6515228028889078, 0.5161935127141214, 0.33243144135810704, -0.6583274863878334, -0.13564425784237744, 0.732353074347005, -0.006097210420431763, -0.7567011880501084, 0.14060166831515847, 0.7584302010410077, -0.27282735939228653, -0.7546085054277236, 0.38213863194816694, 0.7206778351336858, -0.5004045216290396, -0.6992809431746795, 0.5783831008708455, 0.6463840925609576, -0.6463839652284781, -0.5783832277699122, 0.6992808461276936, 0.5004046713624852, -0.720677717127034, -0.3821387690068068, 0.7546084688306612, 0.2728274750522404, -0.7584301132811019, -0.14060183706797097, 0.756701186123816, 0.006097336759931206, -0.7323530992796939, 0.13564415644014693, 0.658327543712728, -0.3324313275821345, -0.5161935828023605, 0.651522798012333, -0.262940193393199]

