[result]
infid = 0.029902295628129072
tracedist = 0.06095039411529096
infid_ideal = -1.9350385016769778e-05
bound_eq26 = 0.126679975482360

