[shined]
shined = [0, 1]

[amplitude]
pulse_type = AM
shape = rectangular
mu = 2141842.400881019
delta_t = 1.4999999999999999e-05
segnum = 10
amp_list0 = [-0.45340237606698236, 0.35491555529777485, 0.47293448952038936, 0.26158949633874923, -0.48448894338889215, -0.481247470721623, 0.233639766457799, 0.496554811156639, 0.3497325438149045, -0.45050342188499765]
amp_list1 = [-0.45340237606698236, 0.35491555529777485, 0.47293448952038936, 0.26158949633874923, -0.48448894338889215, -0.481247470721623, 0.233639766457799, 0.496554811156639, 0.3497325438149045, -0.45050342188499765]

