[result]
infid = 0.004694297185596108
tracedist = 0.009386672801220521
infid_ideal = -1.6663005406591935e-06
bound_eq26 = 0.0189071690076797

