[shined]
shined = [0, 3]

[amplitude]
pulse_type = AM
shape = rectangular
mu = 2104745.3789149793
delta_t = 1.4999999999999999e-05
segnum = 81
amp_list0 = [0.20419586436419765, 0.045315038296062954, -0.08660358386240952, -0.053881879098752514, 0.002388270057679817, -0.004905733519580611, -0.10175448837263652, -0.1951581916169872, 0.0057082712902018, 0.09574340958507287, 0.06949074259504381, 0.030018819336309902, 0.06525724303529423, 0.117766438925077, 0.10934677238997745, 0.14049515397621765, 0.11814871226996534, 0.11711734162436128, 0.15875103461536694, 0.16587464760007742, 0.08005791221099653, -0.011195752094343765, -0.03830448027679677, -0.05694905772895746, -0.05912947112901407, -0.07531758903052584, -0.10830646125875977, -0.1332293660712983, -0.11248632391898612, -0.03834997442328201, 0.026882382108971228, 0.0006226653986266171, -0.03900639070197011, -0.024576482048669, 0.015098727751478755, -0.0033129633751503916, -0.05226653832808705, -0.10653468770939206, -0.12173355677788131, -0.09566189724939916, -0.07697278774631824, -0.0944642392239933, -0.11816013018453389, -0.09991543646739054, -0.04625556543159778, -0.0032319376300290604, 0.010547485327192956, -0.028247877040462235, -0.03947888319395389, 0.0030594430021569172, 0.028556699053844944, -0.04298638005524268, -0.12231441916228508, -0.1414085447220366, -0.11040355142881136, -0.07208484522367399, -0.05502173478481283, -0.056025164644098985, -0.0413257264495869, -0.015760510891407543, 0.07745019230927011, 0.16655904917845277, 0.161332141306087, 0.11846892608362605, 0.11684693349170566, 0.1385984502042457, 0.11187847523968845, 0.11362895649597897, 0.05606550326822789, 0.024066662765920243, 0.06447109313217769, 0.08936202259745614, 0.0014679258914258655, -0.1938968295817677, -0.08264177132994638, -0.003616025989055455, 0.003031390606485016, -0.06245329117219738, -0.08739833731064166, 0.04416416106336422, 0.22683190554152188]
amp_list1 = [0.20419586436419765, 0.045315038296062954, -0.08660358386240952, -0.053881879098752514, 0.002388270057679817, -0.004905733519580611, -0.10175448837263652, -0.1951581916169872, 0.0057082712902018, 0.09574340958507287, 0.06949074259504381, 0.030018819336309902, 0.06525724303529423, 0.117766438925077, 0.10934677238997745, 0.14049515397621765, 0.11814871226996534, 0.11711734162436128, 0.15875103461536694, 0.16587464760007742, 0.08005791221099653, -0.011195752094343765, -0.03830448027679677, -0.05694905772895746, -0.05912947112901407, -0.07531758903052584, -0.10830646125875977, -0.1332293660712983, -0.11248632391898612, -0.03834997442328201, 0.026882382108971228, 0.0006226653986266171, -0.03900639070197011, -0.024576482048669, 0.015098727751478755, -0.0033129633751503916, -0.05226653832808705, -0.10653468770939206, -0.12173355677788131, -0.09566189724939916, -0.07697278774631824, -0.0944642392239933, -0.11816013018453389, -0.09991543646739054, -0.04625556543159778, -0.0032319376300290604, 0.010547485327192956, -0.028247877040462235, -0.03947888319395389, 0.0030594430021569172, 0.028556699053844944, -0.04298638005524268, -0.12231441916228508, -0.1414085447220366, -0.11040355142881136, -0.07208484522367399, -0.05502173478481283, -0.056025164644098985, -0.0413257264495869, -0.015760510891407543, 0.07745019230927011, 0.16655904917845277, 0.161332141306087, 0.11846892608362605, 0.11684693349170566, 0.1385984502042457, 0.11187847523968845, 0.11362895649597897, 0.05606550326822789, 0.024066662765920243, 0.06447109313217769, 0.08936202259745614, 0.0014679258914258655, -0.1938968295817677, -0.08264177132994638, -0.003616025989055455, 0.003031390606485016, -0.06245329117219738, -0.08739833731064166, 0.04416416106336422, 0.22683190554152188]

