[result]
infid = 0.022283520648236133
tracedist = 0.044152443402378325
infid_ideal = -9.209787971586891e-06
bound_eq26 = 0.0867613912439228

