[shined]
shined = [0, 1]

[amplitude]
pulse_type = AM
shape = rectangular
mu = 2088315.476018574
delta_t = 1.4999999999999999e-05
segnum = 37
amp_list0 = [-0.025195627476648715, 0.10599237041046394, -0.1690476361372343, 0.06857817113323209, 0.10440111324334064, -0.035376244358538984, -0.20899182661878804, 0.13399914289084133, 0.22070702612815357, -0.1843703098015238, -0.21851342294955026, 0.18344699149995453, 0.23753092820883834, -0.18052929254948852, -0.2001184364804263, 0.05281766265531408, 0.2941439096259756, -0.05168582253010132, -0.25674957753555505, -0.05169073299127798, 0.2941427805131551, 0.05282400292217259, -0.2001144939143766, -0.18053594866869407, 0.23752742868282326, 0.18346283831384935, -0.218493576772118, -0.1843785818531635, 0.22067797173817424, 0.13399623909156863, -0.20895554488769638, -0.03535787949112571, 0.10435290122879874, 0.06854814904286023, -0.16892835000651868, 0.10590250157006596, -0.02515996597171513]
amp_list1 = [-0.025195627476648715, 0.10599237041046394, -0.1690476361372343, 0.06857817113323209, 0.10440111324334064, -0.035376244358538984, -0.20899182661878804, 0.13399914289084133, 0.22070702612815357, -0.1843703098015238, -0.21851342294955026, 0.18344699149995453, 0.23753092820883834, -0.18052929254948852, -0.2001184364804263, 0.05281766265531408, 0.2941439096259756, -0.05168582253010132, -0.25674957753555505, -0.05169073299127798, 0.2941427805131551, 0.05282400292217259, -0.2001144939143766, -0.18053594866869407, 0.23752742868282326, 0.18346283831384935, -0.218493576772118, -0.1843785818531635, 0.22067797173817424, 0.13399623909156863, -0.20895554488769638, -0.03535787949112571, 0.10435290122879874, 0.06854814904286023, -0.16892835000651868, 0.10590250157006596, -0.02515996597171513]

