[phonon]
partialpos = [0.0e+00 5.0e-06 1.0e-05 1.5e-05 2.0e-05 2.5e-05 3.0e-05 3.5e-05 4.0e-05
	 4.5e-05 5.0e-05 5.5e-05 6.0e-05 6.5e-05 7.0e-05 7.5e-05 8.0e-05 8.5e-05
	 9.0e-05 9.5e-05]
z_freqcal = [2017527.7326687064, 2020208.9332335263, 2024188.3807110162, 2029415.0575224017, 2035826.7958518504, 2043349.0007399647, 2051894.015535865, 2061360.5171134837, 2071632.7252833145, 2082579.294078986, 2094051.6579581625, 2105881.649571959, 2117877.861509492, 2129820.3356726193, 2141451.981910391, 2152465.3511430654, 2162478.0384253063, 2170989.0360947964, 2177258.6553685786, 2179999.9999999995]
z_modes = [[-0.012044060957394291, 0.02688958985012357, 0.04486906825495184, 0.06536064270217219, -0.08781873091034618, 0.1117251718967575, -0.13656610579016942, 0.16182797760416687, -0.18699349503744692, 0.2115508464803673, -0.2349903595443022, 0.2568222200333938, -0.2765630021182293, 0.2937673921635555, -0.30797937862664887, 0.3188042248021603, 0.32568977503044305, 0.32815743199371455, -0.3223042335059029, -0.22360679774998446], [0.04329406478155087, -0.09383853602083059, -0.1496701216731578, -0.2049845047958206, 0.2543197013985836, -0.29276972895784387, 0.31627446305657886, -0.32189797916978635, 0.30805988568408155, -0.27466564547255906, 0.22314961727305035, -0.15637876118699898, 0.07848686108594183, 0.005443369164593635, -0.08967523540508301, 0.16829913637867155, 0.23539329200432532, 0.2856457516514445, -0.3109790188201431, -0.22360679774998343], [-0.08546206097841275, 0.1754652264820349, 0.25685569911578093, 0.3106785166255787, -0.32333875618627533, 0.288829576726208, -0.20984028028873322, 0.09741866610653846, 0.030859979548740597, -0.15391256544532522, 0.25088214459202557, -0.30486900192340016, 0.3060716800061656, -0.2536395238990501, 0.15608609178001576, -0.029876543760345358, 0.102987303472859, 0.21890201145393468, -0.29256995170885436, -0.22360679774998465], [0.13303783199088168, -0.25150049112074335, -0.32000453388718947, -0.3070865543413537, 0.20865007563574017, -0.04952744271977642, -0.12413179520752989, 0.2595292012745499, -0.3143395769334549, 0.2707860412677703, -0.14196561100083058, -0.0317098406750647, 0.1950626496073986, -0.29558901813875355, 0.30044420851759274, -0.20709221963434332, -0.04486069381483442, 0.13433662193827714, -0.26769802206937277, -0.22360679774998518], [-0.1819873339778511, 0.3062877243162904, 0.31162142675860344, 0.17974822439190988, 0.03484007850498881, -0.2316441816260914, 0.314879482617595, -0.24278364284117326, 0.050279222225720455, 0.16713823639544875, -0.30065123012749456, 0.28293994574603676, -0.12259382851643451, -0.09949203647462088, 0.2706207262829882, -0.30301669606343895, -0.17903248969302812, 0.03959160604758938, -0.2370087719855058, -0.22360679774998435], [0.22873824883673, -0.32835746680246186, -0.2266584687849303, 0.023930929528118122, -0.2555745040461467, 0.3062997918091784, -0.1393740659132885, -0.12675120096480874, 0.30142343017539075, -0.25873175613077753, 0.02920324403605407, 0.22130115116366744, -0.3111535604950114, 0.17498032664161647, 0.08827093349175386, -0.2862627573357305, -0.27341368903615415, -0.05694254220422664, -0.20121888504319058, -0.2236067977499831], [-0.27019140919433354, 0.3117392568189699, 0.08355374164537584, -0.2169502406332395, 0.3091969488563277, -0.10511256260595607, -0.19943367581480786, 0.31040844466994916, -0.12021988152114409, -0.18648090197218645, 0.3112902147823282, -0.13252305346462376, -0.17542896972871797, 0.311787788143438, -0.14312620938786066, -0.16508658121043554, -0.3099398794617924, -0.14678720951107904, -0.16112494709628078, -0.22360679774997996], [0.3037184415460933, -0.2564703408771939, 0.08146282186997626, 0.3138074260332087, -0.15907615969258562, -0.19117639583439966, 0.3030234490811558, -0.03782111031100136, -0.27396284390328784, 0.24358479813403583, 0.0908600057821255, -0.31135151426898733, 0.14224555440249048, 0.20476136218306523, -0.2950070073685548, 0.015753961476160566, -0.2821117760543965, -0.22208172109046717, -0.11759810721065003, -0.2236067977499781], [-0.32726099194028063, 0.16850405660316037, -0.22471081152534128, -0.27057451027788004, -0.09636265246134049, 0.3135352535352359, -0.04854400745163305, -0.29034087652325546, 0.18161086891606695, 0.20672076452273677, -0.2759016428856207, -0.08042886000023007, 0.3122752916252565, -0.0618748924191877, -0.2837394535725272, 0.19091379626297905, -0.19624550104296298, -0.276251301508654, -0.07157203840004432, -0.22360679774997688], [0.3393952173355318, -0.058719019249340934, 0.30759311845736814, 0.10607007076730232, 0.2877510346190118, -0.1501594822233086, -0.26334535448773283, 0.19041052015481305, 0.2334433116931078, -0.22598981777951, -0.19840576451772135, 0.25619771457620183, 0.15891080515981956, -0.2801447673646551, -0.11587840652813598, 0.2975636790843339, -0.07019647090004875, -0.30457064877055884, -0.024027182146456567, -0.22360679774997552], [-0.3393952173355311, -0.058719019249370535, -0.3075931184573508, 0.1060700707673186, -0.28775103461899926, -0.15015948222332876, 0.26334535448771873, 0.19041052015483262, -0.23344331169310395, -0.22598981777951951, 0.19840576451771888, 0.2561977145762053, -0.15891080515983017, -0.2801447673646542, 0.11587840652813633, 0.29756367908433384, 0.07019647090004799, -0.3045706487705581, 0.024027182146463866, -0.22360679774997452], [0.3272609919402826, 0.1685040566031915, 0.22471081152529687, -0.27057451027790136, 0.09636265246131553, 0.3135352535352492, 0.048544007451654096, -0.290340876523257, -0.18161086891606681, 0.20672076452273358, 0.2759016428856176, -0.08042886000022574, -0.31227529162525175, -0.061874892419185444, 0.28373945357252417, 0.19091379626297786, 0.1962455010429636, -0.2762513015086503, 0.07157203840005556, -0.2236067977499768], [-0.30371844154609745, -0.256470340877216, -0.08146282186991745, 0.31380742603321776, 0.15907615969259986, -0.19117639583438714, -0.3030234490811494, -0.037821110311027216, 0.2739628439032697, 0.24358479813404912, -0.09086000578211031, -0.3113515142689888, -0.14224555440248676, 0.20476136218306337, 0.2950070073685562, 0.015753961476165, 0.2821117760543961, -0.22208172109046528, 0.11759810721065758, -0.22360679774997544], [0.27019140919433243, 0.3117392568189682, -0.0835537416454312, -0.21695024063322318, -0.3091969488563161, -0.1051125626059897, 0.19943367581477378, 0.310408444669968, 0.12021988152115604, -0.18648090197218253, -0.3112902147823253, -0.1325230534646329, 0.17542896972871863, 0.3117877881434373, 0.14312620938786685, -0.16508658121042755, 0.30993987946179297, -0.14678720951107904, 0.16112494709628616, -0.22360679774997502], [-0.22873824883672417, -0.32835746680243744, 0.22665846878496498, 0.02393092952809022, 0.25557450404612136, 0.3062997918092014, 0.1393740659133098, -0.12675120096479262, -0.3014234301753779, -0.2587317561307924, -0.02920324403606444, 0.2213011511636711, 0.3111535604950142, 0.17498032664161578, -0.08827093349175151, -0.2862627573357273, 0.27341368903615715, -0.05694254220422789, 0.20121888504319427, -0.22360679774997563], [0.18198733397784186, 0.30628772431625256, -0.3116214267586173, 0.17974822439193916, -0.034840078504972734, -0.2316441816260922, -0.3148794826175818, -0.24278364284119705, -0.05027922222573107, 0.16713823639544384, 0.30065123012748496, 0.2829399457460457, 0.12259382851643504, -0.0994920364746216, -0.27062072628299283, -0.30301669606344256, 0.17903248969303368, 0.03959160604758756, 0.23700877198550954, -0.2236067977499769], [-0.13303783199087507, -0.25150049112070816, 0.320004533887192, -0.3070865543413818, -0.20865007563574162, -0.049527442719793424, 0.12413179520751223, 0.2595292012745602, 0.31433957693344705, 0.27078604126777805, 0.14196561100083002, -0.03170984067506416, -0.19506264960739791, -0.2955890181387484, -0.30044420851759607, -0.20709221963434735, 0.04486069381483944, 0.1343366219382754, 0.2676980220693761, -0.223606797749977], [0.08546206097840772, 0.1754652264820073, -0.25685569911577755, 0.31067851662559937, 0.323338756186261, 0.28882957672622467, 0.20984028028873122, 0.09741866610655325, -0.030859979548730813, -0.15391256544532145, -0.25088214459201574, -0.3048690019234075, -0.306071680006165, -0.25363952389904537, -0.15608609178001917, -0.029876543760350368, -0.10298730347285635, 0.21890201145393537, 0.2925699517088606, -0.22360679774997777], [-0.04329406478154966, -0.09383853602081628, 0.14967012167315377, -0.20498450479582955, -0.25431970139856463, -0.2927697289578494, -0.31627446305655965, -0.32189797916980417, -0.3080598856840773, -0.2746656454725701, -0.2231496172730489, -0.15637876118700414, -0.07848686108594133, 0.005443369164593038, 0.08967523540508045, 0.16829913637866734, -0.235393292004326, 0.2856457516514479, 0.3109790188201517, -0.2236067977499776], [0.012044060957393864, 0.026889589850119848, -0.0448690682549513, 0.06536064270217512, 0.08781873091033807, 0.11172517189675715, 0.13656610579015893, 0.1618279776041744, 0.18699349503744292, 0.21155084648037445, 0.23499035954430067, 0.2568222200334049, 0.2765630021182307, 0.29376739216354764, 0.3079793786266458, 0.31880422480215537, -0.3256897750304442, 0.32815743199371744, 0.3223042335059103, -0.22360679774997763]]

