[phonon]
partialpos = [0.0e+00 5.0e-06 1.0e-05 1.5e-05 2.0e-05 2.5e-05 3.0e-05 3.5e-05 4.0e-05
	 4.5e-05]
z_freqcal = [2021610.3214280582, 2031749.4462251968, 2046308.5173581513, 2064611.4014797986, 2085791.6664118052, 2108753.641998767, 2132096.5484830476, 2153959.029508725, 2171571.6003353456, 2180000.0]
z_modes = [[-0.046819865732039945, 0.10330985234828172, -0.16870564029404472, 0.23776560324522186, -0.30514687521006223, -0.3656637777814984, -0.41417233048413166, -0.4461889666271164, 0.45243007450509426, -0.316227766016844], [0.16116683117678357, -0.3155896291910593, 0.4251880342947573, -0.448258467095834, 0.367470220797857, 0.19515505094341912, -0.02879841996816227, -0.24775398829324372, 0.3967072924148319, -0.3162277660168458], [-0.29400233356418853, 0.45283534325762015, -0.3753508533904784, 0.08292432694065213, 0.2563567880352556, 0.43328657820927446, 0.3342989134800821, 0.01806790087100749, 0.3085446457032393, -0.3162277660168436], [0.4060391075781946, -0.3993269921159796, -0.012507979235148157, 0.401066460978611, -0.341474813361139, 0.09876444629480222, 0.42441105421166303, 0.26444135719243544, 0.19556585201786703, -0.3162277660168421], [-0.46960411377795414, 0.15877142570114855, 0.3869222528364503, -0.273497924068655, -0.299210912977007, -0.36154229766600343, 0.18908047275607243, 0.41143369685692693, 0.06696678998267502, -0.3162277660168389], [0.4696041137779535, 0.1587714257011185, -0.3869222528364662, -0.27349792406864415, 0.29921091297701485, -0.3615422976660018, -0.18908047275608095, 0.4114336968569241, -0.06696678998268948, -0.31622776601683555], [-0.40603910757819617, -0.3993269921159701, 0.012507979235182208, 0.4010664609786235, 0.34147481336113217, 0.09876444629480825, -0.42441105421166525, 0.26444135719242795, -0.19556585201788024, -0.31622776601683505], [0.2940023335641984, 0.4528353432576375, 0.37535085339045393, 0.0829243269406335, -0.25635678803526174, 0.4332865782092756, -0.33429891348007673, 0.018067900870998004, -0.3085446457032514, -0.316227766016834], [-0.16116683117679484, -0.31558962919108496, -0.42518803429475344, -0.44825846709582845, -0.36747022079784847, 0.19515505094341726, 0.028798419968164124, -0.247753988293245, -0.39670729241483715, -0.31622776601683106], [0.046819865732043005, 0.10330985234828952, 0.1687056402940423, 0.2377656032452195, 0.30514687521005834, -0.3656637777815003, 0.4141723304841345, -0.44618896662711804, -0.45243007450510125, -0.3162277660168296]]

