[phonon]
partialpos = [0.00e+00 5.00e-06 1.00e-05 1.50e-05 2.00e-05 2.50e-05 3.00e-05 3.50e-05
	 4.00e-05 4.50e-05 5.00e-05 5.50e-05 6.00e-05 6.50e-05 7.00e-05 7.50e-05
	 8.00e-05 8.50e-05 9.00e-05 9.50e-05 1.00e-04 1.05e-04 1.10e-04]
z_freqcal = [2017185.7484438086, 2019224.1529428991, 2022258.620884905, 2026258.9038629883, 2031188.4946447378, 2037003.7869381846, 2043653.7356250994, 2051079.5943080003, 2059214.6271761686, 2067983.729690388, 2077302.913045227, 2087078.5703239148, 2097206.4647733667, 2107570.2721288865, 2118039.565058307, 2128466.8242630754, 2138683.199395278, 2148491.7667490263, 2157657.322339948, 2165887.5081762094, 2172799.709496637, 2177829.8066665884, 2179999.9999999995]
z_modes = [[-0.009137910963693095, 0.02040960433369128, 0.03409293574303417, 0.04975846206139956, 0.06704747662798174, 0.0856299752569832, -0.10518630329502934, -0.12539795290413122, 0.14594638400654567, -0.16651085071321692, 0.1867728323832929, -0.20641425232497657, 0.22512570573673865, -0.2426011871413231, 0.258551685929854, -0.2726897081196434, 0.2847549329218828, -0.2944670868234715, 0.3015882371395454, 0.30572371253151476, 0.30652985942161776, -0.3005408969473998, -0.2085144140570645], [0.03296534799018812, -0.07199818333893311, -0.11624521605373615, -0.1620021244254728, -0.2057521577925765, -0.244208159391465, 0.2744255116069397, 0.29394186068945644, -0.3009074870907729, 0.2941967956432868, -0.2734778057840916, 0.2392479775817915, -0.19281153687535205, 0.1362272887930025, -0.0721896592445853, 0.003906964433898466, 0.06509799672975658, -0.1311218943839049, 0.1905431399743381, 0.2397875925536354, 0.2757014033017267, -0.2923638179432759, -0.2085144140570638], [-0.06549242505449832, 0.13733327300443993, 0.20807600984343494, 0.2650265465559146, 0.2977872841591114, 0.29943554548096063, -0.2674153283216953, -0.20392142718900164, 0.11567381980981484, -0.013071508097413104, -0.09116368188149852, 0.1836976310942148, -0.25239329795897325, 0.28800789189306236, -0.28549150346092805, 0.244777540978571, -0.17084620118722277, 0.07321175758639699, 0.03534804667137665, 0.14016120820675146, 0.22674147688526722, -0.27905108366326503, -0.20851441405706436], [0.10292014130431085, -0.2029892094456212, -0.2781343951971027, -0.3034078583729381, -0.2669067138530064, -0.17264299888463264, 0.03971569326502107, -0.10221141732998333, 0.22014146685378708, -0.28593820457922375, 0.28346879015287524, -0.21286791582166034, 0.09083852742576329, 0.05319022773435797, -0.1840887133273303, 0.2696177306135567, -0.2883395950045667, 0.2350876174919384, -0.12231127554121361, 0.0224613241193692, 0.16339225388843226, -0.2609966418148223, -0.2085144140570647], [-0.14258392612703769, 0.25839081404741093, 0.3044986170993509, 0.2520441860299494, 0.11227066480532011, -0.0674714501405327, 0.22180861434925148, 0.292818502725797, -0.25304524257455957, 0.11696824689938211, 0.0638089624564363, -0.21999558219689638, 0.2912917516700784, -0.24988744661809306, 0.11159802713305685, 0.0699655962169247, -0.2239322979863598, 0.28976434019379643, -0.2408234670219727, -0.0954310651401838, 0.09010156862953964, -0.2385871638204567, -0.20851441405706464], [0.18212896364456863, -0.2949258481223044, -0.27620217878678605, -0.12052171468958556, 0.09679629063533991, 0.2611776615424162, -0.2832249069157969, -0.15007526887290842, -0.06559077252737039, 0.24470350453758763, -0.28770191653681354, 0.17036775526445716, 0.042065316929465135, -0.23087931577392204, 0.2902179197866713, -0.18659231864706624, -0.02182996890596849, 0.21756441992634087, -0.28946400764102675, -0.1958307968379253, 0.011867310224638494, -0.2122404211652226, -0.2085144140570651], [-0.21947034577481178, 0.3066200272758163, 0.19526131229159174, -0.05058633722403882, -0.25743248527726637, -0.273652998001293, 0.08651849396467666, -0.1648460336356761, 0.2921262714049414, -0.19942110296361176, -0.043599787313844396, 0.25346137318488227, -0.2713113393043132, 0.08349597160846689, 0.167613339809993, -0.291266112990797, 0.1933663992356758, 0.05162229959090564, -0.2564681568836787, -0.263828485896679, -0.06604042579599019, -0.18241628654797493, -0.20851441405706694], [0.2527494778745694, -0.2905277838477491, -0.07586635220183935, 0.20461538103466267, 0.28816296622335846, 0.0947932037941574, 0.1893948416420805, 0.28934000508402824, -0.10792187622258709, -0.17834347958470181, 0.29036785476961946, -0.11874782956947963, -0.16879882287088743, 0.2909651728145413, -0.12808417729036117, -0.16024178608577597, 0.2912680335662623, -0.13631230372294442, -0.1520637584217614, -0.28950063335022075, -0.13840433698514268, -0.14961783394953942, -0.2085144140570697], [-0.28037872921058965, 0.2469963820835952, -0.058733025550407436, -0.28907724662033735, -0.17247219215640647, 0.15064114658944408, -0.29085270891840365, -0.0789165558711022, -0.22824088513917165, 0.2580006760069472, 0.025665306789573152, -0.2778610790717075, 0.19184664192457695, 0.12760629992377942, -0.2913861970834946, 0.0999827079579513, 0.21322600793538365, -0.2660872804171672, -0.00561136977056177, -0.2693853830757026, -0.2003933788151722, -0.1143879002310585, -0.20851441405707252], [0.3010689281324025, -0.17954667914224662, 0.1813635146291806, 0.27464117381037134, -0.031214472253521985, -0.2897902746976382, 0.12385625092668719, -0.22297622461278105, 0.24228727912076437, 0.09388898518449806, -0.2918103696947202, 0.06090780907888193, 0.25930885612355803, -0.19810681875948746, -0.15431178961858444, 0.2794758469592267, 0.006711295499328956, -0.2827365618057597, 0.1423884723748034, -0.20698963224401587, -0.2478762871197591, -0.07730317553997294, -0.20851441405707144], [-0.31387179730903386, 0.09445177012191487, -0.2668348977538057, -0.1658685994235179, 0.21890446591696638, 0.224173126476395, 0.1575853831005341, 0.2659681915117788, 0.08585922141596804, -0.28857377145843965, -0.008477624565429212, 0.29053830898929234, -0.06915444316307442, -0.2718419775383904, 0.14166133832892247, 0.2338519744300291, -0.2037388328770272, -0.17939920410991345, 0.2512706222588709, -0.1122460616238899, -0.27769167744205553, -0.038966797015205216, -0.20851441405707588], [0.318204550987254, 2.228650410835486e-14, 0.29744735187417287, 3.863904012654338e-15, -0.2943822540706013, -5.247049277486067e-15, -0.2932510828085225, -5.230039912008354e-15, -0.2926563581147213, -1.0888905864413055e-14, 0.2922948784491917, 5.4301598993161695e-15, -0.2920147192751482, -6.23340602765008e-15, 0.2918194580735653, 8.17462648301361e-15, -0.29147553985428676, -7.68353601266174e-15, 0.2912070337225125, -2.4739664228388297e-15, -0.2878555323861445, 6.225762973086382e-16, -0.20851441405707824], [-0.31387179730905, -0.09445177012195291, -0.2668348977538165, 0.16586859942350612, 0.21890446591696436, -0.224173126476382, 0.1575853831005094, -0.26596819151176904, 0.08585922141596848, 0.2885737714584404, -0.008477624565417334, -0.2905383089892904, -0.06915444316309835, 0.2718419775383862, 0.14166133832893857, -0.23385197443002068, -0.20373883287703273, 0.17939920410990126, 0.2512706222588784, 0.11224606162388374, -0.2776916774420573, 0.038966797015204495, -0.20851441405707868], [0.30106892813242464, 0.17954667914226055, 0.18136351462919262, -0.2746411738103418, -0.03121447225351314, 0.2897902746976186, 0.12385625092671682, 0.22297622461277739, 0.24228727912076764, -0.09388898518447497, -0.2918103696947243, -0.06090780907889216, 0.25930885612355, 0.19810681875949698, -0.15431178961857053, -0.27947584695923217, 0.006711295499321408, 0.2827365618057542, 0.1423884723748185, 0.20698963224400688, -0.24787628711976586, 0.077303175539967, -0.2085144140570784], [-0.28037872921060386, -0.2469963820835854, -0.05873302555040467, 0.2890772466202982, -0.17247219215642892, -0.15064114658942848, -0.2908527089184162, 0.07891655587109701, -0.2282408851391762, -0.25800067600695636, 0.025665306789560527, 0.2778610790717024, 0.19184664192459783, -0.12760629992376699, -0.29138619708349683, -0.09998270795796617, 0.21322600793537952, 0.2660872804171717, -0.005611369770547064, 0.26938538307569776, -0.2003933788151785, 0.11438790023105506, -0.20851441405708043], [0.2527494778745776, 0.29052778384772404, -0.07586635220186078, -0.20461538103463325, 0.2881629662233945, -0.09479320379415697, 0.18939484164207956, -0.2893400050840289, -0.10792187622258048, 0.17834347958469113, 0.2903678547696256, 0.11874782956948413, -0.1687988228708757, -0.2909651728145441, -0.12808417729037375, 0.160241786085766, 0.2912680335662625, 0.1363123037229562, -0.1520637584217496, 0.2895006333502179, -0.13840433698514942, 0.1496178339495365, -0.20851441405708243], [-0.21947034577481211, -0.30662002727578, 0.19526131229162663, 0.050586337224035764, -0.25743248527729967, 0.27365299800126935, 0.08651849396468124, 0.1648460336356852, 0.29212627140493874, 0.1994211029636187, -0.04359978731383407, -0.2534613731848702, -0.2713113393043204, -0.08349597160848221, 0.16761333980997606, 0.29126611299079985, 0.193366399235685, -0.05162229959089187, -0.25646815688367514, 0.2638284858966804, -0.0660404257959955, 0.1824162865479734, -0.20851441405708346], [0.18212896364456563, 0.29492584812226336, -0.27620217878683045, 0.12052171468956253, 0.09679629063535679, -0.26117766154239075, -0.28322490691580404, 0.15007526887290434, -0.06559077252737673, -0.24470350453758744, -0.2877019165368281, -0.170367755264458, 0.04206531692945671, 0.23087931577392012, 0.2902179197866698, 0.18659231864707476, -0.021829968905961554, -0.21756441992633296, -0.28946400764103175, 0.19583079683793067, 0.011867310224633765, 0.21224042116521966, -0.20851441405708315], [-0.14258392612703508, -0.25839081404737746, 0.30449861709940473, -0.2520441860299106, 0.1122706648053227, 0.06747145014053521, 0.22180861434926766, -0.29281850272580673, -0.25304524257454525, -0.11696824689937588, 0.06380896245643904, 0.21999558219688914, 0.29129175167007965, 0.2498874466180977, 0.11159802713306256, -0.06996559621692061, -0.22393229798635658, -0.28976434019379044, -0.24082346702197818, 0.09543106514018938, 0.09010156862953761, 0.23858716382045142, -0.20851441405708274], [0.10292014130431044, 0.20298920944559723, -0.27813439519715516, 0.3034078583728953, -0.26690671385302744, 0.17264299888460477, 0.03971569326501215, 0.1022114173299965, 0.220141466853786, 0.2859382045792193, 0.28346879015288384, 0.2128679158216565, 0.09083852742576935, -0.05319022773435493, -0.18408871332732674, -0.26961773061356137, -0.2883395950045688, -0.2350876174919361, -0.1223112755412179, -0.022461324119365984, 0.16339225388843273, 0.2609966418148141, -0.20851441405708263], [-0.06549242505449773, -0.13733327300442488, 0.20807600984347727, -0.2650265465558826, 0.29778728415914507, -0.29943554548093027, -0.2674153283217048, 0.20392142718900028, 0.11567381980979925, 0.013071508097403595, -0.09116368188150588, -0.1836976310942099, -0.25239329795897186, -0.2880078918930635, -0.2854915034609268, -0.24477754097857662, -0.17084620118722502, -0.07321175758639774, 0.03534804667137513, -0.1401612082067503, 0.22674147688526938, 0.2790510836632533, -0.20851441405708204], [0.03296534799018799, 0.07199818333892553, -0.11624521605376098, 0.16200212442545636, -0.20575215779260478, 0.24420815939144672, 0.27442551160695733, -0.29394186068946554, -0.30090748709075726, -0.2941967956432744, -0.2734778057840951, -0.2392479775817825, -0.19281153687535263, -0.13622728879300372, -0.07218965924458608, -0.003906964433899482, 0.06509799672975575, 0.1311218943839005, 0.1905431399743391, -0.23978759255363621, 0.27570140330173065, 0.2923638179432612, -0.2085144140570818], [-0.009137910963692378, -0.020409604333688415, 0.034092935743041154, -0.04975846206139473, 0.06704747662799238, -0.08562997525697899, -0.10518630329503853, 0.12539795290413766, 0.14594638400654084, 0.16651085071321142, 0.18677283238329562, 0.20641425232496963, 0.22512570573673926, 0.24260118714132467, 0.25855168592985106, 0.2726897081196469, 0.2847549329218826, 0.29446708682346356, 0.30158823713954785, -0.30572371253151637, 0.30652985942162203, 0.3005408969473849, -0.20851441405708193]]

