[phonon]
partialpos = [0.00e+00 5.00e-06 1.00e-05 1.50e-05 2.00e-05 2.50e-05 3.00e-05 3.50e-05
	 4.00e-05 4.50e-05 5.00e-05 5.50e-05 6.00e-05 6.50e-05 7.00e-05 7.50e-05
	 8.00e-05 8.50e-05 9.00e-05 9.50e-05 1.00e-04 1.05e-04]
z_freqcal = [2017284.5229784572, 2019508.907005917, 2022817.3448453846, 2027174.1176405414, 2032535.9791473083, 2038851.2004927483, 2046059.1596704272, 2054090.0050702908, 2062864.259460067, 2072292.2946527307, 2082273.5815462074, 2092695.6428943293, 2103432.5265519605, 2114342.6690819915, 2125265.7020671754, 2136017.886252121, 2146384.819262148, 2156110.3400382763, 2164875.983585737, 2172264.824254951, 2177661.886318503, 2179999.9999999995]
z_modes = [[0.009977233969357657, -0.022282118495619355, -0.03721026950959306, 0.05427985991440955, -0.07308178768907841, 0.09323612543311983, -0.1143710760330047, 0.13611653813461372, -0.15809980437926, 0.17994928203544489, -0.2012927543434269, 0.2217661978017655, -0.2410090709158844, 0.25867905738941105, -0.27443695804772966, 0.28797397484161896, -0.29896377837581717, 0.3071275334423596, -0.31202856361252085, 0.3132870795294318, -0.3073071058852496, -0.21320071635560991], [-0.03595607285610467, 0.07835932257827075, 0.12607594298114508, -0.17483403001274228, 0.22058205424309874, -0.259569690643887, 0.288505948154702, -0.3047333505464757, 0.306391051017655, -0.2925338911874384, 0.26320949331603266, -0.21946366867085185, 0.16330145324099907, -0.09756382322714886, 0.02578706520702503, 0.04803212318907333, -0.11961343264390113, 0.18471092085922935, -0.23912441174973012, 0.2791329534803298, -0.29823645687593237, -0.21320071635560978], [0.07130193980019668, -0.14861448117105616, -0.22297458357306815, 0.2799090728274672, -0.30795704093107334, 0.30013877634830094, -0.2549582892732581, 0.17669066007838335, -0.07483666327223362, -0.03719741326582858, 0.14403880694696686, -0.23060165331670465, 0.284359994420703, -0.2972461896257974, 0.2669625566534488, -0.19739218151638774, 0.09821424392323937, 0.01648774219201422, -0.12990584412761927, 0.2250680803096813, -0.28347524923127215, -0.21320071635560903], [-0.11174492832362393, 0.2177446340700881, 0.2922176147651409, -0.30791941255457156, 0.25422565007239645, -0.13999289817679605, -0.008590127256717294, 0.15483016898379312, -0.2613259655709507, 0.3001572886759466, -0.26067808123066843, 0.1527784569271508, -0.004607988056532329, -0.14464363387537435, 0.2551130797729042, -0.29687404799454237, 0.25814772247704415, -0.148547961351737, -0.0029072152694656485, 0.15553082852692227, -0.26347775487191966, -0.21320071635561144], [0.15424682579384288, -0.27373233266571634, -0.3099168277958868, 0.23523473733618375, -0.07116607717621869, -0.12032847481770978, 0.26269453758230366, -0.29737647124776495, 0.20934199979135815, -0.03446283919348638, -0.15469586661615492, 0.27898309712379155, -0.2859895864058789, 0.17249209173549734, 0.013788849047829392, -0.1939307991489222, 0.29112490171327404, -0.2631350703489277, 0.12091640596816901, 0.07580882443401703, -0.2386983460771487, -0.2132007163556119], [-0.19611733907526435, 0.3070514241262259, 0.26602091055779326, -0.08041471083817556, -0.14948956519117634, 0.2908239676032282, -0.25957749978828876, 0.07353735504236089, 0.15632996169251956, -0.2917479732168898, 0.2507178125063786, -0.05778325216028736, -0.17014186785184363, 0.29446702075964076, -0.23929183871002702, 0.038157936461183484, 0.18596101250796687, -0.2951648492772978, 0.2213788749270539, -0.008191597152105027, -0.20963261632101732, -0.2132007163556115], [0.23498485679866696, -0.3115169866363004, -0.1663238736709226, -0.10325942728543092, 0.2886892393747258, -0.24187108921897782, -0.00010746506372074063, 0.24143672412213665, -0.2856505364690118, 0.09645496430355627, 0.17149551118847553, -0.2985474003862284, 0.18029368852868624, 0.08617815456931348, -0.2815539166717478, 0.24479863739745833, -0.006141945183310184, -0.23686069616819494, 0.2822865684033344, -0.09031417221173085, -0.17682818212049337, -0.21320071635560936], [-0.26876212447784487, 0.2847356541131201, 0.030700880559209363, 0.24894010326841098, -0.26918565542944894, 0.00915221758082806, 0.25951345232912876, -0.25496467377463944, -0.017988477714682864, 0.27158958320921966, -0.23808296302304055, -0.04709052109646907, 0.282170566844894, -0.21816600129818023, -0.07706562529812573, 0.29038576608838806, -0.1952726605874099, -0.10689583367623809, 0.29405776908053083, -0.16457127159948054, -0.14088442714614852, -0.21320071635561091], [0.2957044019084499, -0.2283276572978333, 0.11163094569130129, -0.3022654496740702, 0.10077724352123563, 0.23048500129441227, -0.2599175883697607, -0.05047455468839359, 0.294174791254943, -0.15190534008412293, -0.1894839679923332, 0.28177420778367673, -0.0038451087090418915, -0.2788675919834357, 0.1946388542835168, 0.1456388938398772, -0.2939084251213799, 0.05520826278619018, 0.2552735940326536, -0.2255633100559346, -0.10244712069585, -0.2132007163556104], [-0.31444767627123066, 0.14763795823572803, -0.2291183733254703, 0.24283076782509294, 0.1235634142153608, -0.29357999751439046, 0.0004385117967098017, 0.2926060811463377, -0.12296827966700162, -0.240727984145897, 0.22332395344081876, 0.14734069803006689, -0.28451804107371464, -0.028725339605413486, 0.2962060645741409, -0.0943099911330262, -0.2567394746059059, 0.20077033978650066, 0.17289291624681616, -0.26886182291032806, -0.062200221754405496, -0.21320071635561127], [0.32405744729821645, -0.05105541685690044, 0.29535235920763286, -0.09250151080656349, -0.2790990588206369, 0.131506062111864, 0.25944665789712507, -0.16766847725033682, -0.2353598086570674, 0.20042432286949208, 0.20697716573100647, -0.22915616203591158, -0.17474490242003443, 0.2533962551614795, 0.1392226342408849, -0.27248031202471074, -0.1011204203342517, 0.2862996117561075, 0.0610907595604487, -0.2913255923507654, -0.02085598351494298, -0.2132007163556113], [-0.3240574472982049, -0.05105541685693754, -0.29535235920763375, -0.09250151080659189, 0.27909905882062924, 0.13150606211188717, -0.2594466578971146, -0.16766847725037423, 0.23535980865705367, 0.20042432286950115, -0.20697716573099725, -0.22915616203591302, 0.17474490242002724, 0.2533962551614824, -0.13922263424087325, -0.27248031202471573, 0.1011204203342379, 0.286299611756106, -0.06109075956044138, -0.29132559235076666, 0.02085598351493043, -0.21320071635561189], [0.31444767627120157, 0.147637958235758, 0.22911837332547372, 0.2428307678251064, -0.12356341421533941, -0.29357999751439356, -0.00043851179673667624, 0.29260608114632497, 0.12296827966702953, -0.24072798414588817, -0.22332395344083425, 0.14734069803006308, 0.2845180410737234, -0.028725339605404535, -0.2962060645741432, -0.09430999113304081, 0.25673947460590035, 0.2007703397865007, -0.17289291624680933, -0.2688618229103343, 0.062200221754389814, -0.2132007163556091], [-0.2957044019084072, -0.22832765729785354, -0.11163094569131266, -0.3022654496740698, -0.10077724352125425, 0.23048500129440486, 0.2599175883697803, -0.050474554688357195, -0.2941747912549537, -0.1519053400841267, 0.18948396799233339, 0.28177420778367335, 0.003845108709046404, -0.2788675919834307, -0.19463885428352762, 0.1456388938398633, 0.2939084251213847, 0.055208262786191446, -0.25527359403264954, -0.22556331005594624, 0.10244712069583439, -0.21320071635560844], [0.26876212447780107, 0.28473565411313795, -0.03070088055918987, 0.24894010326840904, 0.26918565542946027, 0.009152217580830957, -0.25951345232912887, -0.25496467377464865, 0.017988477714666842, 0.27158958320921034, 0.23808296302305387, -0.04709052109646544, -0.2821705668448988, -0.21816600129818414, 0.07706562529811714, 0.2903857660883832, 0.19527266058742013, -0.10689583367624017, -0.2940577690805323, -0.16457127159949198, 0.14088442714613642, -0.21320071635560883], [-0.23498485679862932, -0.31151698663632404, 0.16632387367090273, -0.1032594272854376, -0.28868923937473606, -0.24187108921897568, 0.00010746506371273866, 0.24143672412211972, 0.28565053646902994, 0.09645496430355023, -0.17149551118848297, -0.2985474003862224, -0.18029368852868746, 0.08617815456930854, 0.2815539166717483, 0.24479863739746477, 0.0061419451833211, -0.23686069616819547, -0.28228656840333843, -0.09031417221174337, 0.17682818212048307, -0.21320071635560872], [0.1961173390752385, 0.30705142412625747, -0.26602091055777766, -0.08041471083815718, 0.14948956519118864, 0.29082396760322726, 0.259577499788293, 0.07353735504237335, -0.1563299616925188, -0.29174797321687684, -0.25071781250638486, -0.057783252160283204, 0.17014186785184712, 0.29446702075963743, 0.2392918387100338, 0.03815793646119423, -0.1859610125079623, -0.2951648492772981, -0.22137887492705724, -0.008191597152114793, 0.20963261632101032, -0.21320071635560955], [-0.15424682579382584, -0.27373233266575103, 0.3099168277958787, 0.23523473733616032, 0.07116607717621132, -0.1203284748177097, -0.26269453758229766, -0.2973764712477557, -0.20934199979137905, -0.03446283919348666, 0.15469586661616125, 0.2789830971237871, 0.28598958640588173, 0.1724920917354965, -0.013788849047824927, -0.19393079914891556, -0.2911249017132791, -0.26313507034893174, -0.12091640596817574, 0.07580882443400766, 0.23869834607714593, -0.21320071635560958], [0.11174492832361328, 0.2177446340701204, -0.29221761476514296, -0.30791941255455574, -0.2542256500724027, -0.13999289817679533, 0.00859012725671259, 0.15483016898378052, 0.26132596557096455, 0.30015728867593405, 0.2606780812306741, 0.15277845692714437, 0.00460798805653032, -0.14464363387537016, -0.25511307977290143, -0.296874047994538, -0.25814772247705065, -0.14854796135174025, 0.002907215269458171, 0.15553082852691466, 0.2634777548719217, -0.21320071635561044], [-0.07130193980019014, -0.1486144811710803, 0.2229745835730729, 0.27990907282745386, 0.30795704093108006, 0.3001387763482942, 0.25495828927325503, 0.1766906600783835, 0.07483666327224638, -0.0371974132658242, -0.1440388069469697, -0.2306016533166981, -0.28435999442070486, -0.29724618962579236, -0.26696255665345076, -0.19739218151638946, -0.09821424392324579, 0.016487742192011202, 0.12990584412761144, 0.22506808030967682, 0.28347524923128103, -0.21320071635561105], [0.03595607285610205, 0.0783593225782848, -0.12607594298114852, -0.17483403001273365, -0.22058205424310234, -0.25956969064387875, -0.28850594815469294, -0.3047333505464648, -0.3063910510176815, -0.292533891187434, -0.26320949331604304, -0.2194636686708463, -0.1633014532410001, -0.09756382322714845, -0.025787065207026935, 0.048032123189070894, 0.11961343264390083, 0.18471092085922777, 0.2391244117497207, 0.279132953480325, 0.29823645687594397, -0.2132007163556116], [-0.009977233969357107, -0.022282118495624226, 0.0372102695095951, 0.0542798599144071, 0.07308178768907837, 0.09323612543311426, 0.11437107603299791, 0.13611653813460609, 0.15809980437927154, 0.1799492820354419, 0.20129275434343588, 0.22176619780176157, 0.24100907091588633, 0.25867905738940467, 0.274436958047729, 0.28797397484161646, 0.2989637783758228, 0.3071275334423604, 0.3120285636125123, 0.3132870795294289, 0.30730710588526255, -0.21320071635561272]]

