[phonon]
partialpos = [0.0e+00 5.0e-06 1.0e-05 1.5e-05 2.0e-05 2.5e-05 3.0e-05]
z_freqcal = [nan, nan, nan, nan, nan, nan, 217999.99999999983]
z_modes = [[-0.09260897093502941, -0.19992041717513065, 0.31475844416577786, -0.4199906586990794, 0.49949330072739745, 0.532578326072359, -0.3779644730092268], [0.3006318323582734, 0.5054295786388596, -0.5085536731966449, 0.2780073851093692, 0.09020266068118063, 0.40896556684101937, -0.3779644730092272], [-0.4909105609196888, -0.4522972118347244, -0.06850881714286569, 0.49630609549970806, -0.3338505957671192, 0.221602102283277, -0.3779644730092271], [0.5657753989928888, -4.506811590587745e-15, 0.524608092347465, 1.2281842209915794e-15, -0.5116907312829181, -3.452099717193846e-16, -0.3779644730092276], [-0.490910560919686, 0.4522972118347296, -0.06850881714286211, -0.4963060954997063, -0.3338505957671207, -0.22160210228327606, -0.3779644730092269], [0.3006318323582688, -0.5054295786388578, -0.5085536731966481, -0.2780073851093713, 0.09020266068117981, -0.4089655668410187, -0.37796447300922736], [-0.09260897093502779, 0.19992041717512832, 0.3147584441657772, 0.41999065869907753, 0.4994933007273991, -0.5325783260723597, -0.37796447300922775]]

