[phonon]
partialpos = [0.0e+00 5.0e-06 1.0e-05 1.5e-05 2.0e-05 2.5e-05 3.0e-05 3.5e-05 4.0e-05
	 4.5e-05 5.0e-05 5.5e-05 6.0e-05 6.5e-05 7.0e-05 7.5e-05 8.0e-05 8.5e-05
	 9.0e-05]
z_freqcal = [2017678.6824421168, 2020642.6276779536, 2025036.0293664667, 2030797.0806557226, 2037850.2176309486, 2046104.6092026734, 2055453.3420584162, 2065772.5631947042, 2076920.33397052, 2088734.9199672926, 2101032.289853041, 2113602.2432232774, 2126202.68178336, 2138550.2764697443, 2150305.961427623, 2161047.871095803, 2170223.07055578, 2177014.798886505, 2179999.9999999995]
z_modes = [[0.013327059595284739, -0.029746868686473162, 0.04960982185313828, -0.07219893545406009, 0.09687546019658053, -0.12302407711721484, 0.15003430899479775, 0.1772910659496698, -0.20418239918844272, -0.23009656369004797, 0.25444151120066605, -0.2766328730017027, -0.29612876493410256, -0.31238121310762035, 0.32491270148475104, 0.33309053299778635, 0.33636748308820624, -0.330656757656716, -0.22941573387054923], [-0.04783010221549777, 0.10331482135244958, -0.16387905685321902, 0.22267870373655071, -0.2733233092794591, 0.3102018528608346, -0.32886397955460833, -0.3263784941327446, 0.30158361015463053, 0.25522342778007717, -0.18990447043020112, 0.10993872061661525, 0.020984970795993277, -0.07032327756987379, 0.15697624109123962, 0.23186754551198668, 0.2885635416782742, -0.3178972935271871, -0.22941573387054676], [0.09414825593949092, -0.19147667199044854, 0.2759383798996089, -0.3257989286047912, 0.32659163554009846, -0.27380358446904013, 0.17386669440624875, 0.0430749116941313, 0.09543738973113382, 0.21615808633515302, -0.2961870710307219, 0.3198600784413407, 0.2819497877068047, 0.1890005870638674, -0.05819194913973199, 0.08544130819843586, 0.21390126574898097, -0.29717278507991496, -0.22941573387055003], [-0.14594521529869567, 0.27066244349214086, -0.33263432068182924, 0.29906189720532195, -0.17246030477992824, -0.009811989917732014, 0.18835933588720621, 0.302687903802931, -0.3130015628943167, -0.2149847396859907, 0.04218843044768654, 0.14516568364767535, 0.2810051218409474, 0.31680386177519343, -0.23882978633532181, -0.07383413419866922, 0.12019833762658157, -0.26922091459015896, -0.22941573387055164], [0.19851861918553976, -0.3229475334383036, 0.3053256237512763, -0.13791612747021384, -0.09942400136895685, 0.2827208506665233, -0.31304202099227146, -0.17298341123492156, -0.06161230677895271, -0.26206104195490243, 0.31760372643291157, -0.19713065578681296, 0.03267785834741407, 0.2437915851356375, -0.3175497804235146, -0.2114633714592063, 0.016753941362110596, -0.23482357814408533, -0.2294157338705542], [-0.24771530194499586, 0.33595087785120653, -0.1941575688615619, -0.088139079409677, 0.3003912715221323, -0.27866073343689407, 0.03913989005164205, -0.23056376000492565, 0.31772078436846246, 0.15311930938116278, 0.13289028746714848, -0.31293926430892544, -0.24352591835515738, 0.02010225643162618, -0.26678625425770314, -0.29800615256208857, -0.08634487821735234, -0.19485580523696622, -0.22941573387055664], [0.2899794918082249, -0.3044303569972862, 0.02761473144033603, 0.27137014487511835, -0.28495955582460003, -0.0009146573850301994, 0.28475227839218525, 0.2659338192362325, 0.03549713921291121, 0.2986380060773486, -0.2428898423572331, -0.07219418614656747, -0.309836494408813, -0.21567500214856328, -0.1090653782358025, -0.3153707674212007, -0.17911588727852457, -0.15029199151792727, -0.22941573387055958], [-0.3223755038281139, 0.23072874250984157, 0.14691117872675782, -0.3217638679295979, 0.06283024590683522, 0.27940829437851145, -0.241518398934735, 0.12440068940960827, -0.3203022800467831, -0.07957052190060881, -0.2692732730813812, 0.25027219310434407, -0.11046644272457304, -0.31986453551538574, 0.09201319967269675, -0.26069666697744875, -0.2526061643017762, -0.10219599958556479, -0.22941573387055675], [0.3427185675365708, -0.12428998629834721, -0.27802447744672165, 0.21367136123328895, 0.2050301767614555, -0.2791460076556293, -0.11362594975874528, -0.31510364270628116, -0.01168009688573323, -0.31833343754472426, 0.09080624200636193, 0.2887291742149215, 0.1832663698948019, -0.2296067077727287, 0.2566256647302833, -0.1469372114041588, -0.2997350033515195, -0.05170349704304844, -0.22941573387056052], [-0.3496517415556199, -1.0977032825589657e-14, 0.32659137634441826, 2.4988223465370477e-14, -0.3231032373483122, 1.1741024139648055e-15, 0.3217956830165515, 3.5152402601248967e-16, 0.321079444654179, -4.85228300927395e-15, 0.32064891868951706, 1.3251498055446196e-15, 0.3201470236733795, -1.0671875638820203e-15, 0.3197906828262094, -2.5913435811573415e-15, -0.31596527270982916, -2.026681112929457e-14, -0.22941573387055772], [0.34271856753656965, 0.12428998629837265, -0.27802447744668957, -0.21367136123333164, 0.20503017676143465, 0.27914600765563147, -0.11362594975875182, 0.31510364270628316, -0.011680096885725568, 0.3183334375447251, 0.09080624200636234, -0.28872917421492256, 0.18326636989480083, 0.22960670777272915, 0.2566256647302842, 0.1469372114041568, -0.2997350033515249, 0.05170349704301339, -0.22941573387055983], [-0.32237550382810976, -0.23072874250985986, 0.14691117872670695, 0.3217638679296046, 0.06283024590685313, -0.27940829437851317, -0.24151839893472404, -0.12440068940961184, -0.32030228004678174, 0.0795705219006155, -0.26927327308138077, -0.2502721931043473, -0.11046644272457207, 0.3198645355153902, 0.09201319967270291, 0.2606966669774491, -0.25260616430179295, 0.10219599958552798, -0.2294157338705596], [0.28997949180822, 0.3044303569973019, 0.02761473144039128, -0.2713701448750923, -0.28495955582460114, 0.0009146573850346365, 0.2847522783921859, -0.26593381923623105, 0.03549713921291162, -0.29863800607735314, -0.24288984235722913, 0.07219418614657362, -0.3098364944088143, 0.2156750021485635, -0.10906537823580173, 0.315370767421205, -0.17911588727854086, 0.15029199151789827, -0.2294157338705636], [-0.24771530194499478, -0.3359508778512166, -0.19415756886160537, 0.0881390794096276, 0.3003912715221156, 0.27866073343689346, 0.039139890051629586, 0.2305637600049298, 0.31772078436845436, -0.15311930938116244, 0.13289028746715084, 0.312939264308927, -0.24352591835515247, -0.020102256431628062, -0.2667862542577014, 0.2980061525620931, -0.08634487821737168, 0.19485580523694518, -0.2294157338705679], [0.19851861918553074, 0.3229475334382965, 0.3053256237512965, 0.1379161274702717, -0.0994240013689251, -0.28272085066652375, -0.313042020992264, 0.17298341123492114, -0.06161230677894647, 0.26206104195489904, 0.3176037264329036, 0.19713065578680877, 0.03267785834741727, -0.24379158513563864, -0.3175497804235132, 0.21146337145921157, 0.0167539413620899, 0.23482357814407243, -0.2294157338705711], [-0.14594521529867988, -0.27066244349211144, -0.33263432068181176, -0.29906189720536147, -0.172460304779965, 0.009811989917716346, 0.18835933588720047, -0.3026879038029309, -0.31300156289431397, 0.2149847396859994, 0.04218843044768876, -0.14516568364767568, 0.28100512184094295, -0.3168038617751922, -0.23882978633532181, 0.07383413419867672, 0.12019833762655878, 0.269220914590153, -0.22941573387057368], [0.09414825593947089, 0.1914766719904112, 0.2759383798995719, 0.32579892860480403, 0.3265916355401235, 0.27380358446906766, 0.17386669440625618, -0.04307491169413787, 0.09543738973112624, -0.21615808633515332, -0.2961870710307214, -0.3198600784413434, 0.28194978770679946, -0.1890005870638647, -0.058191949139732115, -0.0854413081984286, 0.2139012657489588, 0.2971727850799152, -0.2294157338705762], [-0.047830102215486586, -0.10331482135242434, -0.16387905685318752, -0.22267870373654744, -0.27332330927946724, -0.31020185286085156, -0.3288639795546049, 0.32637849413274145, 0.301583610154625, -0.2552234277800852, -0.18990447043020478, -0.10993872061661851, 0.020984970795992448, 0.07032327756987714, 0.15697624109123925, -0.2318675455119804, 0.2885635416782547, 0.31789729352719504, -0.22941573387057845], [0.013327059595280775, 0.029746868686465894, 0.04960982185312912, 0.07219893545405805, 0.09687546019658155, 0.12302407711722017, 0.15003430899479586, -0.17729106594966842, -0.2041823991884395, 0.2300965636900544, 0.2544415112006691, 0.27663287300170797, -0.29612876493410223, 0.31238121310762484, 0.3249127014847479, -0.33309053299777597, 0.3363674830881825, 0.3306567576567234, -0.22941573387057987]]

