[shined]
shined = [2, 5]

[amplitude]
pulse_type = AM
shape = rectangular
mu = 2101588.965450393
delta_t = 1.4999999999999999e-05
segnum = 28
amp_list0 = [-0.18993344288758782, 0.5677464077316476, -0.5923299240328349, -0.13922274399656553, 0.7434099220010214, -0.12777474808924943, -0.814504724994105, 0.33831949391517924, 0.8487728297669854, -0.5077519688099603, -0.8495148850232926, 0.640118991611307, 0.8156316976855551, -0.7473682398510966, -0.7614541824309174, 0.8036638346676065, 0.6554690099935259, -0.8421824263748299, -0.5219387586710887, 0.8439248006406759, 0.3502700392990459, -0.8121424162296025, -0.13779875784016077, 0.743982508400229, -0.1316464959758417, -0.5952981687538855, 0.5655757403530312, -0.18748623698918768]
amp_list1 = [-0.18993344288758782, 0.5677464077316476, -0.5923299240328349, -0.13922274399656553, 0.7434099220010214, -0.12777474808924943, -0.814504724994105, 0.33831949391517924, 0.8487728297669854, -0.5077519688099603, -0.8495148850232926, 0.640118991611307, 0.8156316976855551, -0.7473682398510966, -0.7614541824309174, 0.8036638346676065, 0.6554690099935259, -0.8421824263748299, -0.5219387586710887, 0.8439248006406759, 0.3502700392990459, -0.8121424162296025, -0.13779875784016077, 0.743982508400229, -0.1316464959758417, -0.5952981687538855, 0.5655757403530312, -0.18748623698918768]

