[result]
infid = 0.016187856188813243
tracedist = 0.03235386818603304
infid_ideal = -1.994676948879892e-05
bound_eq26 = 0.0663006608175680

