[shined]
shined = [0, 1]

[amplitude]
pulse_type = AM
shape = rectangular
mu = 2141842.400945621
delta_t = 1.4999999999999999e-05
segnum = 10
amp_list0 = [-0.47502435046001246, 0.30956660565237937, 0.47555304318688035, 0.22467141195160376, -0.4920455228613111, -0.4923939215285248, 0.1907829456592437, 0.498728942786435, 0.3086005064679265, -0.46816933648249287]
amp_list1 = [-0.47502435046001246, 0.30956660565237937, 0.47555304318688035, 0.22467141195160376, -0.4920455228613111, -0.4923939215285248, 0.1907829456592437, 0.498728942786435, 0.3086005064679265, -0.46816933648249287]

