[result]
infid = 0.004232915894083478
tracedist = 0.008472530450191227
infid_ideal = -2.33052447229376e-06
bound_eq26 = 0.0170468801094519

