[phonon]
partialpos = [0.00e+00 5.00e-06 1.00e-05 1.50e-05 2.00e-05 2.50e-05 3.00e-05 3.50e-05
	 4.00e-05 4.50e-05 5.00e-05 5.50e-05 6.00e-05 6.50e-05 7.00e-05 7.50e-05
	 8.00e-05 8.50e-05 9.00e-05 9.50e-05 1.00e-04 1.05e-04 1.10e-04 1.15e-04
	 1.20e-04 1.25e-04 1.30e-04 1.35e-04 1.40e-04]
z_freqcal = [2016790.0899983456, 2018080.7901140486, 2020009.10577064, 2022562.309819821, 2025725.3267610618, 2029480.283615301, 2033806.363787547, 2038679.7234057612, 2044073.4221694558, 2049957.349908131, 2056298.1387334992, 2063059.0494920504, 2070199.824760328, 2077676.4927621337, 2085441.1127709972, 2093441.4347017389, 2101620.4589312845, 2109915.8430802436, 2118259.131332409, 2126574.6913685068, 2134778.306818574, 2142775.1439101305, 2150456.9501943467, 2157697.654816388, 2164346.83612881, 2170217.6774864835, 2175066.137712, 2178533.217997612, 2179999.9999999995]
z_modes = [[-0.005775586877819485, -0.012901777909329792, -0.021569402627961583, 0.031535390143403334, -0.04261119531533539, 0.0546341979148332, -0.06745389113487528, 0.08092478083236149, -0.09490333352750664, -0.10924590793999764, 0.12380874443119945, -0.13844719402343586, 0.15301705802139387, -0.16737391665742363, 0.18137546824098288, -0.19488020657023197, 0.20775096096380877, -0.21985195801579077, 0.23105436890153555, -0.2412298301923106, 0.25026012332877856, 0.258022126762219, 0.2644076710707413, -0.26928237914455005, 0.27253677767149, 0.27391824220177585, 0.27320679129538344, -0.2675152244087787, -0.18569533817703598], [0.02092201939752267, 0.046082588491572186, 0.07541593140706909, -0.10713568188031017, 0.13957711422356997, -0.17114989716552703, 0.20034189601182384, -0.22574803770431776, 0.24610803563818312, 0.26034710065972744, -0.26761276875167517, 0.26730778914189074, -0.259113062341581, 0.24300401705322378, -0.21925319098675353, 0.18842659527851732, -0.15136357454297225, 0.10915414633420858, -0.06309712237325077, 0.014664190573670861, 0.034560619215367384, 0.08291788141602682, 0.12875005887703445, -0.17041145171541525, 0.20637283867618145, 0.23508614638238873, 0.2551922029914891, -0.2627616324854374, -0.18569533817703457], [-0.04187442463158384, -0.08991672679276251, -0.14150654759629275, 0.19044337754883775, -0.23110977825034024, 0.258760498519725, -0.26985042162855255, 0.2623167742990688, -0.23576238882062275, -0.1915069943375958, 0.13249607348308104, -0.06306635157425236, -0.011410815120947222, 0.0849851247475644, -0.15163624052236505, 0.20580164552462082, -0.2428647227158376, 0.2595762097001285, -0.2543496834681556, 0.22743327187090367, -0.18090225837992951, -0.11852803199474879, -0.045455797206548285, -0.03215787669328737, 0.10770215731220815, 0.17444313041464535, 0.22622372855994288, -0.25501177082776477, -0.18569533817703557], [0.06652265278677193, 0.13754907966950372, 0.20389928425384463, -0.25166725680275487, 0.27038349433478615, -0.25444284586876886, 0.20394798970084763, -0.12473628205813714, 0.027522785163625493, -0.07373690348648516, 0.1640267646381429, -0.2296528315768694, 0.2604556727776772, -0.2514899525678841, 0.2039027091257823, -0.12484814372685521, 0.0264540559282538, 0.07602545215561743, -0.16656085547391605, 0.23086739979584567, -0.25864911533855905, -0.24527629242132756, -0.19253208048813752, 0.10845442747078086, -0.006072759810947201, 0.09833020928725887, 0.187861935945957, -0.24445951250439324, -0.18569533817703585], [-0.0935001693312307, -0.18368948431281348, -0.25018818259850373, 0.2704921696688401, -0.2344438906088318, 0.14665816423895883, -0.02546726104147377, -0.10153083456109167, 0.2043128434625613, 0.25799433990085596, -0.24921919906696957, 0.17974530909107406, -0.06627177251481174, -0.06349556547527643, 0.17760697967945377, -0.24777784759660634, 0.2564792578831617, -0.2013951724433554, 0.09612594781421936, 0.03311121418272691, -0.15393645494067248, -0.23589791579634736, -0.25807083630157696, 0.21443685133845047, -0.11542439983439312, 0.014276547413583461, 0.14190345721466952, -0.231276566381408, -0.18569533817703818], [0.1216302826494649, 0.22367720404936825, 0.27106504482299965, -0.2376564171105642, 0.1280400869967367, 0.02398070954374576, -0.16740244806571655, 0.2524569205533169, -0.2488953556331137, -0.15744478120106944, 0.01014839850218719, 0.14070389087488858, -0.2411656140339317, 0.25506885869627444, -0.1772201453934652, 0.035497626112679356, 0.11903973884729996, -0.23051388761288194, 0.25847860756575897, -0.19266534655337145, 0.05688420532567239, -0.09948980109069401, -0.21929438504407914, 0.25841455641952943, -0.2018193750730782, -0.06956484168359299, 0.09039326330378372, -0.2156375607920567, -0.18569533817703926], [-0.14987082403188945, -0.25362629467290243, -0.26133941615152056, 0.15676737426009635, 0.018222906956089618, -0.18386359902959665, 0.26174063963803745, -0.2139982365978975, 0.06303978008900682, -0.11835360707043001, 0.24201259740891976, -0.24745268433880416, 0.13179250734905298, 0.04844902050543967, -0.20482562516469294, 0.2603812457822404, -0.187635806448193, 0.022341426151047578, 0.15397363053289156, -0.254151864237283, 0.22854935493756165, 0.08973291703875634, -0.093439502899505, 0.22979003212306934, -0.2508073054386574, -0.1451413345978038, 0.035572599149563296, -0.19772896848182878, -0.18569533817704317], [0.17726014801291787, 0.2705246800967803, 0.22039529323992818, -0.04316548994327266, -0.1586019523530106, 0.261392956542915, -0.2006402205865122, 0.013850168548843387, 0.18141926943145298, 0.26145146922269463, -0.17519840741736242, -0.02262064955997815, 0.20590179574345505, -0.2575050339804203, 0.14430963916211964, 0.06128734384976439, -0.22750558348044314, 0.24764313852332487, -0.10867551424373448, -0.10014118427010726, 0.2444949540604452, 0.23136307358776925, 0.0691498275457105, 0.1374564835782073, -0.25445234691552165, -0.20524875850412316, -0.020199700883229924, -0.17775234749769847, -0.18569533817704548], [-0.20292220745396816, -0.27240668938955054, -0.15223851866036958, -0.07958630883143919, 0.24774399103427608, -0.22089095999884747, 0.019650996893333984, 0.19674994089089426, -0.2560760633945606, -0.11081361539412395, -0.12298963514701547, 0.2580430348689977, -0.1859294689493762, -0.03551793906613944, 0.22831355473558188, -0.23731137857338028, 0.05521524018066725, 0.17129947454348324, -0.2595999861450308, 0.13841146665979137, 0.09450643995634488, 0.251011751058062, 0.20457048594980032, 0.007303501606907146, -0.21266018294801053, -0.24421110061907453, -0.07453843697514337, -0.1559250907433209, -0.18569533817704828], [0.22606568837326768, 0.2584423887904982, 0.06488283792443318, 0.1851499993018123, -0.2562707379753688, 0.08011714189862819, 0.17308237073630803, -0.25734803473752393, 0.09051744583535347, -0.16453693941125702, 0.2583589886402657, -0.0990453462831528, -0.15726255632422942, 0.2591217620231522, -0.10651714245668156, -0.15066469322759327, 0.2596703615251654, -0.11330406015555225, -0.14445242134679298, 0.2599290393235676, -0.11939496708067056, 0.13871432404840303, 0.260018954165824, -0.12482007459964808, -0.13316212170657316, -0.2584189803092168, -0.12512798549943976, -0.13247988526682192, -0.18569533817705117], [-0.24599734463117176, -0.22898149330948864, 0.03076299624404137, -0.2504433544856664, 0.18097237714102776, 0.09714808453331254, -0.2616117166037994, 0.12137885844387762, 0.16005920549026542, 0.2543412583725722, -0.051411386449217784, -0.21145179798541613, 0.2267540650977385, 0.023376332895483493, -0.24599374103024096, 0.18030385580146321, 0.09668194265824778, -0.2602156064361455, 0.11853872504463342, 0.16212343428927833, -0.2523884425594738, -0.04632741036707443, 0.21407031653305136, -0.2227935327999757, -0.03015545440841869, -0.24667181559850726, -0.1698172034276868, -0.10766341427634167, -0.1856953381770539], [0.2621304730422707, 0.18550834698379168, -0.12242345549189897, 0.26097837699464727, -0.046272646808680366, -0.2300013708611625, 0.19236321351086236, 0.10742469808779037, -0.2600319901465258, -0.05712207176624555, -0.2236727554298655, 0.19819026269977497, 0.0985629712572702, -0.2601621020378603, 0.06530829558663245, 0.21893128149349184, -0.20298767240370644, -0.09121228026589685, 0.26024672725247405, -0.07232891537467058, -0.21467892084615306, -0.20699880617091576, 0.08478667853414508, -0.2599557066816386, 0.07816683628272195, -0.21028918009891578, -0.20670847025539735, -0.08173457278614243, -0.1856953381770547], [-0.27399705285473275, -0.13052890488092891, 0.1981540941405858, -0.21424161284350027, -0.10364660658803196, 0.2575639903157751, -0.0069635128732690055, -0.2539502263290749, 0.1151667187863449, -0.2045862512243689, 0.2019964110644965, 0.11862140157779515, -0.252171158026563, -0.01161682716440071, 0.2569548865443558, -0.09722774390533966, -0.21566618969966442, 0.1884487860222509, 0.1358758203090013, -0.24582370252753197, -0.03189464608979694, -0.2591466233035757, -0.07743674253717601, -0.22626346201638828, 0.17277149098933564, -0.15297983299413184, -0.23423668027764816, -0.05496235259190648, -0.18569533817705505], [0.28125545304599275, 0.06738260238421588, -0.2480027887744437, 0.12037841377843465, 0.2193924411290557, -0.16709190493514148, -0.18263725449778836, 0.20588232786952856, 0.13817959424896833, 0.23515584316753088, 0.08776246433244826, -0.25367731132505733, -0.03356474471224306, 0.260664646478379, -0.021998423618967314, -0.2558458740956474, 0.07646264184908144, 0.23946142225170006, -0.12735135676108897, -0.21228319220411648, 0.17243081675741104, -0.17553537446650114, -0.20949394570891436, -0.13095411989137867, 0.2370814445105284, -0.08048064021936863, -0.25123461210482534, -0.027623497261733663, -0.18569533817705625], [-0.28369821499162395, -3.550139505589561e-14, 0.26538565973618006, 2.726548074330759e-14, -0.2627512078318782, -6.843066133750173e-15, 0.2617992398815445, 1.1774469434765676e-14, -0.261313093246852, 1.3825370348491124e-14, -0.2610125804772758, -5.2531790535673e-15, 0.26081024355417787, 1.2247712920143669e-14, -0.2606540478034919, -3.705702045517962e-15, 0.2605386989102655, 5.442314434438777e-15, -0.26041377521707476, -3.0156998911492813e-15, 0.2603165833073195, -3.152787952013801e-15, -0.26006140498073166, -3.857212946209632e-15, 0.25984480138625227, -7.098063186058745e-15, -0.25698177807453343, -2.1941775043426422e-14, -0.18569533817705736], [0.2812554530460044, -0.0673826023841431, -0.24800278877443327, -0.12037841377847622, 0.21939244112905465, 0.16709190493514464, -0.1826372544977858, -0.2058823278695382, 0.13817959424893275, -0.2351558431675383, 0.08776246433244965, 0.2536773113250559, -0.03356474471220733, -0.26066464647837617, -0.021998423618971846, 0.2558458740956438, 0.07646264184908558, -0.23946142225169403, -0.127351356761112, 0.21228319220411118, 0.17243081675742888, 0.17553537446649525, -0.20949394570892355, 0.13095411989137304, 0.23708144451052857, 0.08048064021935597, -0.25123461210482645, 0.02762349726168899, -0.18569533817705736], [-0.27399705285475895, 0.13052890488085878, 0.19815409414056964, 0.21424161284351625, -0.10364660658803455, -0.2575639903157615, -0.0069635128732727395, 0.2539502263290618, 0.11516671878638893, 0.20458625122434804, 0.20199641106450492, -0.11862140157778767, -0.25217115802658413, 0.011616827164381996, 0.25695488654436616, 0.09722774390533878, -0.21566618969967483, -0.18844878602225268, 0.13587582030899187, 0.24582370252753205, -0.03189464608978307, 0.25914662330357485, -0.07743674253718787, 0.226263462016384, 0.1727714909893378, 0.15297983299411766, -0.23423668027765607, 0.05496235259185882, -0.185695338177055], [0.2621304730423112, -0.1855083469837316, -0.12242345549187882, -0.2609783769946422, -0.04627264680867803, 0.23000137086115127, 0.19236321351087265, -0.10742469808777824, -0.2600319901465463, 0.05712207176626037, -0.22367275542988008, -0.19819026269976847, 0.09856297125724718, 0.26016210203785484, 0.06530829558663497, -0.21893128149348556, -0.2029876724037137, 0.09121228026588564, 0.2602467272524843, 0.07232891537467934, -0.21467892084615078, 0.2069988061709255, 0.08478667853413432, 0.2599557066816428, 0.0781668362827246, 0.2102891800989061, -0.20670847025540764, 0.08173457278609567, -0.18569533817705364], [-0.24599734463122375, 0.22898149330944073, 0.030762996244021897, 0.25044335448564237, 0.1809723771410243, -0.09714808453331492, -0.2616117166038143, -0.12137885844387475, 0.16005920549025335, -0.25434125837256677, -0.051411386449207744, 0.21145179798541078, 0.22675406509775925, -0.023376332895470982, -0.24599374103024832, -0.1803038558014542, 0.09668194265825507, 0.2602156064361365, 0.11853872504465204, -0.16212343428926673, -0.25238844255948256, 0.04632741036709021, 0.21407031653304373, 0.2227935327999864, -0.030155454408413614, 0.24667181559850435, -0.16981720342770182, 0.10766341427629773, -0.18569533817705364], [0.22606568837332913, -0.25844238879046305, 0.06488283792444725, -0.18514999930178047, -0.25627073797536915, -0.08011714189860582, 0.17308237073632896, 0.2573480347375081, 0.09051744583537873, 0.16453693941124564, 0.2583589886402763, 0.09904534628314238, -0.1572625563242213, -0.25912176202314957, -0.10651714245668117, 0.15066469322759454, 0.25967036152517686, 0.11330406015555228, -0.14445242134678996, -0.25992903932356365, -0.11939496708067783, -0.13871432404839543, 0.26001895416582205, 0.12482007459965777, -0.13316212170656866, 0.2584189803092175, -0.12512798549945894, 0.13247988526677945, -0.18569533817705447], [-0.20292220745403505, 0.2724066893895275, -0.1522385186603739, 0.0795863088314056, 0.2477439910342763, 0.2208909599988151, 0.019650996893322288, -0.19674994089087874, -0.2560760633945757, 0.11081361539412542, -0.12298963514703445, -0.25804303486898333, -0.18592946894939352, 0.03551793906612965, 0.22831355473558715, 0.23731137857336598, 0.05521524018066286, -0.17129947454347186, -0.2595999861450412, -0.13841146665979656, 0.09450643995633834, -0.25101175105806334, 0.2045704859498066, -0.007303501606896914, -0.21266018294800876, 0.24421110061908136, -0.07453843697516396, 0.15592509074328328, -0.18569533817705583], [0.1772601480129809, -0.2705246800967629, 0.220395293239925, 0.043165489943309716, -0.15860195235300653, -0.26139295654288996, -0.20064022058651976, -0.013850168548846815, 0.18141926943144604, -0.2614514692226866, -0.17519840741735937, 0.022620649559984593, 0.20590179574345643, 0.2575050339804226, 0.1443096391621199, -0.061287343849773114, -0.2275055834804561, -0.247643138523312, -0.10867551424374582, 0.10014118427009497, 0.24449495406044086, -0.23136307358777683, 0.06914982754572159, -0.137456483578201, -0.2544523469155234, 0.20524875850413407, -0.02019970088325136, 0.1777523474976668, -0.18569533817705725], [-0.1498708240319442, 0.2536262946728875, -0.2613394161515091, -0.15676737426013354, 0.018222906956073703, 0.183863599029584, 0.2617406396380586, 0.21399823659788508, 0.06303978008902751, 0.11835360707042036, 0.2420125974089309, 0.24745268433877834, 0.13179250734906423, -0.04844902050543016, -0.2048256251646942, -0.26038124578222704, -0.18763580644819342, -0.022341426151046596, 0.1539736305328912, 0.2541518642372725, 0.2285493549375621, -0.08973291703876561, -0.09343950289949252, -0.22979003212306773, -0.25080730543866103, 0.1451413345978144, 0.03557259914954371, 0.19772896848180313, -0.18569533817705813], [0.12163028264950365, -0.2236772040493429, 0.27106504482296967, 0.23765641711059152, 0.12804008699676628, -0.023980709543739417, -0.16740244806572427, -0.25245692055328645, -0.24889535563312518, 0.1574447812010776, 0.010148398502192497, -0.14070389087486823, -0.24116561403392936, -0.25506885869627854, -0.17722014539347508, -0.03549762611267559, 0.11903973884730457, 0.23051388761286656, 0.2584786075657705, 0.1926653465533735, 0.05688420532567958, 0.09948980109068564, -0.21929438504406873, -0.2584145564195341, -0.2018193750730861, 0.06956484168360327, 0.09039326330376643, 0.21563756079204038, -0.18569533817706077], [-0.09350016933125391, 0.18368948431278131, -0.25018818259846226, -0.27049216966885636, -0.23444389060887094, -0.14665816423896075, -0.025467261041485365, 0.10153083456106818, 0.20431284346255835, -0.25799433990086007, -0.24921919906699025, -0.17974530909106057, -0.06627177251482123, 0.06349556547527373, 0.17760697967946268, 0.2477778475965991, 0.2564792578831667, 0.20139517244334057, 0.0961259478142246, -0.03311121418272163, -0.15393645494066954, 0.2358979157963456, -0.2580708363015696, -0.21443685133845522, -0.11542439983439984, -0.014276547413574684, 0.14190345721465486, 0.23127656638139737, -0.18569533817706232], [0.06652265278678525, -0.13754907966947272, 0.203899284253802, 0.25166725680276153, 0.27038349433482395, 0.25444284586876137, 0.20394798970086483, 0.12473628205812932, 0.02752278516363556, 0.07373690348648143, 0.16402676463815072, 0.22965283157683916, 0.260455672777676, 0.2514899525678903, 0.20390270912579536, 0.12484814372684926, 0.02645405592825111, -0.07602545215561374, -0.16656085547392144, -0.23086739979584012, -0.25864911533856116, 0.24527629242133056, -0.19253208048813386, -0.10845442747078284, -0.006072759810950693, -0.09833020928725228, 0.18786193594594505, 0.24445951250438874, -0.18569533817706316], [-0.0418744246315921, 0.0899167267927413, -0.1415065475962599, -0.19044337754883806, -0.23110977825036852, -0.2587604985197121, -0.2698504216285655, -0.2623167742990344, -0.23576238882063333, 0.1915069943376079, 0.1324960734830965, 0.06306635157424856, -0.011410815120946133, -0.08498512474756935, -0.15163624052237837, -0.20580164552461933, -0.2428647227158458, -0.2595762097001108, -0.25434968346816406, -0.22743327187089887, -0.18090225837993043, 0.11852803199474964, -0.045455797206545974, 0.032157876693289913, 0.10770215731220736, -0.1744431304146388, 0.22622372855993034, 0.25501177082776255, -0.18569533817706327], [0.02092201939752716, -0.04608258849156107, 0.07541593140705093, 0.10713568188031003, 0.13957711422358662, 0.17114989716551696, 0.20034189601183167, 0.22574803770428684, 0.24610803563819258, -0.26034710065974087, -0.26761276875169865, -0.26730778914186115, -0.2591130623415818, -0.24300401705322966, -0.21925319098676627, -0.1884265952785088, -0.1513635745429711, -0.10915414633419575, -0.0630971223732485, -0.014664190573667184, 0.034560619215372075, -0.08291788141603168, 0.12875005887703547, 0.17041145171542202, 0.20637283867618214, -0.23508614638238126, 0.25519220299147527, 0.26276163248543666, -0.18569533817706216], [-0.005775586877820646, 0.01290177790932705, -0.021569402627956806, -0.03153539014340397, -0.042611195315341854, -0.05463419791483158, -0.06745389113487903, -0.08092478083235116, -0.09490333352751124, 0.10924590794000465, 0.12380874443121122, 0.1384471940234211, 0.15301705802139606, 0.16737391665743162, 0.18137546824099754, 0.19488020657022773, 0.20775096096381399, 0.21985195801577578, 0.2310543689015436, 0.2412298301923053, 0.250260123328782, -0.2580221267622231, 0.2644076710707371, 0.2692823791445565, 0.2725367776714891, -0.2739182422017654, 0.27320679129536674, 0.2675152244087754, -0.1856953381770619]]

