[shined]
shined = [0, 1]

[amplitude]
pulse_type = AM
shape = rectangular
mu = 2125697.5423471257
delta_t = 1.4999999999999999e-05
segnum = 15
amp_list0 = [-0.1733334549498644, -0.48758598621966803, 0.2211471440685105, 0.4960214939432834, -0.34869159904839503, -0.4985271074011708, 0.4563048318257327, 0.49803279666971884, 0.445571989877452, -0.49932499518944645, -0.34163260656834726, 0.4974903580829999, 0.21513379353089995, -0.4889001096765574, -0.1699149390961459]
amp_list1 = [-0.1733334549498644, -0.48758598621966803, 0.2211471440685105, 0.4960214939432834, -0.34869159904839503, -0.4985271074011708, 0.4563048318257327, 0.49803279666971884, 0.445571989877452, -0.49932499518944645, -0.34163260656834726, 0.4974903580829999, 0.21513379353089995, -0.4889001096765574, -0.1699149390961459]

