[result]
infid = 0.007106265892318331
tracedist = 0.014244484909977225
infid_ideal = -4.010498202422497e-06
bound_eq26 = 0.0262228240571883

