[shined]
shined = [0, 7]

[amplitude]
pulse_type = AM
shape = rectangular
mu = 2102637.7932052407
delta_t = 1.4999999999999999e-05
segnum = 41
amp_list0 = [0.21614408884805666, -0.021515699252772726, 0.051776621998608496, 0.17753438405856398, 0.1778971096885881, 0.09451036197760636, 0.08506905052772458, 0.14358175422816813, 0.16582600146702692, 0.10819540623920303, 0.03654535022399783, 0.02276582491766626, 0.05752310193830604, 0.09572227279443078, 0.11389119378988159, 0.07625323067595212, 0.15093227846145452, 0.25988302518604406, 0.2890146316519235, 0.2346489685233531, 0.19954466110738378, 0.2448632689809782, 0.29181366333895026, 0.25164146420121397, 0.15864910940844715, 0.07965378131067194, 0.1144108766693341, 0.09476002113666969, 0.056132392611555726, 0.022611306565034836, 0.0376443988902509, 0.10776417686383942, 0.16272163627296143, 0.14099537425427208, 0.08665616069637586, 0.09764369171437891, 0.17194996456376005, 0.18200968919872876, 0.054206644724300264, -0.02229244412524405, 0.21837423255159455]
amp_list1 = [0.21614408884805666, -0.021515699252772726, 0.051776621998608496, 0.17753438405856398, 0.1778971096885881, 0.09451036197760636, 0.08506905052772458, 0.14358175422816813, 0.16582600146702692, 0.10819540623920303, 0.03654535022399783, 0.02276582491766626, 0.05752310193830604, 0.09572227279443078, 0.11389119378988159, 0.07625323067595212, 0.15093227846145452, 0.25988302518604406, 0.2890146316519235, 0.2346489685233531, 0.19954466110738378, 0.2448632689809782, 0.29181366333895026, 0.25164146420121397, 0.15864910940844715, 0.07965378131067194, 0.1144108766693341, 0.09476002113666969, 0.056132392611555726, 0.022611306565034836, 0.0376443988902509, 0.10776417686383942, 0.16272163627296143, 0.14099537425427208, 0.08665616069637586, 0.09764369171437891, 0.17194996456376005, 0.18200968919872876, 0.054206644724300264, -0.02229244412524405, 0.21837423255159455]

