[phonon]
partialpos = [0.0e+00 5.0e-06 1.0e-05 1.5e-05 2.0e-05 2.5e-05 3.0e-05 3.5e-05]
z_freqcal = [2024545.1146437246, 2039825.143352903, 2061259.8358721135, 2087298.8096413864, 2115879.121259399, 2144204.9058821024, 2168089.414990299, 2180000.0]
z_modes = [[-0.07189136103769679, -0.15682750273502236, -0.25117114151686315, 0.34399251482754123, -0.4241984306852577, -0.4817408889937852, 0.5017971515278125, 0.3535533905932735], [0.2397211622342192, 0.4328800228192169, 0.503187681411233, -0.3997134048319706, 0.14622342942289687, -0.16686545430874963, 0.4098226815842091, 0.3535533905932737], [-0.41199369908503447, -0.4915213259960051, -0.16178175966710207, -0.30406268988658186, 0.48216221229069256, 0.2023676523312675, 0.2675956935232436, 0.3535533905932778], [0.5173263848862121, 0.21546880591182593, -0.39691545344585444, 0.35978357989101245, 0.2572819487078588, 0.4462386909712649, 0.09293833001250103, 0.35355339059327556], [-0.517326384886217, 0.21546880591178774, 0.3969154534458636, 0.359783579891012, -0.25728194870786786, 0.4462386909712623, -0.09293833001250447, 0.35355339059327506], [0.4119936990850545, -0.49152132599599635, 0.16178175966708475, -0.30406268988658597, -0.4821622122906916, 0.20236765233125975, -0.2675956935232462, 0.3535533905932734], [-0.23972116223423778, 0.43288002281922455, -0.5031876814112168, -0.3997134048319686, -0.1462234294228958, -0.1668654543087505, -0.40982268158421253, 0.3535533905932715], [0.07189136103770398, -0.15682750273502732, 0.25117114151685704, 0.34399251482754295, 0.4241984306852622, -0.4817408889937809, -0.5017971515278139, 0.35355339059326996]]

