[phonon]
partialpos = [0.0e+00 5.0e-06 1.0e-05 1.5e-05 2.0e-05 2.5e-05 3.0e-05 3.5e-05 4.0e-05
	 4.5e-05 5.0e-05]
z_freqcal = [nan, nan, nan, nan, nan, nan, nan, nan, nan, 126327.37305492694, 217999.99999999886]
z_modes = [[-0.03891829192721602, -0.0861529706126027, 0.14149096754821253, -0.2010858441479964, 0.2610825579071227, 0.31759465833096395, -0.36692867892046677, 0.40540140515787926, 0.4298323211311654, 0.4323487974235254, -0.3015113445777579], [0.13530046243403887, 0.27145617467705196, -0.38130587230975627, 0.4308442888651768, -0.40024890417619985, -0.2888351433922714, 0.11555542572472735, 0.08445270103255374, 0.268026647909252, 0.3874619274352465, -0.3015113445777574], [-0.2513750875434886, -0.41573500703829624, 0.40617431307153395, -0.20474860857176075, -0.09727767077226798, -0.34688327703726984, 0.4118689964197014, -0.2551170357984807, 0.04271868925461083, 0.31595838550049415, -0.3015113445777586], [0.3571465966721783, 0.42039935046219895, -0.1280764004028635, -0.27362262981719077, 0.41615893691946193, 0.1652927015988938, 0.24094392211094592, -0.413856437034987, -0.18409622173226042, 0.2231506551765669, -0.30151134457776047], [-0.4303994924672957, -0.2632831193566233, -0.25078329191093274, 0.3964168838172762, 0.030138790991150535, 0.40994903079678807, -0.19260561440195972, -0.3035713911988795, -0.3506417788164369, 0.11542034431068696, -0.3015113445777625], [0.45649162566356655, -1.3686968225457008e-15, 0.4250005680076109, 6.002143226879753e-16, -0.41970742173853337, 2.402592014227878e-15, -0.41766810186588527, -2.8921635052137074e-15, -0.41167931549264486, 7.0464467594177904e-15, -0.30151134457776324], [-0.4303994924672942, 0.26328311935662607, -0.25078329191093024, -0.396416883817278, 0.03013879099114584, -0.40994903079678874, -0.19260561440196342, 0.3035713911988771, -0.3506417788164356, -0.11542034431067445, -0.30151134457776535], [0.3571465966721766, -0.42039935046219995, -0.12807640040286558, 0.2736226298171894, 0.41615893691946126, -0.16529270159889992, 0.2409439221109401, 0.4138564370349899, -0.18409622173226142, -0.22315065517655677, -0.30151134457776707], [-0.2513750875434868, 0.41573500703829597, 0.4061743130715346, 0.20474860857176258, -0.09727767077226468, 0.34688327703726884, 0.4118689964196997, 0.2551170357984844, 0.042718689254608685, -0.31595838550048594, -0.30151134457776824], [0.13530046243403795, -0.27145617467705135, -0.38130587230975527, -0.4308442888651765, -0.40024890417619907, 0.28883514339227445, 0.1155554257247288, -0.08445270103255267, 0.26802664790924946, -0.3874619274352394, -0.3015113445777689], [-0.038918291927215735, 0.08615297061260242, 0.141490967548212, 0.2010858441479957, 0.2610825579071209, -0.31759465833096473, -0.366928678920466, -0.405401405157882, 0.42983232113116193, -0.4323487974235179, -0.3015113445777695]]

