[shined]
shined = [2, 7]

[amplitude]
pulse_type = AM
shape = rectangular
mu = 2097272.6543456214
delta_t = 1.4999999999999999e-05
segnum = 42
amp_list0 = [-0.49122275596013826, 0.24836986526801236, 0.09792827338555767, -0.4219504824188163, -0.3728415815147462, 0.48807216142695464, 0.29568593442497443, -0.48737114358361694, -0.16064586909857304, 0.4981063818586245, 0.4043362610179615, -0.2151562432822912, -0.2488394228302612, 0.29014667739262157, 0.4987194282645643, 0.03715414069602292, -0.42430027488423994, -0.06659483372914694, 0.25201561930519095, 0.055533248471964045, -0.4763369306247133, -0.49054735507545194, 0.03055387232845399, 0.2424320781127336, -0.06540511231410327, -0.445727141781947, 0.0026933140289007846, 0.4974441709776656, 0.27524334626908953, -0.23016383522316927, -0.2198783559032661, 0.39415629057230195, 0.498788800647955, -0.11048589202708485, -0.46756319518765765, 0.27712388860483195, 0.4945616770526477, -0.2753033569423365, -0.4628327234076856, 0.10367397110246922, 0.2873064840981254, -0.4955570458838314]
amp_list1 = [-0.49122275596013826, 0.24836986526801236, 0.09792827338555767, -0.4219504824188163, -0.3728415815147462, 0.48807216142695464, 0.29568593442497443, -0.48737114358361694, -0.16064586909857304, 0.4981063818586245, 0.4043362610179615, -0.2151562432822912, -0.2488394228302612, 0.29014667739262157, 0.4987194282645643, 0.03715414069602292, -0.42430027488423994, -0.06659483372914694, 0.25201561930519095, 0.055533248471964045, -0.4763369306247133, -0.49054735507545194, 0.03055387232845399, 0.2424320781127336, -0.06540511231410327, -0.445727141781947, 0.0026933140289007846, 0.4974441709776656, 0.27524334626908953, -0.23016383522316927, -0.2198783559032661, 0.39415629057230195, 0.498788800647955, -0.11048589202708485, -0.46756319518765765, 0.27712388860483195, 0.4945616770526477, -0.2753033569423365, -0.4628327234076856, 0.10367397110246922, 0.2873064840981254, -0.4955570458838314]

