[phonon]
partialpos = [0.0e+00 5.0e-06 1.0e-05 1.5e-05 2.0e-05 2.5e-05 3.0e-05 3.5e-05 4.0e-05
	 4.5e-05]
z_freqcal = [2021610.3217017602, 2031749.4464807143, 2046308.5175877267, 2064611.4016770385, 2085791.6665720006, 2108753.6421192423, 2132096.5485636005, 2153959.0295522898, 2171571.600349388, 2180000.0]
z_modes = [[-0.046819865732041034, 0.10330985234828846, 0.16870564029404436, 0.23776560324522003, -0.30514687521006173, 0.36566377778149756, -0.41417233048413093, 0.4461889666271189, 0.4524300745050985, -0.31622776601683605], [0.16116683117678585, -0.31558962919107847, -0.42518803429475377, -0.44825846709582773, 0.3674702207978565, -0.1951550509434159, -0.028798419968163715, 0.24775398829324577, 0.3967072924148335, -0.31622776601683733], [-0.29400233356418526, 0.4528353432576381, 0.3753508533904618, 0.08292432694063853, 0.2563567880352602, -0.4332865782092759, 0.3342989134800796, -0.01806790087100217, 0.3085446457032433, -0.3162277660168383], [0.40603910757818124, -0.39932699211598466, 0.012507979235170033, 0.4010664609786154, -0.34147481336113966, -0.09876444629481036, 0.42441105421166475, -0.26444135719243045, 0.19556585201787288, -0.3162277660168411], [-0.4696041137779406, 0.15877142570114594, -0.3869222528364625, -0.2734979240686521, -0.2992109129770077, 0.3615422976660043, 0.1890804727560741, -0.4114336968569264, 0.0669667899826798, -0.31622776601684316], [0.4696041137779537, 0.15877142570111705, 0.38692225283646486, -0.27349792406863865, 0.29921091297702, 0.361542297666003, -0.18908047275607945, -0.4114336968569235, -0.06696678998268471, -0.3162277660168404], [-0.4060391075782122, -0.3993269921159662, -0.01250797923517186, 0.40106646097861925, 0.3414748133611277, -0.09876444629481139, -0.4244110542116627, -0.2644413571924236, -0.19556585201787682, -0.3162277660168391], [0.29400233356421507, 0.4528353432576208, -0.3753508533904608, 0.08292432694064038, -0.256356788035258, -0.43328657820927574, -0.33429891348008123, -0.01806790087099992, -0.3085446457032452, -0.31622776601683633], [-0.16116683117679972, -0.31558962919106465, 0.4251880342947548, -0.448258467095839, -0.3674702207978498, -0.19515505094341595, 0.028798419968163506, 0.24775398829324685, -0.396707292414834, -0.31622776601683455], [0.04681986573204605, 0.10330985234828534, -0.16870564029404425, 0.2377656032452241, 0.30514687521005573, 0.36566377778149695, 0.4141723304841349, 0.4461889666271204, -0.45243007450509887, -0.316227766016833]]

