[result]
infid = 0.0267890985989232
tracedist = 0.05371956094580786
infid_ideal = -1.7946760992870736e-05
bound_eq26 = 0.110752833590915

