[phonon]
partialpos = [0.00e+00 5.00e-06 1.00e-05 1.50e-05 2.00e-05 2.50e-05 3.00e-05 3.50e-05
	 4.00e-05 4.50e-05 5.00e-05 5.50e-05 6.00e-05 6.50e-05 7.00e-05 7.50e-05
	 8.00e-05 8.50e-05 9.00e-05 9.50e-05 1.00e-04 1.05e-04 1.10e-04 1.15e-04
	 1.20e-04]
z_freqcal = [2017022.235983649, 2018752.1767843557, 2021331.2230923872, 2024737.226802042, 2028943.6238959557, 2033918.7689114783, 2039625.6894295837, 2046021.9181918453, 2053059.326612438, 2060683.920255612, 2068835.5713988272, 2077447.6503694318, 2086446.5286010741, 2095750.8851991263, 2105270.7743040673, 2114906.307200598, 2124545.8642808083, 2134063.47546013, 2143315.151335595, 2152133.082991961, 2160316.932798346, 2167617.7583761527, 2173709.976497307, 2178113.9467559024, 2180000.0]
z_modes = [[-0.007748477821188241, -0.017308269683601586, -0.028924164279178294, 0.04224838391505381, -0.05699840226061137, 0.07292014165036721, -0.08977109521751056, 0.1073117862569233, 0.12530335116740382, -0.14350535025579939, 0.16167775049495478, -0.17957983880306777, 0.19697465501166497, -0.21362674501464418, 0.22930925970893207, -0.24379793687259485, 0.25688294152319013, -0.2683531856792384, 0.2780194782726785, -0.2856693193671278, 0.2911246839690937, -0.29405449239356274, 0.29417010849260333, -0.2882314526123017, -0.20000000000000467], [0.028000778822854632, 0.06137274040354815, 0.09965407894779786, -0.14000433483723335, 0.17973390549082935, -0.21629548944396151, 0.2473402333480347, -0.2708026650912433, -0.2849881992227604, 0.2886550880728985, -0.2810761396061855, 0.2620831361288682, -0.23207914424721154, 0.19203199032154553, -0.14342886733046506, 0.08822093255709437, -0.028723719798323555, -0.03246873449722994, 0.09262720305889846, -0.1489598495510229, 0.19879665008817723, -0.23949794121333606, 0.2687451489357882, -0.2815018349543474, -0.20000000000000556], [-0.05579979667127592, -0.11817332157912568, -0.1819226877439112, 0.23718896535816028, -0.27549466708629416, 0.2904948118001104, -0.27863774575118344, 0.23957956623712054, 0.17626363400011122, -0.09462649845221677, 0.0029575486676758794, 0.08903209466108442, -0.17131459849955832, 0.23471615711971677, -0.27199222971304293, 0.27871413442116594, -0.25381432542937965, 0.1997902166150436, -0.1224454184816223, 0.03034439407954909, 0.06618031886293488, -0.15591245469535592, 0.2281528129822256, -0.2705385718776412, -0.2000000000000052], [0.08808342236639861, 0.17719357538233257, 0.25102855662320434, -0.2889629822490418, 0.27854156990588363, -0.21793561505270864, 0.1163901420398061, 0.007585968515707105, 0.1300086908957186, -0.2264321423132071, 0.2771550062370129, -0.271503092468078, 0.21027482332412376, -0.1057790091303092, -0.020549934144808005, 0.14252504250733855, -0.23460961067743552, 0.2772982660229986, -0.26122301376396345, 0.18929141639213737, -0.0761194914816313, -0.05460230505711255, 0.17511606294298432, -0.2556449516868831, -0.2000000000000009], [-0.12276333962361928, -0.23015891579647682, -0.28876101224123113, 0.27034345626126416, -0.173521285532371, 0.02435347224964322, 0.13204006831271686, -0.24634689618637176, -0.28159494866630214, 0.22584450122725624, -0.09669895427536318, -0.06400078289714727, 0.20368446271547408, -0.27632544241772067, 0.25777290763344524, -0.153944707201724, -0.0008728723409974656, 0.1552399668761177, -0.2574995245153626, 0.2730544455988603, -0.195908920815151, 0.05124897392945203, 0.11284642954259728, -0.23710800789975747, -0.19999999999999907], [0.15800635294455417, 0.2700656416867619, 0.2839092324202521, -0.1798172025624957, -0.0026382116042930354, 0.18303325349027208, -0.2785126056975769, 0.2440459723803254, 0.09509650094406545, 0.0985730757896772, -0.2453986962659008, 0.2755023276714495, -0.1742893443402764, -0.010145190576698757, 0.1896868336867522, -0.27825336821024443, 0.23320059860601916, -0.07602859256003133, -0.11756898747826078, 0.25396190881134983, -0.2664643658004196, 0.14806398890824587, 0.04498143160260509, -0.21523179566277767, -0.19999999999999885], [-0.1921826963643891, -0.29160015150340046, -0.23400869853429965, 0.039500069975349786, 0.17749968150290707, -0.282104347807918, 0.20755167154356777, -0.0006579505565940316, 0.20635177143734143, -0.280280871468241, 0.1732014712528904, 0.04586261366040916, -0.23505309111511827, 0.27152553259676426, -0.13142928015743735, -0.09418379287895665, 0.25836126015995425, -0.25392135540105365, 0.08368012175061501, 0.1410350941042961, -0.27250994367356585, 0.22353752264747717, -0.02457477285069089, -0.1903480383381766, -0.2000000000000031], [0.22381357744076416, 0.29140785662565566, 0.14546843377312071, 0.11195855784038394, -0.27621246682079476, 0.21276133404373576, 0.02653635262855285, -0.24321753943911092, -0.2565961685026465, 0.05531488959014922, 0.19213268994158172, -0.27811026161083563, 0.13029926632315267, 0.12704231933667431, -0.27723254372359374, 0.19364890810137708, 0.05329232828117346, -0.25514077579443434, 0.24133840213349655, -0.023481536608079348, -0.2136252787126707, 0.26818231783616403, -0.09185047549920962, -0.16281869333371757, -0.2000000000000039], [-0.25159584049446787, -0.26835681081014207, -0.032351576640151467, -0.23114023437959566, 0.2554581371975952, -0.015643070782590276, -0.23958434708810156, 0.24441032917558367, -0.006189966288122636, 0.24996703851778718, -0.23144058828730082, -0.029947010600529726, 0.25969547062286674, -0.21633794792826344, -0.05451294135422173, 0.2678275367940838, -0.19897072450910336, -0.07949989710539644, 0.27404530823057216, -0.1793783674179855, -0.10426785363691604, 0.2765294666221798, -0.1530194889588387, -0.1330348836043018, -0.20000000000000354], [0.274415449638499, 0.22357773581450138, -0.08629660264131345, 0.2832025090190354, -0.12363169217315387, -0.19085895050749122, 0.26273893276617366, -0.0012359400303235068, 0.2613542348979674, -0.19118813551769842, -0.12226184861880952, 0.27967157702707396, -0.08047850694683258, -0.22121083520621077, 0.2405139926541776, 0.04713993017443436, -0.27440337219880645, 0.15104400954715091, 0.16527382143723518, -0.27007718177005463, 0.029605851358752475, 0.2478193180484504, -0.20461083949954692, -0.10141388601588286, -0.20000000000000215], [-0.2913768875041306, -0.16033512800759805, 0.18997079919029436, -0.25259485368456297, -0.06213242895879713, 0.28193611600476975, -0.0773096844341523, -0.24313387907376213, -0.19666189406317022, -0.14626013087045373, 0.2681271471071416, 0.014816999532237855, -0.2751473068559768, 0.11971357879724821, 0.21649319894258418, -0.22535712076828004, -0.10635846127417105, 0.2770549454071935, -0.02864209232663699, -0.2628515411937906, 0.15654811410075523, 0.186089879373881, -0.24370096805513383, -0.06839494924939182, -0.20000000000000168], [0.30182176226557106, 0.08368879084152751, -0.260522050126626, 0.14801093145865593, 0.22070181147942355, -0.20226570699559104, -0.169555404727914, 0.2438067423980491, -0.10884641410291412, 0.2703531430902919, 0.04195129069185719, -0.28043534108267754, 0.02722191645357922, 0.27352190455881564, -0.0945199419214433, -0.2501013513735354, 0.1559790107698102, 0.2116016455111505, -0.20772041481478376, -0.1604528073454491, 0.2468781473474959, 0.09964939099529715, -0.2680765065772666, -0.034434357231572565, -0.20000000000000212], [-0.30534860999914143, -1.5653756157644515e-14, 0.28551138250408, 8.759330905666408e-15, -0.2826119022806419, 2.269562269817325e-16, 0.2815469645551812, -5.386060577163261e-15, 0.2809988150066172, -5.091534186005721e-15, -0.2806533546791093, -1.8961848958403383e-15, 0.28042279510823037, 3.4600387917517437e-15, -0.2802209085617373, -6.832896335541978e-15, 0.28007389377613795, 1.0588129852617292e-14, -0.2797697670057336, -1.1436250372322928e-14, 0.27952417678621344, 4.645052602754357e-15, -0.2763578861162873, 1.2034061496744746e-14, -0.20000000000000098], [0.3018217622655711, -0.08368879084149951, -0.26052205012660024, -0.14801093145867394, 0.22070181147941564, 0.20226570699559318, -0.16955540472794708, -0.24380674239804617, -0.10884641410293114, -0.27035314309029074, 0.04195129069186071, 0.2804353410826789, 0.027221916453591666, -0.2735219045588149, -0.09451994192144932, 0.2501013513735298, 0.15597901076982038, -0.21160164551113866, -0.20772041481479406, 0.16045280734543324, 0.24687814734750876, -0.09964939099529051, -0.2680765065772687, 0.034434357231593625, -0.19999999999999912], [-0.2913768875041379, 0.16033512800758118, 0.1899707991902578, 0.25259485368458423, -0.06213242895879356, -0.28193611600477947, -0.07730968443410616, 0.24313387907377526, -0.1966618940631569, 0.14626013087046572, 0.2681271471071425, -0.014816999532235978, -0.275147306855974, -0.11971357879725242, 0.21649319894258043, 0.22535712076828604, -0.10635846127416061, -0.27705494540719455, -0.02864209232665067, 0.2628515411937825, 0.1565481141007757, -0.18608987937387328, -0.24370096805513597, 0.06839494924941167, -0.19999999999999885], [0.2744154496385127, -0.2235777358144935, -0.08629660264127932, -0.28320250901905386, -0.12363169217314424, 0.19085895050750837, 0.2627389327661509, 0.0012359400303019118, 0.26135423489797766, 0.19118813551768582, -0.12226184861881631, -0.27967157702707063, -0.08047850694684304, 0.22121083520620666, 0.24051399265417936, -0.04713993017442451, -0.27440337219880456, -0.15104400954716155, 0.1652738214372256, 0.27007718177005496, 0.029605851358775977, -0.2478193180484423, -0.20461083949954592, 0.10141388601590383, -0.2000000000000009], [-0.2515958404944845, 0.26835681081013846, -0.032351576640173935, 0.2311402343796006, 0.2554581371975664, 0.01564307078257535, -0.23958434708811288, -0.24441032917557315, -0.006189966288139882, -0.24996703851779056, -0.23144058828730138, 0.029947010600526878, 0.2596954706228633, 0.21633794792826636, -0.0545129413542171, -0.26782753679408283, -0.19897072450911368, 0.07949989710538237, 0.2740453082305738, 0.17937836741799715, -0.10426785363689943, -0.2765294666221776, -0.15301948895883635, 0.13303488360432195, -0.1999999999999991], [0.22381357744078184, -0.291407856625654, 0.14546843377312732, -0.11195855784037172, -0.2762124668207603, -0.21276133404373496, 0.026536352628589475, 0.24321753943912564, -0.25659616850264516, -0.05531488959013149, 0.19213268994159366, 0.27811026161083385, 0.1302992663231582, -0.1270423193366732, -0.27723254372359235, -0.19364890810138352, 0.053292328281163336, 0.2551407757944282, 0.2413384021335071, 0.023481536608095325, -0.21362527871266496, -0.26818231783616686, -0.09185047549920762, 0.16281869333373478, -0.19999999999999765], [-0.19218269636440782, 0.2916001515034018, -0.23400869853429238, -0.03950006997537921, 0.1774996815028855, 0.28210434780794064, 0.20755167154353707, 0.0006579505565620017, 0.2063517714373633, 0.2802808714682337, 0.17320147125288385, -0.0458626136604092, -0.23505309111511644, -0.27152553259676643, -0.13142928015743857, 0.09418379287895177, 0.25836126015995076, 0.25392135540105704, 0.08368012175062947, -0.1410350941042784, -0.2725099436735668, -0.22353752264748003, -0.024574772850687713, 0.19034803833819047, -0.1999999999999959], [0.1580063529445685, -0.2700656416867577, 0.2839092324202277, 0.17981720256253617, -0.0026382116042895053, -0.1830332534903028, -0.2785126056975741, -0.24404597238030473, 0.09509650094404513, -0.09857307578968798, -0.2453986962659046, -0.27550232767144334, -0.1742893443402812, 0.010145190576693903, 0.18968683368674844, 0.2782533682102441, 0.23320059860602393, 0.07602859256004176, -0.11756898747824894, -0.25396190881133596, -0.2664643658004283, -0.1480639889082515, 0.04498143160260871, 0.21523179566279155, -0.1999999999999962], [-0.12276333962362586, 0.2301589157964644, -0.2887610122411916, -0.2703434562613028, -0.17352128553235435, -0.024353472249625453, 0.13204006831273968, 0.24634689618637926, -0.2815949486663076, -0.2258445012272451, -0.09669895427535666, 0.06400078289714785, 0.20368446271547277, 0.27632544241772344, 0.2577729076334462, 0.1539447072017284, -0.0008728723409904928, -0.15523996687611025, -0.2574995245153622, -0.2730544455988565, -0.1959089208151638, -0.05124897392945731, 0.11284642954260302, 0.2371080078997706, -0.19999999999999693], [0.08808342236640081, -0.1771935753823178, 0.25102855662316315, 0.2889629822490782, 0.2785415699058633, 0.21793561505271883, 0.116390142039774, -0.007585968515740801, 0.1300086908957497, 0.22643214231321807, 0.27715500623701894, 0.2715030924680709, 0.21027482332412167, 0.10577900913030663, -0.020549934144810756, -0.14252504250733786, -0.23460961067743394, -0.27729826602299806, -0.2612230137639708, -0.18929141639213984, -0.07611949148164082, 0.05460230505711021, 0.17511606294299062, 0.2556449516868913, -0.19999999999999687], [-0.055799796671278094, 0.1181733215791187, -0.1819226877438867, -0.237188965358199, -0.27549466708629006, -0.2904948118001535, -0.2786377457511727, -0.23957956623709467, 0.1762636340000867, 0.09462649845219104, 0.0029575486676596497, -0.08903209466109209, -0.17131459849956637, -0.23471615711972665, -0.27199222971304354, -0.2787141344211611, -0.2538143254293754, -0.19979021661504232, -0.12244541848162749, -0.03034439407955318, 0.06618031886293164, 0.1559124546953545, 0.2281528129822284, 0.2705385718776397, -0.1999999999999956], [0.028000778822857262, -0.0613727404035466, 0.099654078947788, 0.14000433483726218, 0.17973390549083534, 0.21629548944400553, 0.2473402333480427, 0.27080266509123896, -0.28498819922276014, -0.28865508807288354, -0.28107613960617656, -0.26208313612885326, -0.2320791442472087, -0.1920319903215486, -0.14342886733046556, -0.08822093255709515, -0.02872371979832617, 0.03246873449722527, 0.09262720305889365, 0.14895984955101427, 0.1987966500881784, 0.23949794121333584, 0.26874514893579055, 0.28150183495434083, -0.19999999999999488], [-0.007748477821188999, 0.017308269683601316, -0.028924164279175497, -0.04224838391506237, -0.05699840226061345, -0.07292014165038328, -0.08977109521751557, -0.1073117862569231, 0.12530335116740457, 0.143505350255793, 0.16167775049495217, 0.17957983880306008, 0.1969746550116618, 0.21362674501464374, 0.22930925970892668, 0.2437979368725876, 0.2568829415231842, 0.2683531856792343, 0.2780194782726813, 0.28566931936712286, 0.29112468396910496, 0.29405449239356996, 0.2941701084926116, 0.28823145261230065, -0.19999999999999699]]

