[phonon]
partialpos = [0.0e+00 5.0e-06 1.0e-05 1.5e-05 2.0e-05 2.5e-05 3.0e-05 3.5e-05 4.0e-05
	 4.5e-05 5.0e-05]
z_freqcal = [2020684.1741272595, 2029164.0577308433, 2041430.2072191907, 2057008.080363351, 2075295.6642991034, 2095542.72547284, 2116818.1836257693, 2137943.3089298704, 2157358.7889790856, 2172748.168836637, 2180000.0]
z_modes = [[-0.03891829192721272, -0.08615297061260771, 0.14149096754821153, -0.2010858441479956, 0.26108255790712104, 0.3175946583309663, 0.3669286789204657, 0.4054014051578795, 0.42983232113116726, -0.432348797423524, -0.301511344577757], [0.1353004624340275, 0.2714561746770672, -0.3813058723097532, 0.43084428886517406, -0.4002489041761989, -0.2888351433922729, -0.11555542572472657, 0.0844527010325537, 0.2680266479092544, -0.3874619274352446, -0.30151134457775663], [-0.2513750875434671, -0.41573500703831656, 0.4061743130715285, -0.20474860857175556, -0.09727767077226589, -0.3468832770372736, -0.4118689964197, -0.25511703579848055, 0.04271868925461457, -0.3159583855004929, -0.3015113445777585], [0.35714659667215054, 0.42039935046221766, -0.1280764004028599, -0.27362262981719465, 0.4161589369194635, 0.16529270159889503, -0.2409439221109471, -0.4138564370349889, -0.18409622173225795, -0.2231506551765665, -0.30151134457776274], [-0.43039949246727643, -0.26328311935664184, -0.2507832919109306, 0.39641688381727963, 0.03013879099113896, 0.4099490307967924, 0.1926056144019609, -0.30357139119887966, -0.35064177881643666, -0.1154203443106864, -0.30151134457776674], [0.4564916256635721, 1.9335661544106486e-14, 0.42500056800760866, -9.497611030973019e-15, -0.4197074217385305, -5.933621649578669e-15, 0.41766810186588216, 3.4914020459464457e-15, -0.411679315492644, -4.913604245704306e-15, -0.3015113445777677], [-0.430399492467317, 0.26328311935660625, -0.25078329191092463, -0.39641688381726814, 0.030138790991156794, -0.40994903079679046, 0.192605614401961, 0.30357139119887994, -0.35064177881643527, 0.11542034431067309, -0.3015113445777652], [0.35714659667220056, -0.42039935046218246, -0.1280764004028778, 0.2736226298171884, 0.4161589369194614, -0.16529270159889287, -0.2409439221109438, 0.4138564370349873, -0.1840962217322576, 0.22315065517655686, -0.30151134457776585], [-0.25137508754350313, 0.4157350070382766, 0.40617431307154217, 0.2047486085717628, -0.09727767077226776, 0.3468832770372683, -0.41186899641970315, 0.255117035798486, 0.042718689254608526, 0.3159583855004848, -0.3015113445777651], [0.1353004624340427, -0.2714561746770347, -0.38130587230976015, -0.4308442888651844, -0.40024890417620185, 0.28883514339226724, -0.1155554257247274, -0.08445270103255174, 0.2680266479092497, 0.3874619274352409, -0.30151134457776635], [-0.03891829192721858, 0.08615297061259895, 0.14149096754821455, 0.2010858441479997, 0.2610825579071225, -0.31759465833095946, 0.36692867892046577, -0.40540140515788, 0.42983232113116265, 0.4323487974235218, -0.3015113445777678]]

