[shined]
shined = [0, 1]

[amplitude]
pulse_type = AM
shape = rectangular
mu = 2107516.761817944
delta_t = 1.4999999999999999e-05
segnum = 2
amp_list0 = [-4.8627768478581856e-14, 4.873879078104437e-14]
amp_list1 = [-4.8627768478581856e-14, 4.873879078104437e-14]

