[shined]
shined = [0, 1]

[amplitude]
pulse_type = AM
shape = rectangular
mu = 2107516.761817944
delta_t = 1.4999999999999999e-05
segnum = 22
amp_list0 = [-0.2514237007237638, 0.49816202998513737, -0.22627948418031724, -0.42155833101052087, 0.42402354814792326, 0.2251684997539378, -0.2909877793871031, -0.34711683484929123, 0.31211710036535883, 0.4256120132548577, -0.44165514283532237, -0.4254748240319049, 0.45449720708023555, 0.2644420517970276, -0.3346378483538961, -0.2644613901546641, 0.19770292605949658, 0.4326318096791941, -0.42227130540612223, -0.22278279441974902, 0.49401625658329734, -0.24997514456196876]
amp_list1 = [-0.2514237007237638, 0.49816202998513737, -0.22627948418031724, -0.42155833101052087, 0.42402354814792326, 0.2251684997539378, -0.2909877793871031, -0.34711683484929123, 0.31211710036535883, 0.4256120132548577, -0.44165514283532237, -0.4254748240319049, 0.45449720708023555, 0.2644420517970276, -0.3346378483538961, -0.2644613901546641, 0.19770292605949658, 0.4326318096791941, -0.42227130540612223, -0.22278279441974902, 0.49401625658329734, -0.24997514456196876]

