[result]
infid = 0.0036506080811589126
tracedist = 0.00738644392728686
infid_ideal = -6.325148501407085e-06
bound_eq26 = 0.0135811042751477

