[phonon]
partialpos = [0.00e+00 5.00e-06 1.00e-05 1.50e-05 2.00e-05 2.50e-05 3.00e-05 3.50e-05
	 4.00e-05 4.50e-05 5.00e-05 5.50e-05 6.00e-05 6.50e-05 7.00e-05 7.50e-05
	 8.00e-05 8.50e-05 9.00e-05 9.50e-05 1.00e-04 1.05e-04 1.10e-04 1.15e-04
	 1.20e-04 1.25e-04 1.30e-04 1.35e-04]
z_freqcal = [2016838.9995313785, 2018222.3706136586, 2020288.1980708253, 2023021.975372783, 2026406.4655387397, 2030421.2093361057, 2035042.3608511097, 2040242.5901309163, 2045990.998626934, 2052253.0272396784, 2058990.3417361993, 2066160.6852712717, 2073717.6807812, 2081610.5719667047, 2089783.8738425234, 2098176.9166499064, 2106723.2268343884, 2115349.717229529, 2123975.564838491, 2132510.7177267475, 2140853.732404404, 2148888.784502352, 2156480.9682322713, 2163469.3009657296, 2169653.824185224, 2174773.255176354, 2178443.1028236574, 2180000.0]
z_modes = [[0.006191292065400234, -0.013830501096613601, 0.023120445967197173, 0.033797112728129866, -0.04565344523417239, 0.058509267297011225, -0.07219626869100759, 0.08655120454238614, -0.10141200565051149, 0.11661681684854983, -0.13200277964525173, 0.14740717537357972, -0.16266671885935255, 0.17761997741306104, -0.19210614846382681, 0.2059688131265501, -0.219053112994083, 0.23121160515723116, -0.24229781323615968, 0.2521763327264756, -0.26070755805301604, 0.2677682186596571, -0.27320923020424004, 0.2769082638814065, 0.27859723701190653, 0.2780425524479748, -0.2722784986059822, -0.1889822365046045], [-0.02241646080665894, 0.04932406260409997, -0.08058940721664862, -0.11422154918653357, 0.1483561233337988, -0.1812128422312513, 0.2111082408305245, -0.23649331365231646, 0.25600138859386223, -0.2684954326282236, 0.27311251232097505, -0.26929805260633316, 0.2568323400393112, -0.2358412391015723, 0.20679834751174422, -0.1705077136516898, 0.12808133101932126, -0.0808941683703752, 0.03054288800047507, 0.021223119114942637, -0.07254809971751189, 0.12155938703553419, -0.16638798914928912, 0.20528713518624625, 0.23650275840668306, 0.2584958772928337, -0.26711723732741915, -0.18898223650460502], [0.044824552382118736, -0.09597398420941484, 0.15034862804857899, 0.20102225073053245, -0.24177711506675884, 0.26747487641901646, -0.2744494177996209, 0.26082709725206393, -0.22670988276578585, 0.17419008039022532, -0.10718224596242025, 0.03108618837109223, 0.04769725012485966, -0.12234738987394198, 0.18625863222606615, -0.233657208943152, 0.26015849688527404, -0.2631893815787978, 0.24226505793086067, -0.19905204688189276, 0.13726839749862024, -0.06234755050965395, -0.01897462650004339, 0.09930520986258445, 0.17102494077322733, 0.22711001553794571, -0.25870388698409075, -0.1889822365046041], [-0.07111424537866376, 0.14620260418178588, -0.21470907767813555, -0.26129483769466066, 0.27485042159586276, -0.25015331774083627, 0.18872689242727533, -0.0986431606416333, -0.006763642697040739, 0.1110957904133042, -0.1976469779685944, 0.2522584999720996, -0.26578323765007, 0.23573760715169226, -0.1668357940487272, 0.07031381104151987, 0.037876017498172355, -0.13967976910551338, 0.21796502608281504, -0.2593934257111325, 0.25672432446607213, -0.21005526798344953, 0.1269396952180817, -0.021123695342400207, 0.08943423381412688, 0.18566279884681808, -0.2472535198263378, -0.1889822365046096], [0.09977674458254047, -0.1941252769993985, 0.2600225283669682, 0.273383322489127, -0.2250470552900895, 0.12315787785229589, 0.008876887566465905, -0.1385019871766632, 0.23268547758589841, -0.26686145467682376, 0.2317386037540012, -0.1360932352670064, 0.004737584984853127, 0.12786642534368617, -0.2266698049280491, 0.26538006347404086, -0.23354930698422313, 0.13950265865648828, -0.00823892545579487, -0.1251216149804262, 0.22469947156656458, -0.2634204978449572, 0.23040754284010168, -0.13393226141752582, 0.00034023631251648963, 0.13621512997202123, -0.2329596313990465, -0.1889822365046123], [-0.1295060660064223, 0.234592572334348, -0.27639992803252983, -0.2289102988271691, 0.10235866917076658, 0.06049672227068095, -0.20068271529126933, 0.2658773620023452, -0.23105854814138005, 0.10884298045555484, 0.05468974004284746, -0.19726531246823692, 0.26422647920944387, -0.2296774418702515, 0.10670797029678551, 0.0574158556312012, -0.19934037741448954, 0.26410175004567277, -0.2264781148365976, 0.10095476631392798, 0.06373358659534667, -0.2033207271098705, 0.2630016533758032, -0.21870675333613815, -0.08702482268786924, 0.08111240611484781, -0.2160210259080386, -0.18898223650461243], [0.15914316536240214, -0.26338380811206064, 0.2588947784691141, 0.13452169779520087, 0.05454833314939553, -0.2153468096116949, 0.2661245561621181, -0.18019736366462455, 0.001307040600478634, 0.17809153494092772, -0.2646311665091474, 0.21295298513376915, -0.049863048960932, -0.13929703498439602, 0.2552290387736562, -0.23688218432634287, 0.09378395729392063, 0.09874663057450726, -0.23912895462301695, 0.25314243989371343, -0.13325185264514305, -0.05707924161304599, 0.21676778284601647, -0.26033769995867595, -0.16369326783373106, 0.022915208510733392, -0.1966512054313873, -0.18898223650461368], [-0.18762136328042908, 0.2773384928085912, -0.2079602980307057, -0.00993711150429525, -0.19271533249424344, 0.26689643096193105, -0.1625666180399279, -0.050829416342730104, 0.22958319593108795, -0.2526065539293596, 0.10405407408688087, 0.11520715796902942, -0.25582515893868885, 0.2217803274050633, -0.036214549354329786, -0.17403899402879366, 0.2650532700084032, -0.1743942406232824, -0.03585527119993318, 0.221460084520972, -0.25488289690179, 0.1130851851835627, 0.10635545380156478, -0.25174097888218483, -0.22185752574709525, -0.03569942470684441, -0.1750815874200168, -0.18898223650461365], [0.21397451582518667, -0.2745529177382682, 0.12934404194771099, -0.11687394665704356, 0.2641428434668142, -0.1894409637066511, -0.04481067457779821, 0.2405652252489777, -0.2314909394398596, 0.025168054273743606, 0.20244033902336847, -0.2568026161538941, 0.09132906276592971, 0.15230571188899042, -0.2652348096125152, 0.15053259837554558, 0.09336867411823523, -0.2569357048462837, 0.19953563409153746, 0.029521583490923348, -0.23309343126666593, 0.23583381184845933, -0.03531344809352557, -0.19511787411029746, -0.2556601895767425, -0.09205011851522836, -0.15156200317807617, -0.1889822365046136], [-0.23733874144561673, 0.2544707212904299, -0.03317456043937803, 0.21660520989937163, -0.24347161943530063, 0.019975266278859802, 0.22339343678380905, -0.23460479612219154, 0.0020246339942472233, 0.23236129923789367, -0.2243419426629249, -0.0177162643979797, 0.24110452388564535, -0.21242886257557264, -0.0383322185714711, 0.24888865652143122, -0.19888954758852617, -0.05930694625392232, 0.2552601308354431, -0.1836108019447587, -0.08051602285471766, 0.26009701940483604, -0.16659701820705466, -0.10151168262654707, -0.26178918994874967, -0.14356734177389419, -0.1263597782557577, -0.18898223650461254], [0.25696852223302785, -0.21790951084429044, -0.06754389522789078, -0.26580456169064187, 0.13750302473050918, 0.15920359778662807, -0.25830276510543937, 0.03746659214965205, 0.2294239913712903, -0.2111777524291397, -0.06941436265291562, 0.263458833754334, -0.1296110110366042, -0.16546682840328897, 0.2543450270288352, -0.026353771227613728, -0.23437655631409243, 0.20288490369336046, 0.08152510470437935, -0.2640987091541883, 0.117102457555961, 0.17599168047571162, -0.2491580179106205, 0.011260932662377383, -0.2398132652284152, -0.18790656718070156, -0.09975797477463504, -0.1889822365046128], [-0.2722475356093139, 0.16697625995685034, 0.15887751847865259, 0.25269778641589496, 0.016786962761978802, -0.2605623210631983, 0.12681920814380235, 0.19022596315799212, -0.23092318293602784, -0.06348129007688495, 0.26539148712851846, -0.08162291008281672, -0.22061343617886822, 0.2019723846268026, 0.11032440895149946, -0.26200195707537494, 0.03248013272474413, 0.24420868774139592, -0.1654093962514045, -0.15406176105390954, 0.24907209951073847, 0.018686518095001377, -0.25900095072143514, 0.121923386954455, -0.1922214858514101, -0.22305241644982818, -0.07205309341496118, -0.18898223650461524], [0.2827022544932051, -0.10489930693405881, -0.2280284517072264, -0.1801642531709759, -0.16515311364490634, 0.23438704204065555, 0.08644032432536772, -0.2625282972303347, 0.0008254674037454352, 0.26187894357185953, -0.08748789542432164, -0.2327057508368691, 0.16429265432850734, 0.1783161445009761, -0.22302875503538414, -0.10467025338133053, 0.2574164693486441, 0.019833470798836857, -0.26383129700442054, 0.06703581141256258, 0.24161908840366308, -0.14633082567231384, -0.19334759379776587, 0.20968628500004133, -0.1241619289595242, -0.24740862377941544, -0.04355240908243673, -0.1889822365046184], [-0.28801088953261506, 0.03577059275804932, 0.26523916751251647, 0.06517917867308283, 0.25525437431844045, -0.09338482655344066, -0.24390606122583688, 0.12028489047709716, 0.230089808918415, -0.14562301639161662, -0.21369436619117765, 0.1691333012392285, 0.1948236386091188, -0.19053978152125534, -0.17366780633362033, 0.20961228446400307, 0.15045932796080425, -0.22608949588932017, -0.12547329990369518, 0.2398242222527889, 0.09899557005563499, -0.250467709969471, -0.07137690616011706, 0.25809973212667836, -0.04290606190076903, -0.25986949631719625, -0.014571055496766096, -0.18898223650461723], [0.28801088953263604, 0.035770592757853645, -0.2652391675125313, 0.06517917867301322, -0.25525437431846265, -0.0933848265534453, 0.243906061225833, 0.12028489047704262, -0.23008980891841832, -0.14562301639163303, 0.21369436619119248, 0.16913330123923317, -0.19482363860912494, -0.1905397815212463, 0.17366780633360812, 0.20961228446400051, -0.15045932796079844, -0.22608949588932126, 0.12547329990369674, 0.23982422225278668, -0.09899557005563486, -0.25046770996946793, 0.07137690616011742, 0.25809973212667847, 0.0429060619007572, -0.2598694963171972, 0.014571055496764648, -0.1889822365046165], [-0.282702254493265, -0.10489930693387312, 0.2280284517072652, -0.1801642531709165, 0.16515311364496077, 0.23438704204065244, -0.08644032432535775, -0.2625282972303216, -0.0008254674037406374, 0.2618789435718521, 0.08748789542430122, -0.23270575083685938, -0.16429265432850407, 0.1783161445009802, 0.223028755035398, -0.10467025338132989, -0.25741646934865103, 0.0198334707988322, 0.2638312970044252, 0.06703581141255813, -0.24161908840366578, -0.14633082567230615, 0.19334759379776725, 0.20968628500004347, 0.12416192895951433, -0.24740862377942383, 0.043552409082435385, -0.18898223650461476], [0.2722475356094069, 0.16697625995668577, -0.15887751847870793, 0.25269778641585644, -0.016786962762045644, -0.2605623210631866, -0.12681920814380956, 0.19022596315803322, 0.23092318293602576, -0.06348129007686973, -0.26539148712852384, -0.08162291008281614, 0.22061343617887846, 0.2019723846267858, -0.11032440895148912, -0.262001957075368, -0.03248013272474955, 0.24420868774139232, 0.16540939625140183, -0.15406176105391617, -0.24907209951073767, 0.018686518095013992, 0.25900095072143314, 0.1219233869544578, 0.19222148585139864, -0.22305241644984164, 0.0720530934149574, -0.18898223650461368], [-0.2569685222331502, -0.21790951084415922, 0.06754389522795053, -0.2658045616906329, -0.13750302473045942, 0.15920359778660995, 0.2583027651054445, 0.037466592149599916, -0.22942399137129055, -0.21117775242915152, 0.06941436265293219, 0.26345883375432316, 0.1296110110366039, -0.16546682840329, -0.2543450270288467, -0.026353771227615324, 0.23437655631409318, 0.20288490369336276, -0.08152510470438397, -0.26409870915419004, -0.11710245755595637, 0.17599168047572503, 0.2491580179106154, 0.011260932662374991, 0.23981326522840593, -0.18790656718071902, 0.09975797477463107, -0.18898223650461404], [0.23733874144576145, 0.2544707212903368, 0.033174560439321224, 0.21660520989939616, 0.24347161943528584, 0.019975266278870665, -0.22339343678381393, -0.23460479612216986, -0.002024633994238302, 0.23236129923789384, 0.2243419426629199, -0.017716264397983524, -0.2411045238856597, -0.21242886257554808, 0.03833221857146849, 0.2488886565214234, 0.19888954758852376, -0.05930694625391975, -0.25526013083544224, -0.183610801944753, 0.08051602285472242, 0.26009701940484037, 0.16659701820704662, -0.1015116826265521, 0.2617891899487437, -0.14356734177391312, 0.12635977825575356, -0.18898223650461346], [-0.21397451582533422, -0.2745529177381981, -0.1293440419476579, -0.11687394665708292, -0.26414284346681866, -0.18944096370663985, 0.044810674577789006, 0.24056522524898166, 0.2314909394398354, 0.02516805427376122, -0.20244033902336242, -0.25680261615387184, -0.09132906276593782, 0.15230571188897732, 0.26523480961252327, 0.15053259837554983, -0.09336867411823196, -0.2569357048462826, -0.1995356340915353, 0.029521583490927986, 0.2330934312666668, 0.23583381184846003, 0.0353134480935216, -0.19511787411030335, 0.2556601895767394, -0.09205011851524245, 0.15156200317807578, -0.18898223650461587], [0.18762136328056336, 0.27733849280853257, 0.2079602980306594, -0.009937111504260845, 0.1927153324942502, 0.26689643096189797, 0.1625666180399571, -0.050829416342737625, -0.22958319593106424, -0.2526065539293827, -0.10405407408689364, 0.11520715796902138, 0.25582515893871327, 0.221780327405048, 0.03621454935433669, -0.17403899402878903, -0.2650532700084014, -0.17439424062328135, 0.03585527119993762, 0.2214600845209721, 0.25488289690178495, 0.11308518518355615, -0.10635545380156645, -0.2517409788821929, 0.2218575257470971, -0.03569942470685556, 0.17508158742001842, -0.18898223650461718], [-0.15914316536251993, -0.2633838081120162, -0.2588947784690831, 0.13452169779518372, -0.05454833314940082, -0.21534680961166183, -0.26612455616215824, -0.18019736366462408, -0.0013070406004754814, 0.17809153494093416, 0.2646311665091519, 0.21295298513375022, 0.04986304896093409, -0.13929703498438525, -0.2552290387736616, -0.23688218432634292, -0.09378395729392343, 0.09874663057450754, 0.2391289546230202, 0.2531424398937065, 0.13325185264513334, -0.057079241613055644, -0.21676778284601125, -0.2603376999586818, 0.1636932678337347, 0.022915208510722384, 0.1966512054313899, -0.18898223650461793], [0.1295060660065223, 0.2345925723343189, 0.2763999280325148, -0.22891029882716718, -0.10235866917075853, 0.06049672227066791, 0.20068271529129672, 0.2658773620023513, 0.2310585481413491, 0.10884298045556727, -0.05468974004284073, -0.19726531246822254, -0.2642264792094687, -0.22967744187023542, -0.10670797029679238, 0.05741585563119659, 0.19934037741448654, 0.26410175004567216, 0.2264781148365979, 0.10095476631392046, -0.06373358659535414, -0.20332072710987784, -0.26300165337579123, -0.21870675333614087, 0.08702482268787345, 0.08111240611483737, 0.2160210259080407, -0.18898223650461687], [-0.09977674458262202, -0.1941252769993828, -0.26002252836696477, 0.273383322489135, 0.22504705529007707, 0.12315787785227851, -0.008876887566463328, -0.13850198717666445, -0.23268547758586297, -0.2668614546768388, -0.23173860375401495, -0.13609323526699868, -0.004737584984855514, 0.12786642534367454, 0.22666980492805355, 0.2653800634740414, 0.23354930698422804, 0.1395026586564922, 0.008238925455794709, -0.12512161498042848, -0.22469947156656772, -0.2634204978449619, -0.23040754284008835, -0.1339322614175251, -0.000340236312511085, 0.1362151299720129, 0.23295963139904857, -0.18898223650461626], [0.07111424537872416, 0.1462026041817798, 0.21470907767814013, -0.2612948376946736, -0.27485042159584844, -0.2501533177407984, -0.1887268924273103, -0.09864316064164134, 0.006763642697034441, 0.11109579041330397, 0.19764697796859743, 0.2522584999720825, 0.26578323765009654, 0.23573760715167616, 0.166835794048736, 0.07031381104152615, -0.03787601749816529, -0.13967976910550872, -0.21796502608281618, -0.25939342571112944, -0.2567243244660712, -0.21005526798345095, -0.12693969521807294, -0.021123695342398975, -0.08943423381411872, 0.18566279884681172, 0.24725351982634142, -0.18898223650461568], [-0.04482455238215857, -0.0959739842094128, -0.15034862804858257, 0.20102225073054128, 0.24177711506674315, 0.2674748764189718, 0.27444941779966575, 0.2608270972520735, 0.22670988276575393, 0.17419008039023828, 0.10718224596243126, 0.03108618837109487, -0.047697250124859626, -0.12234738987392746, -0.18625863222606426, -0.23365720894314637, -0.26015849688527515, -0.2631893815788014, -0.24226505793086814, -0.19905204688189326, -0.137268397498621, -0.062347550509653835, 0.018974626500043914, 0.0993052098625871, -0.17102494077321884, 0.22711001553794405, 0.2587038869840984, -0.1889822365046143], [0.022416460806680125, 0.049324062604101514, 0.08058940721665248, -0.11422154918653805, -0.14835612333378673, -0.1812128422312201, -0.21110824083056032, -0.23649331365232562, -0.2560013885938233, -0.26849543262823644, -0.27311251232098654, -0.2692980526063174, -0.2568323400393371, -0.23584123910155402, -0.2067983475117494, -0.17050771365169096, -0.12808133101932573, -0.08089416837037887, -0.030542888000477504, 0.021223119114941465, 0.07254809971751268, 0.12155938703553873, 0.16638798914928232, 0.20528713518624928, -0.23650275840667165, 0.2584958772928312, 0.26711723732742365, -0.18898223650461438], [-0.006191292065405985, -0.013830501096613369, -0.02312044596719747, 0.03379711272813104, 0.045653445234169, 0.05850926729700088, 0.07219626869101857, 0.08655120454238782, 0.10141200565049445, 0.11661681684855395, 0.13200277964525559, 0.1474071753735692, 0.16266671885936557, 0.17761997741304286, 0.19210614846382654, 0.20596881312654663, 0.21905311299408572, 0.2312116051572359, 0.2422978132361689, 0.2521763327264773, 0.26070755805302037, 0.2677682186596668, 0.27320923020422966, 0.2769082638814117, -0.27859723701189526, 0.27804255244797366, 0.27227849860598846, -0.18898223650461426]]

