[phonon]
partialpos = [0.00e+00 5.00e-06 1.00e-05 1.50e-05 2.00e-05 2.50e-05 3.00e-05 3.50e-05
	 4.00e-05 4.50e-05 5.00e-05 5.50e-05 6.00e-05 6.50e-05 7.00e-05 7.50e-05
	 8.00e-05 8.50e-05 9.00e-05 9.50e-05 1.00e-04 1.05e-04]
z_freqcal = [2017284.522696968, 2019508.9067284355, 2022817.3445738528, 2027174.1173768304, 2032535.9788931978, 2038851.2002499101, 2046059.1594404085, 2054090.0048544998, 2062864.2592597534, 2072292.2944689705, 2082273.5813798863, 2092695.642746124, 2103432.5264223204, 2114342.6689711167, 2125265.701974986, 2136017.8861782304, 2146384.8192058112, 2156110.339998331, 2164875.9835604997, 2172264.824242065, 2177661.8863146123, 2179999.9999999995]
z_modes = [[-0.00997723396935576, 0.02228211849562516, -0.037210269509592955, 0.054279859914406925, -0.07308178768907984, 0.09323612543311885, -0.11437107603300589, 0.1361165381346085, -0.1580998043792691, 0.17994928203543992, -0.20129275434342891, 0.2217661978017609, -0.24100907091588136, 0.25867905738940916, -0.2744369580477314, 0.28797397484161813, -0.2989637783758212, 0.3071275334423604, 0.3120285636125179, 0.31328707952943136, -0.30730710588526255, -0.21320071635559587], [0.03595607285609762, -0.07835932257829084, 0.12607594298114463, -0.1748340300127339, 0.22058205424310223, -0.2595696906438836, 0.2885059481547058, -0.30473335054646455, 0.30639105101767455, -0.2925338911874311, 0.2632094933160372, -0.21946366867084766, 0.1633014532409968, -0.09756382322714807, 0.02578706520702699, 0.04803212318907163, -0.11961343264390074, 0.18471092085922872, 0.23912441174972668, 0.2791329534803278, -0.2982364568759455, -0.21320071635559523], [-0.07130193980018194, 0.14861448117109285, -0.222974583573067, 0.27990907282745303, -0.3079570409310751, 0.3001387763482932, -0.254958289273262, 0.1766906600783756, -0.07483666327223962, -0.037197413265828976, 0.14403880694696894, -0.2306016533167024, 0.28435999442070187, -0.2972461896257969, 0.2669625566534531, -0.19739218151638943, 0.0982142439232433, 0.01648774219201393, 0.1299058441276182, 0.22506808030968073, -0.2834752492312825, -0.21320071635559634], [0.1117449283235991, -0.21774463407013908, 0.29221761476513924, -0.3079194125545568, 0.2542256500723947, -0.13999289817678987, -0.00859012725671253, 0.15483016898378493, -0.2613259655709633, 0.30015728867593783, -0.26067808123067343, 0.15277845692714784, -0.004607988056532027, -0.1446436338753724, 0.2551130797729023, -0.29687404799453876, 0.2581477224770462, -0.14854796135173529, 0.0029072152694666507, 0.15553082852692038, -0.2634777548719232, -0.2132007163555972], [-0.15424682579380272, 0.2737323326657707, -0.3099168277958779, 0.23523473733616607, -0.07116607717620604, -0.12032847481771444, 0.2626945375823028, -0.29737647124774896, 0.20934199979136894, -0.03446283919347969, -0.15469586661616014, 0.2789830971237923, -0.2859895864058798, 0.1724920917354977, 0.013788849047824599, -0.19393079914891942, 0.29112490171327743, -0.26313507034892863, -0.12091640596816774, 0.07580882443401532, -0.23869834607715057, -0.2132007163555998], [0.1961173390752059, -0.3070514241262748, 0.2660209105577784, -0.08041471083816046, -0.14948956519119416, 0.29082396760322654, -0.2595774997882928, 0.07353735504235596, 0.15632996169252508, -0.2917479732168814, 0.2507178125063824, -0.057783252160283315, -0.1701418678518446, 0.29446702075963843, -0.23929183871002904, 0.03815793646118377, 0.18596101250796832, -0.2951648492772993, -0.22137887492705163, -0.008191597152106381, -0.20963261632101654, -0.21320071635560237], [-0.23498485679859027, 0.3115169866363374, -0.16632387367090434, -0.10325942728544207, 0.28868923937474306, -0.2418710892189716, -0.00010746506371651956, 0.24143672412212963, -0.2856505364690308, 0.09645496430354845, 0.17149551118848214, -0.29854740038623084, 0.18029368852868724, 0.08617815456931316, -0.2815539166717472, 0.24479863739745739, -0.006141945183311601, -0.23686069616819858, -0.28228656840333294, -0.09031417221173123, -0.1768281821204916, -0.21320071635560195], [0.2687621244777641, -0.28473565411315604, 0.03070088055919916, 0.2489401032684218, -0.2691856554294683, 0.009152217580829142, 0.25951345232913126, -0.25496467377464016, -0.017988477714668764, 0.27158958320921417, -0.23808296302305165, -0.04709052109646957, 0.28217056684489666, -0.21816600129818173, -0.07706562529811968, 0.29038576608838623, -0.19527266058741546, -0.10689583367624138, -0.2940577690805313, -0.16457127159948406, -0.14088442714614582, -0.21320071635560828], [-0.2957044019083835, 0.22832765729788085, 0.11163094569129901, -0.3022654496740896, 0.10077724352125843, 0.23048500129440042, -0.25991758836977674, -0.05047455468837336, 0.2941747912549502, -0.15190534008412107, -0.18948396799232928, 0.28177420778367607, -0.0038451087090459104, -0.27886759198343114, 0.19463885428352212, 0.145638893839872, -0.2939084251213823, 0.05520826278618748, -0.25527359403265304, -0.22556331005593747, -0.102447120695846, -0.21320071635560972], [0.31444767627118836, -0.1476379582357887, -0.2291183733254632, 0.24283076782512353, 0.1235634142153485, -0.2935799975143819, 0.0004385117967280024, 0.29260608114632725, -0.12296827966702435, -0.24072798414589378, 0.22332395344083195, 0.14734069803006852, -0.28451804107371964, -0.02872533960540895, 0.2962060645741401, -0.09430999113303239, -0.2567394746059041, 0.20077033978649994, -0.17289291624681494, -0.2688618229103292, -0.06220022175440039, -0.21320071635561214], [-0.324057447298205, 0.051055416856972506, 0.29535235920763003, -0.09250151080660315, -0.27909905882064184, 0.13150606211187046, 0.2594466578971173, -0.16766847725035497, -0.2353598086570543, 0.20042432286949452, 0.2069771657309965, -0.2291561620359121, -0.1747449024200308, 0.2533962551614787, 0.13922263424087608, -0.27248031202471307, -0.10112042033424475, 0.2862996117561102, -0.06109075956044791, -0.29132559235076555, -0.020855983514937886, -0.2132007163556134], [0.3240574472982225, 0.051055416856861234, -0.29535235920763486, -0.09250151080655736, 0.27909905882064007, 0.13150606211187335, -0.25944665789711635, -0.16766847725035403, 0.2353598086570596, 0.2004243228694997, -0.2069771657310023, -0.2291561620359167, 0.17474490242002605, 0.25339625516147884, -0.13922263424087644, -0.2724803120247114, 0.10112042033424348, 0.2862996117561099, 0.061090759560441445, -0.291325592350765, 0.020855983514936165, -0.2132007163556162], [-0.31444767627124653, -0.14763795823568915, 0.22911837332547677, 0.2428307678250946, -0.123563414215343, -0.2935799975143874, -0.00043851179672922116, 0.292606081146336, 0.12296827966701543, -0.24072798414589652, -0.22332395344082662, 0.1473406980300651, 0.28451804107372114, -0.028725339605408323, -0.29620606457413917, -0.09430999113303172, 0.25673947460590096, 0.20077033978650244, 0.17289291624680897, -0.26886182291032806, 0.062200221754399036, -0.21320071635561735], [0.2957044019084717, 0.22832765729779314, -0.111630945691318, -0.3022654496740777, -0.1007772435212564, 0.2304850012944011, 0.2599175883697659, -0.050474554688380885, -0.29417479125494417, -0.15190534008412696, 0.18948396799233008, 0.2817742077836794, 0.003845108709057076, -0.27886759198342725, -0.19463885428352376, 0.14563889383986633, 0.2939084251213795, 0.055208262786194506, 0.2552735940326465, -0.2255633100559364, 0.10244712069584379, -0.21320071635561835], [-0.26876212447786946, -0.2847356541130787, -0.030700880559185663, 0.24894010326841906, 0.269185655429459, 0.00915221758084201, -0.2595134523291116, -0.2549646737746469, 0.017988477714666128, 0.27158958320921767, 0.2380829630230534, -0.047090521096461356, -0.28217056684489605, -0.21816600129818622, 0.07706562529811778, 0.29038576608838584, 0.19527266058741877, -0.1068958336762351, 0.2940577690805294, -0.16457127159948395, 0.14088442714614208, -0.21320071635561838], [0.23498485679869582, 0.3115169866362697, 0.16632387367090304, -0.10325942728544119, -0.2886892393747257, -0.24187108921898576, 0.0001074650637063919, 0.24143672412213685, 0.2856505364690209, 0.0964549643035558, -0.1714955111884748, -0.298547400386226, -0.1802936885286986, 0.0861781545693028, 0.2815539166717432, 0.24479863739746158, 0.00614194518331974, -0.23686069616819194, 0.2822865684033363, -0.09031417221173689, 0.1768281821204856, -0.21320071635561827], [-0.19611733907529677, -0.3070514241262113, -0.26602091055778687, -0.08041471083816372, 0.14948956519117232, 0.2908239676032288, 0.259577499788285, 0.07353735504235798, -0.156329961692521, -0.29174797321689117, -0.2507178125063872, -0.05778325216029305, 0.1701418678518358, 0.2944670207596371, 0.23929183871003248, 0.038157936461189014, -0.18596101250796385, -0.29516484927729797, 0.22137887492705724, -0.008191597152109771, 0.20963261632101002, -0.21320071635561927], [0.15424682579387475, 0.2737323326657183, 0.30991682779589586, 0.23523473733616806, 0.07116607717621785, -0.12032847481770488, -0.2626945375822877, -0.2973764712477583, -0.20934199979135668, -0.03446283919347772, 0.1546958666161578, 0.2789830971237864, 0.285989586405887, 0.17249209173550664, -0.013788849047819334, -0.19393079914891784, -0.2911249017132763, -0.2631350703489293, 0.12091640596817249, 0.07580882443401309, 0.23869834607714174, -0.2132007163556179], [-0.1117449283236527, -0.2177446340700992, -0.2922176147651565, -0.3079194125545518, -0.25422565007238845, -0.13999289817680519, 0.008590127256703653, 0.15483016898378887, 0.26132596557095134, 0.3001572886759439, 0.2606780812306726, 0.15277845692714934, 0.004607988056540037, -0.14464363387536547, -0.25511307977289976, -0.29687404799454065, -0.25814772247704854, -0.1485479613517391, -0.0029072152694625633, 0.15553082852691927, 0.2634777548719134, -0.21320071635561738], [0.07130193980021429, 0.1486144811710632, 0.22297458357307617, 0.2799090728274413, 0.3079570409310579, 0.3001387763483095, 0.2549582892732623, 0.17669066007838788, 0.0748366632722377, -0.03719741326582968, -0.14403880694696594, -0.2306016533166966, -0.28435999442070453, -0.29724618962579896, -0.2669625566534559, -0.19739218151639412, -0.09821424392324796, 0.016487742192009467, -0.1299058441276175, 0.2250680803096821, 0.28347524923127126, -0.21320071635561808], [-0.03595607285611159, -0.0783593225782712, -0.1260759429811458, -0.17483403001272346, -0.22058205424308897, -0.25956969064389834, -0.2885059481547062, -0.3047333505464846, -0.306391051017662, -0.29253389118743356, -0.263209493316031, -0.2194636686708419, -0.16330145324100023, -0.09756382322715079, -0.02578706520702826, 0.04803212318906984, 0.11961343264389636, 0.1847109208592249, -0.23912441174972945, 0.2791329534803316, 0.29823645687593286, -0.21320071635561835], [0.009977233969358639, 0.02228211849561847, 0.03721026950959261, 0.0542798599144036, 0.07308178768907599, 0.09323612543312515, 0.11437107603300732, 0.13611653813461896, 0.15809980437926366, 0.17994928203544197, 0.20129275434342364, 0.22176619780175377, 0.24100907091588272, 0.25867905738941094, 0.27443695804773494, 0.28797397484162046, 0.2989637783758172, 0.3071275334423563, -0.31202856361252174, 0.31328707952943485, 0.3073071058852492, -0.2132007163556184]]

