[shined]
shined = [0, 1]

[amplitude]
pulse_type = AM
shape = rectangular
mu = 2082827.627134277
delta_t = 1.4999999999999999e-05
segnum = 37
amp_list0 = [-0.046994221127222034, 0.20638920427862203, -0.35519323429056004, 0.1814902464079693, 0.25374488061379524, -0.332679435230384, -0.14239274005001132, 0.39765915224904713, 0.025458241138707222, -0.3578856030644258, 0.013016722049770252, 0.31723178783366024, -0.0607594786836256, -0.19607862842386162, 0.0011485424816344554, 0.1815333897772479, -0.07714604441262167, -0.0014299388570473439, -0.017432740364808234, 0.00015108967274246176, -0.07661060343520754, 0.18028300096533853, 0.0002267265887071429, -0.19538579928496858, -0.059695188578510895, 0.317166372249133, 0.012070606431464827, -0.35837463201324316, 0.025950562911202568, 0.3991128048130896, -0.14341238547695764, -0.33360290042029483, 0.2537275553379665, 0.18425854127565378, -0.35851549684240713, 0.20808233442184862, -0.04734000353298197]
amp_list1 = [-0.046994221127222034, 0.20638920427862203, -0.35519323429056004, 0.1814902464079693, 0.25374488061379524, -0.332679435230384, -0.14239274005001132, 0.39765915224904713, 0.025458241138707222, -0.3578856030644258, 0.013016722049770252, 0.31723178783366024, -0.0607594786836256, -0.19607862842386162, 0.0011485424816344554, 0.1815333897772479, -0.07714604441262167, -0.0014299388570473439, -0.017432740364808234, 0.00015108967274246176, -0.07661060343520754, 0.18028300096533853, 0.0002267265887071429, -0.19538579928496858, -0.059695188578510895, 0.317166372249133, 0.012070606431464827, -0.35837463201324316, 0.025950562911202568, 0.3991128048130896, -0.14341238547695764, -0.33360290042029483, 0.2537275553379665, 0.18425854127565378, -0.35851549684240713, 0.20808233442184862, -0.04734000353298197]

