[phonon]
partialpos = [0.0e+00 5.0e-06 1.0e-05 1.5e-05 2.0e-05 2.5e-05 3.0e-05 3.5e-05 4.0e-05
	 4.5e-05 5.0e-05 5.5e-05 6.0e-05 6.5e-05 7.0e-05 7.5e-05 8.0e-05 8.5e-05
	 9.0e-05]
z_freqcal = [2017678.682722896, 2020642.627953395, 2025036.029634013, 2030797.0809129442, 2037850.2178755705, 2046104.6094326111, 2055453.342271798, 2065772.5633899027, 2076920.3341461825, 2088734.9201223713, 2101032.289986823, 2113602.243335423, 2126202.6818739506, 2138550.2765393383, 2150305.961477341, 2161047.8711274564, 2170223.070572074, 2177014.798891472, 2179999.9999999995]
z_modes = [[0.01332705959528411, -0.02974686868647373, 0.04960982185313203, 0.07219893545406414, -0.09687546019657145, 0.12302407711721786, -0.15003430899479814, 0.17729106594966912, -0.20418239918844108, -0.23009656369005765, 0.2544415112006725, -0.2766328730017068, 0.29612876493410384, 0.3123812131076179, 0.324912701484744, -0.3330905329977796, 0.3363674830881974, 0.3306567576567182, -0.22941573387056383], [-0.0478301022154955, 0.10331482135245189, -0.16387905685319903, -0.22267870373656276, 0.27332330927943493, -0.3102018528608421, 0.32886397955460767, -0.3263784941327423, 0.3015836101546288, 0.2552234277800855, -0.18990447043020497, 0.10993872061661547, -0.0209849707959909, 0.07032327756987536, 0.15697624109123837, -0.23186754551198446, 0.28856354167826975, 0.31789729352719226, -0.2294157338705642], [0.0941482559394878, -0.19147667199045754, 0.27593837989958253, 0.325798928604815, -0.3265916355400832, 0.2738035844690569, -0.17386669440625596, 0.0430749116941407, 0.09543738973112051, 0.21615808633515424, -0.2961870710307214, 0.3198600784413395, -0.28194978770680157, -0.1890005870638643, -0.0581919491397318, -0.08544130819843106, 0.2139012657489717, 0.29717278507991335, -0.22941573387056255], [-0.1459452152986902, 0.2706624434921565, -0.33263432068180265, -0.2990618972053438, 0.1724603047799337, 0.009811989917723658, -0.1883593358872031, 0.30268790380292543, -0.31300156289431347, -0.2149847396859962, 0.042188430447688954, 0.14516568364767685, -0.2810051218409494, -0.31680386177519304, -0.2388297863353214, 0.07383413419867538, 0.12019833762657042, 0.2692209145901543, -0.22941573387056227], [0.1985186191855299, -0.32294753343832466, 0.30532562375125744, 0.13791612747022128, 0.09942400136893144, -0.2827208506665297, 0.31304202099227285, -0.1729834112349263, -0.06161230677893787, -0.26206104195490526, 0.317603726432911, -0.19713065578680955, -0.03267785834742025, -0.24379158513563964, -0.31754978042351334, 0.21146337145921137, 0.016753941362098956, 0.23482357814407706, -0.2294157338705625], [-0.24771530194498143, 0.3359508778512334, -0.19415756886155763, 0.08813907940968975, -0.3003912715221072, 0.27866073343690895, -0.039139890051643096, -0.23056376000491985, 0.3177207843684601, 0.15311930938116758, 0.13289028746714457, -0.3129392643089245, 0.2435259183551544, -0.020102256431627025, -0.2667862542576999, 0.29800615256209195, -0.08634487821736443, 0.19485580523695403, -0.2294157338705636], [0.28997949180820004, -0.3044303569973111, 0.027614731440346124, -0.2713701448751402, 0.2849595558245894, 0.0009146573850249523, -0.28475227839218226, 0.26593381923622733, 0.03549713921289874, 0.2986380060773517, -0.24288984235722832, -0.07219418614657513, 0.3098364944088154, 0.21567500214855803, -0.10906537823580348, 0.3153707674211998, -0.17911588727853275, 0.1502919915179124, -0.2294157338705621], [-0.32237550382807717, 0.23072874250985598, 0.14691117872674428, 0.3217638679296149, -0.06283024590684073, -0.27940829437852766, 0.2415183989347288, 0.12440068940961226, -0.3203022800467858, -0.07957052190061072, -0.26927327308137994, 0.2502721931043419, 0.11046644272457748, 0.31986453551538474, 0.09201319967269894, 0.2606966669774442, -0.2526061643017864, 0.10219599958554641, -0.22941573387056188], [0.34271856753654173, -0.12428998629836215, -0.27802447744671865, -0.21367136123330194, -0.20503017676143845, 0.27914600765565634, 0.11362594975874724, -0.31510364270627883, -0.011680096885717375, -0.3183334375447291, 0.09080624200635773, 0.2887291742149278, -0.1832663698947967, 0.2296067077727328, 0.2566256647302842, 0.14693721140415383, -0.29973500335152364, 0.05170349704303078, -0.22941573387056077], [-0.34965174155561163, 8.403533526581472e-15, 0.32659137634444096, -1.3933832729072997e-14, 0.32310323734830687, -2.398089643514553e-14, -0.32179568301654815, 6.8796938931693004e-15, 0.3210794446541788, 4.158244578587601e-15, 0.3206489186895113, 1.1468127088650957e-15, -0.32014702367337744, 2.392003748184632e-15, 0.31979068282620776, -9.007685345605071e-15, -0.3159652727098288, -4.956331585353307e-15, -0.2294157338705625], [0.34271856753658375, 0.12428998629834154, -0.2780244774467295, 0.2136713612333151, -0.20503017676143795, -0.279146007655623, 0.11362594975873347, 0.31510364270626784, -0.011680096885735576, 0.3183334375447232, 0.09080624200636674, -0.28872917421492117, -0.18326636989480533, -0.22960670777272577, 0.2566256647302814, -0.14693721140416585, -0.2997350033515183, -0.05170349704303695, -0.2294157338705614], [-0.32237550382812596, -0.23072874250982398, 0.14691117872673737, -0.32176386792958994, -0.06283024590685876, 0.2794082943785209, 0.24151839893474572, -0.12440068940960256, -0.3203022800467837, 0.07957052190061249, -0.26927327308137256, -0.25027219310434595, 0.11046644272456542, -0.319864535515385, 0.09201319967269583, -0.2606966669774557, -0.252606164301779, -0.1021959995855533, -0.2294157338705617], [0.2899794918082424, 0.30443035699726717, 0.02761473144037596, 0.2713701448750838, 0.28495955582461946, -0.0009146573850420356, -0.2847522783921847, -0.2659338192362334, 0.03549713921291366, -0.29863800607735314, -0.24288984235723696, 0.07219418614656774, 0.3098364944088118, -0.2156750021485644, -0.10906537823580503, -0.31537076742120335, -0.17911588727852124, -0.15029199151792108, -0.22941573387056338], [-0.24771530194502175, -0.33595087785119093, -0.19415756886160138, -0.0881390794096418, -0.30039127152214096, -0.2786607334368848, -0.03913989005164456, 0.23056376000492562, 0.31772078436845763, -0.15311930938116075, 0.13289028746714143, 0.31293926430892366, 0.24352591835515852, 0.02010225643162236, -0.26678625425769903, -0.29800615256208185, -0.0863448782173483, -0.19485580523696275, -0.22941573387056308], [0.19851861918556507, 0.32294753343827953, 0.3053256237512904, -0.13791612747023468, 0.09942400136893485, 0.28272085066650854, 0.3130420209922681, 0.1729834112349313, -0.06161230677894293, 0.2620610419548986, 0.317603726432915, 0.1971306557868202, -0.03267785834740898, 0.24379158513563945, -0.3175497804235162, -0.21146337145920102, 0.016753941362111308, -0.23482357814408394, -0.22941573387056238], [-0.14594521529871368, -0.2706624434921109, -0.33263432068181925, 0.29906189720532456, 0.17246030477997196, -0.009811989917721507, -0.1883593358872003, -0.3026879038029391, -0.3130015628943149, 0.21498473968598644, 0.04218843044769044, -0.1451656836476726, -0.28100512184094406, 0.31680386177519804, -0.23882978633532354, -0.0738341341986643, 0.12019833762657894, -0.2692209145901591, -0.22941573387056147], [0.09414825593950045, 0.19147667199041923, 0.275938379899587, -0.3257989286047839, -0.32659163554014464, -0.2738035844690365, -0.17386669440624733, -0.043074911694135694, 0.09543738973112664, -0.2161580863351478, -0.29618707103072106, -0.3198600784413417, -0.2819497877068016, 0.18900058706386721, -0.05819194913972801, 0.08544130819844295, 0.21390126574897672, -0.2971727850799159, -0.22941573387056047], [-0.047830102215500846, -0.10331482135242957, -0.16387905685319934, 0.2226787037365401, 0.2733233092794878, 0.3102018528608243, 0.3288639795546028, 0.3263784941327551, 0.30158361015462787, -0.25522342778007173, -0.18990447043020306, -0.10993872061661715, -0.02098497079599194, -0.07032327756988, 0.1569762410912477, 0.2318675455119926, 0.28856354167826664, -0.3178972935271878, -0.22941573387055772], [0.013327059595285365, 0.029746868686467167, 0.04960982185313199, -0.07219893545405609, -0.09687546019658842, -0.12302407711720917, -0.15003430899479672, -0.17729106594968067, -0.20418239918844636, 0.23009656369004855, 0.25444151120066866, 0.2766328730017042, 0.29612876493410023, -0.31238121310762784, 0.3249127014847567, 0.33309053299778507, 0.33636748308818976, -0.3306567576567109, -0.2294157338705558]]

