[shined]
shined = [0, 1]

[amplitude]
pulse_type = AM
shape = rectangular
mu = 2092199.244253694
delta_t = 1.4999999999999999e-05
segnum = 36
amp_list0 = [0.0724552116724255, -0.22739619887791074, 0.22196222204236565, 0.07399584281793466, -0.2170278276453977, -0.06342563423871968, 0.20668083322538985, 0.09966889451841421, -0.18215908577081988, -0.1497225476734345, 0.13768398825881795, 0.19811924658848673, -0.06749822229773579, -0.22432859761354598, -0.017796158238053295, 0.21894199333971479, 0.10544004307935004, -0.17693051746815097, -0.1769969355435471, 0.10540661012008294, 0.2190364301906673, -0.017797466735169225, -0.22443914412165614, -0.06746594722521933, 0.19822727985454253, 0.1376362362975703, -0.1498171105893276, -0.182114997483966, 0.09975608991400758, 0.2066418784455893, -0.06351655727842322, -0.21696663842957215, 0.07407174390966102, 0.22183878197918228, -0.22732878697527426, 0.0724412876823159]
amp_list1 = [0.0724552116724255, -0.22739619887791074, 0.22196222204236565, 0.07399584281793466, -0.2170278276453977, -0.06342563423871968, 0.20668083322538985, 0.09966889451841421, -0.18215908577081988, -0.1497225476734345, 0.13768398825881795, 0.19811924658848673, -0.06749822229773579, -0.22432859761354598, -0.017796158238053295, 0.21894199333971479, 0.10544004307935004, -0.17693051746815097, -0.1769969355435471, 0.10540661012008294, 0.2190364301906673, -0.017797466735169225, -0.22443914412165614, -0.06746594722521933, 0.19822727985454253, 0.1376362362975703, -0.1498171105893276, -0.182114997483966, 0.09975608991400758, 0.2066418784455893, -0.06351655727842322, -0.21696663842957215, 0.07407174390966102, 0.22183878197918228, -0.22732878697527426, 0.0724412876823159]

