[phonon]
partialpos = [0.0e+00 5.0e-06 1.0e-05 1.5e-05 2.0e-05 2.5e-05 3.0e-05 3.5e-05 4.0e-05
	 4.5e-05 5.0e-05 5.5e-05 6.0e-05 6.5e-05]
z_freqcal = [2018968.8330220853, 2024326.2276140759, 2032182.8412145288, 2042345.3008018413, 2054572.651569745, 2068571.2421150412, 2083989.3655667275, 2100409.122940661, 2117332.213978948, 2134156.059959527, 2150127.416765351, 2164255.795771619, 2175073.821426607, 2179999.9999999995]
z_modes = [[-0.024301271188872896, -0.05408350479066478, -0.08967246760179552, 0.12929891105527136, 0.1712374281118288, 0.2137671741286239, -0.2551540044988961, 0.2937119812035655, -0.32777724693960747, 0.3558376871357332, 0.37628534825148935, 0.3877429592621054, 0.38459574497722154, -0.26726124191242534], [0.08603919369656383, 0.1802432876086875, 0.27207823019545535, -0.3437979533920894, -0.38089269898095446, -0.37404014788615236, 0.3205578420548709, -0.22489253655884717, 0.09820892562275492, 0.04322901910133101, 0.17997667866173728, 0.2924642196300451, 0.35874436250317, -0.26726124191242484], [-0.16525675862968583, -0.30885688746526474, -0.38434798194889225, 0.35311315848476654, 0.21499901497214552, 0.009135007023409896, 0.19901365104557567, -0.3401034164814838, 0.3654811751535425, -0.26473923255002335, -0.07087043994824661, 0.1504968618766954, 0.31707524991313146, -0.26726124191242456], [0.24697925991781675, 0.38397627012440383, 0.32638942096133844, -0.08711447921111669, 0.20099665381271836, 0.3667749641044464, -0.30865450023696817, 0.06117677668328735, 0.22336445513549558, -0.36757826625632295, -0.27999515929674557, -0.01282442752574507, 0.261753637313704, -0.26726124191242506], [-0.31960116465660365, -0.37288685406417554, -0.10759195732792162, -0.25012532115413855, -0.36952440173434903, -0.13747925569393968, -0.2250418386062851, 0.3704685241253839, -0.15862001713850987, -0.20554502278095485, -0.3684941211134467, -0.16902046281809427, 0.1952913887909426, -0.26726124191242434], [0.373645744024024, 0.2701781558219479, -0.16631746942025616, 0.3736467318872919, 0.07901684890882726, -0.3200017947417801, 0.284799859869435, 0.13619734029665184, -0.3712541859010197, 0.10151977341819475, -0.3049694627349259, -0.29104326809133424, 0.12056820059785413, -0.2672612419124247], [-0.4024203123442519, -0.09857046723491888, 0.3527624270642041, -0.1750210476699918, 0.31013274239454613, 0.24184405306538734, 0.25594976218262083, -0.29655866926855534, -0.1909422261341729, 0.3372760419320445, -0.11748843706967975, -0.35781588233368095, 0.04076146503602625, -0.26726124191242645], [0.4024203123442342, -0.09857046723498393, -0.352762427064202, -0.17502104766997834, -0.3101327423945382, 0.24184405306540185, -0.2559497621826176, -0.29655866926856295, 0.1909422261341828, 0.3372760419320436, 0.11748843706968716, -0.3578158823336796, -0.040761465036029995, -0.2672612419124252], [-0.3736457440239798, 0.270178155822004, 0.1663174694202564, 0.37364673188730174, -0.07901684890883466, -0.3200017947417818, -0.2847998598694321, 0.13619734029665065, 0.3712541859010157, 0.1015197734181862, 0.3049694627349282, -0.2910432680913308, -0.12056820059785815, -0.2672612419124263], [0.3196011646565482, -0.37288685406421024, 0.10759195732791466, -0.25012532115416053, 0.3695244017343403, -0.1374792556939574, 0.2250418386062735, 0.3704685241253896, 0.1586200171385023, -0.20554502278096295, 0.3684941211134474, -0.16902046281809097, -0.19529138879094543, -0.26726124191242473], [-0.24697925991776273, 0.3839762701244261, -0.3263894209613404, -0.0871144792110975, -0.20099665381271675, 0.36677496410446375, 0.30865450023696644, 0.06117677668328826, -0.2233644551355023, -0.3675782662563228, 0.279995159296739, -0.012824427525738633, -0.261753637313706, -0.2672612419124245], [0.16525675862965122, -0.3088568874652864, 0.38434798194890835, 0.3531131584847609, -0.214999014972126, 0.009135007023410704, -0.19901365104556978, -0.3401034164814909, -0.3654811751535399, -0.2647392325500145, 0.07087043994823672, 0.15049686187670272, -0.31707524991313213, -0.26726124191242334], [-0.08603919369654803, 0.1802432876087047, -0.27207823019547395, -0.34379795339209135, 0.38089269898092587, -0.3740401478861636, -0.32055784205486626, -0.22489253655885275, -0.09820892562275198, 0.043229019101335336, -0.17997667866174166, 0.29246421963004837, -0.3587443625031667, -0.2672612419124213], [0.024301271188869798, -0.05408350479067107, 0.08967246760180114, 0.12929891105526997, -0.1712374281118137, 0.2137671741286294, 0.25515400449889336, 0.29371198120357617, 0.3277772469396114, 0.35583768713573294, -0.37628534825148946, 0.387742959262106, -0.384595744977216, -0.2672612419124205]]

