[result]
infid = 0.00044885937031802214
tracedist = 0.014304062387539528
infid_ideal = 0.14655169609478702

