[phonon]
partialpos = [0.0e+00 5.0e-06 1.0e-05 1.5e-05 2.0e-05 2.5e-05 3.0e-05 3.5e-05 4.0e-05
	 4.5e-05 5.0e-05 5.5e-05 6.0e-05 6.5e-05 7.0e-05 7.5e-05 8.0e-05 8.5e-05
	 9.0e-05 9.5e-05 1.0e-04]
z_freqcal = [2017397.5587940842, 2019834.4517105236, 2023455.3806600699, 2028217.8382461758, 2034070.1947733902, 2040950.5995233331, 2048786.478323049, 2057494.0847483978, 2066977.954774226, 2077130.1410538463, 2087829.1339211352, 2098938.2686454854, 2110303.465877344, 2121749.820789879, 2133076.6803179597, 2144049.739998652, 2154388.9474523184, 2163746.062384466, 2171665.012924849, 2177472.7745071123, 2179999.9999999995]
z_modes = [[0.010937799537228768, -0.0244240593862206, 0.040772949787002154, -0.059439177759643046, 0.07995297193891923, -0.10187198885186022, 0.12476202217522508, 0.14818738147898927, -0.17171249422543033, 0.19489969670919377, 0.21731850077219117, 0.23854155792720577, 0.25816077362776757, -0.2757728390725697, 0.2910084989975474, -0.3034840166042171, 0.31286937656112773, -0.31867639415197957, 0.32048112864745276, -0.31454288960071425, -0.2182178902360086], [-0.039371078345121976, 0.08558604372511536, -0.13714962015267781, 0.18910122615918368, -0.23674805071350852, 0.2758040775944024, -0.3026012129757901, -0.3143156210545268, 0.30915582084294474, -0.2865024014535344, -0.24696113231731495, -0.19235248892794515, -0.12559323853011187, 0.05053937561513781, 0.02828890166822937, -0.10593717498807069, 0.1774062092612457, -0.23772621393783286, 0.28247072345422336, -0.304433546389567, -0.21821789023600904], [0.077908570613816, -0.16125672160342866, 0.23921108533389648, -0.29522468162334486, 0.31674818763502155, -0.29704429366610513, 0.2362816069273026, 0.14159971255476914, -0.0260723388642079, -0.09332479123126802, -0.19840719240301416, -0.2727466500307879, -0.3043702362970767, 0.28782790070849334, -0.2251643549581507, 0.12581058415590746, -0.005123653613175295, -0.11764721823404517, 0.22252907979028574, -0.2879905256626177, -0.21821789023600552], [-0.12171788135856813, 0.23388325604578566, -0.30631710699634646, 0.30953187825836515, -0.23531855112890035, 0.09926838655805659, 0.06350365031109276, 0.20844443468769544, -0.29465591061704743, 0.29715063308118195, 0.21463710408958905, 0.07039227167524578, -0.09408763749958188, 0.2309818125471964, -0.2999949094286261, 0.28032737203513935, -0.17686557428862762, 0.01940996079505689, 0.14596558805542278, -0.2657423441817792, -0.21821789023600427], [0.16731116071146487, -0.2897660689320663, 0.3126616708199597, -0.21163823510035593, 0.022202093402468214, 0.1759913837835203, -0.2956440063325544, -0.2825973634279582, 0.1419245920216554, 0.06310512099023283, 0.23921024486734146, 0.30565816633972764, 0.23165752929398964, -0.051001382432946066, -0.15294077505961262, 0.28549886606378394, -0.28428472143782674, 0.14878915484071534, 0.059112355588032836, -0.2382278713321434, -0.21821789023600027], [-0.21159711107245063, 0.3184137380644312, -0.25001508980523507, 0.03237477037143367, 0.2035390614567955, -0.3079473104267321, 0.21272387481844235, -0.020941767985048907, 0.24050078625024887, -0.3016321711742922, -0.1637538803783261, 0.08229090241382783, 0.2736930129363902, -0.28336992887625234, 0.10475029943676455, 0.14331626442168222, -0.29482593228289256, 0.24748748675329824, -0.031011142275332734, -0.2060402348179993, -0.218217890235998], [0.25186899590110357, -0.3136021999215697, 0.1294733651250221, 0.15953492727347612, -0.30801381938669053, 0.18645460673778996, 0.09882969551201579, 0.2960089039509253, -0.2301713552473251, -0.04031201802684902, -0.27454174855398766, -0.2634676472055427, -0.016872042974902284, -0.24465858085233946, 0.2868675428993893, -0.07180711598485652, -0.20706667375706173, 0.2981890978562008, -0.11719002730687636, -0.1698369644681786, -0.21821789023599264], [-0.285782358592796, 0.2738746179727421, 0.02183823385365117, -0.28714766888036936, 0.22742718709938053, 0.08942169163731384, -0.30336192828517894, -0.1705925740731015, -0.15699824504137308, 0.30429978314174105, 0.10251166868650441, -0.21671406034179447, -0.2866510930672157, 0.02696033478918127, 0.2635877873132662, -0.2504094488303907, -0.05097627865632759, 0.2923317208892187, -0.19255612051932836, -0.1303376994550016, -0.2182178902359908], [0.3114325268125398, -0.2026559566192293, -0.16781902917351885, 0.2981183152071784, -0.009439230309759806, -0.290822399160807, 0.17893342441178514, -0.18601795734240312, 0.28647282370009475, 0.01981602123675032, 0.2975840098256453, 0.15214234587381664, -0.2094443482356385, 0.2727412669414285, 0.0522227314696895, -0.3024916416733264, 0.12183795759924983, 0.23161821707326025, -0.2511168640418539, -0.08831606035381283, -0.21821789023598606], [-0.3274032153967255, 0.10769689183354768, 0.27284609673546456, -0.18740741494419358, -0.21422533886434528, 0.24964162988669059, 0.13983845259784575, 0.2900362458726462, 0.054506435985684575, -0.305519479391155, -0.03485873713294045, 0.29500246164767485, 0.12090724716738394, 0.25947153496597075, -0.19622767202590746, -0.20211760586406352, 0.25478245320789833, 0.12768769785919024, -0.2882217245823925, -0.044588295694353464, -0.21821789023598534], [0.33282518237902525, -1.8483073150567485e-14, -0.3110051110544349, 8.199709980334857e-15, 0.30775097774124427, 2.1809948835684564e-15, -0.30653115832036304, -1.0556678699693302e-14, -0.3059002296105005, 1.1422889592944192e-15, -0.30547767491137834, 6.401539902577581e-15, 0.30520006715798426, 5.233357988509752e-15, -0.3047961006251754, 3.592631185797577e-15, 0.30449367481279965, -3.4701052685821716e-15, -0.30092599361945205, 1.2000293102285414e-14, -0.21821789023598578], [-0.32740321539673295, -0.10769689183351279, 0.2728460967354832, 0.18740741494418062, -0.214225338864352, -0.24964162988669206, 0.13983845259782934, -0.2900362458726385, 0.05450643598570297, 0.30551947939115415, -0.03485873713293494, -0.29500246164767097, 0.12090724716739322, -0.25947153496596465, -0.19622767202590913, 0.2021176058640671, 0.25478245320789333, -0.12768769785919631, -0.2882217245823905, 0.04458829569437863, -0.21821789023598887], [0.3114325268125519, 0.20265595661919186, -0.1678190291735517, -0.29811831520716753, -0.009439230309749885, 0.2908223991608011, 0.17893342441180113, 0.18601795734241874, 0.286472823700087, -0.019816021236755337, 0.297584009825645, -0.15214234587382253, -0.20944434823563104, -0.2727412669414278, 0.0522227314696896, 0.30249164167332415, 0.12183795759924103, -0.23161821707326416, -0.2511168640418482, 0.08831606035383799, -0.21821789023599036], [-0.28578235859281204, -0.27387461797271456, 0.021838233853684816, 0.28714766888037, 0.2274271870993788, -0.08942169163730414, -0.30336192828518177, 0.1705925740730897, -0.1569982450413892, -0.30429978314174494, 0.10251166868650032, 0.2167140603417903, -0.28665109306722086, -0.026960334789186666, 0.26358778731326943, 0.25040944883038324, -0.05097627865634277, -0.29233172088922027, -0.19255612051931548, 0.13033769945502524, -0.21821789023598928], [0.2518689959011261, 0.31360219992155824, 0.12947336512499696, -0.15953492727349056, -0.30801381938670036, -0.18645460673779185, 0.0988296955120106, -0.29600890395093377, -0.23017135524730353, 0.0403120180268591, -0.27454174855398683, 0.2634676472055424, -0.016872042974910368, 0.24465858085233302, 0.286867542899388, 0.07180711598484578, -0.20706667375707075, -0.2981890978561962, -0.11719002730686169, 0.1698369644681976, -0.21821789023598828], [-0.21159711107247495, -0.3184137380644314, -0.25001508980521975, -0.03237477037141193, 0.20353906145680487, 0.30794731042671863, 0.21272387481845018, 0.02094176798505789, 0.24050078625024726, 0.3016321711742926, -0.16375388037832583, -0.08229090241381926, 0.27369301293638837, 0.2833699288762531, 0.10475029943676271, -0.14331626442169088, -0.29482593228289444, -0.2474874867532883, -0.03101114227531414, 0.2060402348180147, -0.21821789023598878], [0.16731116071148777, 0.28976606893207196, 0.3126616708199538, 0.21163823510033422, 0.022202093402464047, -0.1759913837835049, -0.29564400633256027, 0.28259736342796604, 0.14192459202163782, -0.0631051209902431, 0.23921024486734255, -0.3056581663397255, 0.23165752929399716, 0.051001382432950715, -0.1529407750596178, -0.2854988660637879, -0.2842847214378215, -0.14878915484070307, 0.059112355588050856, 0.23822787133215267, -0.21821789023598698], [-0.12171788135858738, -0.23388325604579593, -0.30631710699635123, -0.30953187825834955, -0.23531855112889866, -0.09926838655805653, 0.06350365031109291, -0.20844443468771062, -0.29465591061704016, -0.29715063308118056, 0.21463710408958625, -0.0703922716752485, -0.09408763749957685, -0.2309818125471933, -0.2999949094286325, -0.2803273720351373, -0.17686557428861707, -0.01940996079504305, 0.14596558805544038, 0.26574234418178244, -0.2182178902359859], [0.07790857061383116, 0.1612567216034389, 0.23921108533390356, 0.2952246816233325, 0.31674818763501744, 0.2970442936660883, 0.2362816069273106, -0.14159971255477105, -0.026072338864198158, 0.09332479123127409, -0.19840719240301388, 0.27274665003078274, -0.30437023629707943, -0.2878279007084955, -0.2251643549581569, -0.1258105841559045, -0.005123653613165672, 0.11764721823405756, 0.2225290797903034, 0.28799052566261935, -0.21821789023598626], [-0.039371078345130824, -0.08558604372512335, -0.13714962015268517, -0.18910122615917865, -0.23674805071350785, -0.27580407759438913, -0.3026012129758061, 0.31431562105454763, 0.30915582084293225, 0.28650240145352796, -0.24696113231730718, 0.19235248892793944, -0.1255932385301121, -0.05053937561513709, 0.028288901668232416, 0.10593717498807487, 0.1774062092612515, 0.23772621393783983, 0.28247072345423596, 0.30443354638956255, -0.21821789023598556], [0.010937799537231525, 0.024424059386223548, 0.040772949787005304, 0.05943917775964217, 0.07995297193891888, 0.10187198885185476, 0.12476202217523212, -0.1481873814790015, -0.17171249422542703, -0.19489969670919305, 0.2173185007721865, -0.23854155792719914, 0.2581607736277697, 0.2757728390725729, 0.2910084989975583, 0.3034840166042205, 0.3128693765611294, 0.3186763941519825, 0.32048112864746253, 0.31454288960070603, -0.21821789023598315]]

