[shined]
shined = [0, 1]

[amplitude]
pulse_type = AM
shape = rectangular
mu = 2085419.1950468598
delta_t = 1.4999999999999999e-05
segnum = 36
amp_list0 = [-0.159284577903402, 0.23542786022077403, -0.060298957794288705, -0.24190141559050696, 0.037050113200398735, 0.18942337738985646, -0.06105234620950182, -0.2310565470225385, -0.052835781288670024, 0.21170288649900437, 0.015969061016181063, -0.23497157168883492, -0.09192013061027023, 0.17576107358473575, 0.08960177805278188, -0.17752453681718, -0.13317734444284726, 0.1387651372221853, 0.13956905311043669, -0.13239827929083253, -0.17809433554239046, 0.08880761746395253, 0.1759744436965712, -0.09090885574648229, -0.23480393174979344, 0.01479072634280126, 0.2111635728157169, -0.05145911220107713, -0.23012455386831607, -0.06260653038891725, 0.18800363798995443, 0.03903207077404464, -0.2395810500853882, -0.06598959091466007, 0.23965414173320707, -0.16055306681186113]
amp_list1 = [-0.159284577903402, 0.23542786022077403, -0.060298957794288705, -0.24190141559050696, 0.037050113200398735, 0.18942337738985646, -0.06105234620950182, -0.2310565470225385, -0.052835781288670024, 0.21170288649900437, 0.015969061016181063, -0.23497157168883492, -0.09192013061027023, 0.17576107358473575, 0.08960177805278188, -0.17752453681718, -0.13317734444284726, 0.1387651372221853, 0.13956905311043669, -0.13239827929083253, -0.17809433554239046, 0.08880761746395253, 0.1759744436965712, -0.09090885574648229, -0.23480393174979344, 0.01479072634280126, 0.2111635728157169, -0.05145911220107713, -0.23012455386831607, -0.06260653038891725, 0.18800363798995443, 0.03903207077404464, -0.2395810500853882, -0.06598959091466007, 0.23965414173320707, -0.16055306681186113]

