[phonon]
partialpos = [0.0e+00 5.0e-06 1.0e-05 1.5e-05 2.0e-05 2.5e-05 3.0e-05 3.5e-05 4.0e-05
	 4.5e-05 5.0e-05]
z_freqcal = [2020684.1744026267, 2029164.0579909878, 2041430.2074574367, 2057008.0805739863, 2075295.6644776068, 2095542.7256161126, 2116818.1837324016, 2137943.309000494, 2157358.7890169327, 2172748.168848716, 2180000.0]
z_modes = [[-0.03891829192721624, -0.08615297061260054, -0.141490967548214, 0.20108584414799585, 0.26108255790712487, 0.3175946583309648, -0.366928678920468, 0.4054014051578805, 0.4298323211311634, -0.432348797423521, -0.3015113445777602], [0.13530046243403954, 0.27145617467704497, 0.38130587230975843, -0.4308442888651752, -0.40024890417620207, -0.2888351433922713, 0.11555542572472678, 0.0844527010325561, 0.26802664790925157, -0.3874619274352459, -0.3015113445777618], [-0.2513750875434917, -0.4157350070382891, -0.4061743130715371, 0.2047486085717647, -0.09727767077226564, -0.34688327703726823, 0.4118689964197019, -0.2551170357984804, 0.042718689254608554, -0.315958385500493, -0.3015113445777636], [0.35714659667218485, 0.4203993504621972, 0.12807640040286541, 0.2736226298171831, 0.4161589369194627, 0.16529270159889622, 0.2409439221109436, -0.41385643703498654, -0.18409622173226298, -0.22315065517656454, -0.3015113445777629], [-0.4303994924673013, -0.2632831193566244, 0.2507832919109347, -0.39641688381727236, 0.03013879099114943, 0.409949030796786, -0.19260561440196172, -0.3035713911988785, -0.35064177881643693, -0.11542034431068367, -0.3015113445777623], [0.45649162566356377, -3.424690022417818e-15, -0.42500056800761077, -2.177741153767921e-15, -0.41970742173853587, 3.2827655421799902e-15, -0.4176681018658883, -4.75640725892158e-15, -0.4116793154926451, -4.527446811940761e-15, -0.30151134457776074], [-0.43039949246728904, 0.26328311935663273, 0.25078329191092835, 0.3964168838172776, 0.0301387909911505, -0.4099490307967897, -0.19260561440196194, 0.3035713911988782, -0.35064177881643716, 0.11542034431068017, -0.30151134457776485], [0.35714659667217585, -0.4203993504622085, 0.12807640040286394, -0.2736226298171874, 0.41615893691945577, -0.16529270159889753, 0.2409439221109404, 0.4138564370349882, -0.18409622173226384, 0.22315065517656107, -0.30151134457776557], [-0.2513750875434829, 0.4157350070382987, -0.4061743130715329, -0.2047486085717691, -0.09727767077226468, 0.3468832770372698, 0.4118689964196977, 0.2551170357984832, 0.04271868925460591, 0.3159583855004882, -0.30151134457776546], [0.1353004624340338, -0.27145617467704874, 0.38130587230975144, 0.4308442888651823, -0.40024890417619885, 0.2888351433922755, 0.11555542572472749, -0.08445270103255455, 0.2680266479092485, 0.3874619274352413, -0.301511344577766], [-0.038918291927213834, 0.08615297061260115, -0.1414909675482112, -0.20108584414799854, 0.2610825579071206, -0.31759465833096523, -0.36692867892046455, -0.40540140515788337, 0.42983232113116215, 0.4323487974235189, -0.3015113445777661]]

