[result]
infid = 0.0010124703123275403
tracedist = 0.014779594705253538
infid_ideal = 0.15595994012299452

