[phonon]
partialpos = [0.0e+00 5.0e-06 1.0e-05 1.5e-05 2.0e-05 2.5e-05 3.0e-05 3.5e-05 4.0e-05]
z_freqcal = [nan, nan, nan, nan, nan, nan, nan, 65635.05571536535, 217999.99999999997]
z_modes = [[-0.057374124032069485, -0.12600513526227605, -0.20415395454673724, 0.2843440510702087, -0.359125743522031, 0.4210752472526347, 0.46362372886115094, 0.47535965611277003, -0.33333333333333354], [0.19487599902989372, 0.36908475953290515, 0.468700808576728, -0.44483948430209025, 0.29076345105403895, -0.046025917337604444, 0.21607499036597197, 0.4046923379798796, -0.33333333333333365], [-0.34679964058911694, -0.48259532147804685, -0.3018363870480722, -0.09001974423072687, 0.40974490746693804, -0.41545313417655344, -0.09809589407729143, 0.2939334867602105, -0.33333333333333265], [0.46060185741088827, 0.33911782886716324, -0.19620478468776853, 0.46169550514973534, -0.11082697212018602, -0.3846764151689616, -0.35490263813449185, 0.15446816591684448, -0.33333333333333265], [-0.5026081836391937, -7.919012667834124e-15, 0.46698863541170144, -3.946495907847236e-15, -0.46111128575752175, -6.444497713253838e-16, -0.45340037403068134, 1.43982048506075e-16, -0.3333333333333329], [0.4606018574108959, -0.33911782886715136, -0.19620478468777586, -0.46169550514973356, -0.11082697212018393, 0.38467641516896045, -0.3549026381344919, -0.15446816591684515, -0.3333333333333334], [-0.34679964058912555, 0.4825953214780424, -0.301836387048067, 0.090019744230732, 0.4097449074669384, 0.4154531341765544, -0.09809589407729276, -0.2939334867602101, -0.3333333333333334], [0.19487599902989977, -0.36908475953290754, 0.4687008085767302, 0.44483948430208736, 0.2907634510540362, 0.04602591733760389, 0.2160749903659723, -0.40469233797987864, -0.33333333333333365], [-0.057374124032072454, 0.12600513526227905, -0.20415395454673954, -0.2843440510702078, -0.3591257435220292, -0.4210752472526346, 0.46362372886115266, -0.4753596561127694, -0.3333333333333337]]

