[shined]
shined = [0, 1]

[amplitude]
pulse_type = AM
shape = rectangular
mu = 2098546.313520689
delta_t = 1.4999999999999999e-05
segnum = 10
amp_list0 = [0.5182873945098293, -0.779130140070385, 0.04087180608310807, 0.8588448451961711, -0.46593955103144286, -0.5054286906759512, 0.8514691979823458, 0.0851801963594085, -0.7781095596324697, 0.4803072659243767]
amp_list1 = [0.5182873945098293, -0.779130140070385, 0.04087180608310807, 0.8588448451961711, -0.46593955103144286, -0.5054286906759512, 0.8514691979823458, 0.0851801963594085, -0.7781095596324697, 0.4803072659243767]

