[shined]
shined = [0, 1]

[amplitude]
pulse_type = AM
shape = rectangular
mu = 2098546.313520689
delta_t = 1.4999999999999999e-05
segnum = 15
amp_list0 = [0.31734815609041395, -0.4993178077002578, 0.12096367059144118, 0.4998251621790923, -0.09337354761019488, -0.4994529226285374, 0.01878115690229226, 0.49937327087285677, -0.02499472463258256, -0.4998628081808897, 0.2826515947223622, 0.49636378024723854, -0.38259107026910216, -0.4918290994752717, 0.49017677425786566]
amp_list1 = [0.31734815609041395, -0.4993178077002578, 0.12096367059144118, 0.4998251621790923, -0.09337354761019488, -0.4994529226285374, 0.01878115690229226, 0.49937327087285677, -0.02499472463258256, -0.4998628081808897, 0.2826515947223622, 0.49636378024723854, -0.38259107026910216, -0.4918290994752717, 0.49017677425786566]

