[result]
infid = 0.005867231836388043
tracedist = 0.012930323205447718
infid_ideal = -1.3358724304524117e-06
bound_eq26 = 0.0237575056552154

