[phonon]
partialpos = [0.0e+00 5.0e-06 1.0e-05 1.5e-05 2.0e-05 2.5e-05 3.0e-05 3.5e-05 4.0e-05
	 4.5e-05 5.0e-05 5.5e-05 6.0e-05 6.5e-05 7.0e-05]
z_freqcal = [2018607.3210337292, 2023298.1037160642, 2030197.4520329128, 2039155.8688958385, 2049987.8918891903, 2062468.357599642, 2076329.1168422438, 2091254.2037792576, 2106872.2281277874, 2122743.268438347, 2138337.327075466, 2152993.021388876, 2165841.4857498766, 2175596.384764425, 2180000.0]
z_modes = [[0.02122454916767259, -0.04728056468456475, 0.07853429662572217, -0.11355339389460573, 0.15097007368540105, 0.18941609952298838, -0.227526716773807, 0.26393444452636444, 0.29732544532613125, -0.32640429490813966, 0.3500059450164751, -0.3668477639759382, 0.37583010007151635, -0.37177046615290277, -0.2581988897471736], [-0.07543300016422994, 0.15941737223720645, -0.2441071459639087, 0.31508785574154136, -0.3600012522557901, -0.3699514170683214, 0.34063018399971473, -0.27298595771183976, -0.17316804392241292, 0.05192138620089054, 0.07681410673499067, -0.19728827112681555, 0.29417255956681265, -0.3497168400652596, -0.2581988897471743], [0.14589048024702553, -0.2793719843651422, 0.36315720475678576, -0.3614354078024702, 0.26551020923550034, 0.09686864684576602, 0.09880789688555941, -0.2653135861004655, -0.35308474042267063, 0.3348747181528187, -0.21459955515261692, 0.027363266065361203, 0.17083814285340435, -0.314087697052299, -0.2581988897471712], [-0.2203076886373203, 0.3607304160179541, -0.34555105476019476, 0.16335223498549362, 0.10073062298315254, 0.31052714561688377, -0.3540028997360416, 0.20663401091515166, -0.05250736315175755, 0.2822419800184116, -0.3557114760706009, 0.2309661209736461, 0.025296944344515515, -0.2665689541761335, -0.2581988897471741], [0.28918570322687287, -0.37360121068040403, 0.18044499079177165, 0.1527363618207682, -0.3566339343069743, -0.2612426579233256, -0.05400928678894547, 0.3226546789784286, 0.31624556424121203, -0.03997239548097202, -0.2694444105440608, 0.345580096434589, -0.12011766833514387, -0.20908509157311167, -0.2581988897471766], [-0.34453059607488784, 0.30749364902332926, 0.06546569305733732, -0.3539066240852206, 0.2201717028539811, -0.17556697621402442, 0.3589945244905305, -0.10986070883396816, 0.2712543638080027, -0.3239199196520389, -0.015058939310342781, 0.3342020878884867, -0.24328562605362503, -0.14383834280212404, -0.25819888974717065], [0.3802945497155243, -0.17333580741411483, -0.28109981853800947, 0.28622974761103986, 0.16034692714799914, 0.34982189452370316, 0.017417390521012797, -0.3557428077082761, -0.12627513294560178, -0.3040409298597502, 0.24851779964582, 0.2031977366347883, -0.3255322907613103, -0.07327154374520908, -0.25819888974716776], [-0.3926479949613101, 1.6631227645058644e-14, 0.3663116680610027, 5.458632677812769e-15, -0.3621886986865288, -1.9356044544949214e-14, -0.3606221851960646, 7.484898117970928e-15, -0.35958018586583235, 4.431188489056881e-15, 0.35895305936071004, -1.9580257554219216e-14, -0.3544043233723535, 1.607134564318713e-14, -0.25819888974716326], [0.3802945497155059, 0.1733358074140885, -0.28109981853803595, -0.2862297476110499, 0.1603469271480093, -0.34982189452369544, 0.017417390521052, 0.355742807708282, -0.12627513294559198, 0.30404092985975595, 0.2485177996458038, -0.20319773663482102, -0.32553229076130114, 0.07327154374524127, -0.2581988897471581], [-0.344530596074867, -0.3074936490233215, 0.06546569305738449, 0.35390662408522844, 0.22017170285397128, 0.17556697621406508, 0.358994524490528, 0.10986070883394822, 0.27125436380801354, 0.32391991965203526, -0.015058939310367177, -0.33420208788850264, -0.24328562605361131, 0.14383834280215252, -0.25819888974715305], [0.28918570322686765, 0.3736012106804367, 0.1804449907917285, -0.1527363618207776, -0.356633934306982, 0.261242657923297, -0.05400928678898567, -0.32265467897843775, 0.3162455642412075, 0.03997239548096442, -0.2694444105440764, -0.34558009643457993, -0.12011766833512308, 0.20908509157313965, -0.25819888974715105], [-0.2203076886373245, -0.36073041601800765, -0.34555105476016335, -0.16335223498548693, 0.10073062298316121, -0.31052714561689465, -0.3540028997360258, -0.2066340109151406, -0.05250736315175689, -0.2822419800184083, -0.35571147607060133, -0.23096612097362823, 0.02529694434452996, 0.2665689541761617, -0.2581988897471488], [0.14589048024702625, 0.279371984365182, 0.36315720475675184, 0.3614354078024558, 0.2655102092355068, -0.09686864684575586, 0.0988078968855716, 0.2653135861004671, -0.3530847404226719, -0.33487471815282305, -0.21459955515261803, -0.027363266065349792, 0.17083814285340904, 0.31408769705232825, -0.2581988897471469], [-0.07543300016423252, -0.15941737223723101, -0.24410714596388733, -0.31508785574153336, -0.3600012522558133, 0.3699514170683372, 0.34063018399970446, 0.27298595771182704, -0.1731680439224049, -0.05192138620088478, 0.07681410673500053, 0.19728827112682035, 0.2941725595668043, 0.34971684006528164, -0.25819888974714444], [0.021224549167673332, 0.04728056468457269, 0.07853429662571706, 0.1135533938946056, 0.1509700736854136, -0.18941609952299768, -0.22752671677380087, -0.263934444526354, 0.29732544532612804, 0.3264042949081467, 0.3500059450164908, 0.36684776397593793, 0.3758301000715014, 0.37177046615292464, -0.25819888974714306]]

