[phonon]
partialpos = [0.00e+00 5.00e-06 1.00e-05 1.50e-05 2.00e-05 2.50e-05 3.00e-05 3.50e-05
	 4.00e-05 4.50e-05 5.00e-05 5.50e-05 6.00e-05 6.50e-05 7.00e-05 7.50e-05
	 8.00e-05 8.50e-05 9.00e-05 9.50e-05 1.00e-04 1.05e-04 1.10e-04]
z_freqcal = [2017185.7487254757, 2019224.153220894, 2022258.6211574406, 2026258.90412834, 2031188.4949012585, 2037003.7871843167, 2043653.7358593906, 2051079.5945291168, 2059214.6273829108, 2067983.7298817025, 2077302.9132202212, 2087078.5704818715, 2097206.464913761, 2107570.2722513983, 2118039.5651628473, 2128466.824349806, 2138683.1994646466, 2148491.7668018052, 2157657.322377294, 2165887.5081997532, 2172799.70950863, 2177829.8066701987, 2179999.9999999995]
z_modes = [[-0.009137910963690678, 0.020409604333688398, -0.034092935743034285, -0.04975846206139252, -0.06704747662798895, -0.08562997525698018, -0.10518630329502604, -0.12539795290413303, 0.1459463840065433, -0.1665108507132202, 0.18677283238329723, -0.20641425232497226, 0.22512570573673898, -0.24260118714131956, 0.25855168592985645, -0.27268970811965093, 0.2847549329218801, 0.29446708682346623, 0.30158823713954735, 0.3057237125315184, 0.3065298594216094, -0.3005408969473836, -0.20851441405709178], [0.03296534799017955, -0.07199818333892315, 0.11624521605373668, 0.16200212442545012, 0.20575215779259837, 0.24420815939145762, 0.2744255116069316, 0.2939418606894618, -0.30090748709076864, 0.2941967956432935, -0.27347780578409975, 0.23924797758178754, -0.19281153687535357, 0.13622728879300133, -0.07218965924458606, 0.003906964433899561, 0.06509799672975485, 0.13112189438390207, 0.19054313997433953, 0.23978759255363843, 0.27570140330171977, -0.2923638179432599, -0.20851441405709184], [-0.06549242505448243, 0.1373332730044229, -0.20807600984343858, -0.26502654655588087, -0.2977872841591456, -0.2994355454809585, -0.2674153283216921, -0.20392142718901168, 0.11567381980981718, -0.013071508097418054, -0.09116368188149561, 0.1836976310942083, -0.252393297958972, 0.2880078918930577, -0.2854915034609311, 0.2447775409785795, -0.17084620118722385, -0.07321175758639815, 0.03534804667137549, 0.14016120820675138, 0.2267414768852604, -0.27905108366325143, -0.20851441405709215], [0.10292014130428859, -0.2029892094456008, 0.2781343951971135, 0.30340785837290707, 0.2669067138530429, 0.17264299888464602, 0.03971569326503127, -0.10221141732997405, 0.22014146685377858, -0.2859382045792275, 0.28346879015288434, -0.21286791582165984, 0.09083852742576912, 0.05319022773435186, -0.18408871332732873, 0.26961773061356137, -0.2883395950045634, -0.23508761749193552, -0.1223112755412164, 0.0224613241193654, 0.16339225388842427, -0.2609966418148084, -0.2085144140570903], [-0.14258392612701157, 0.25839081404739306, -0.3044986170993731, -0.25204418602993717, -0.11227066480534602, 0.0674714501405078, 0.22180861434923738, 0.29281850272580323, -0.25304524257456257, 0.11696824689939503, 0.063808962456427, -0.21999558219688875, 0.2912917516700824, -0.24988744661809753, 0.11159802713306603, 0.06996559621691806, -0.22393229798635367, -0.2897643401937941, -0.24082346702198093, -0.09543106514019443, 0.09010156862953082, -0.238587163820446, -0.208514414057092], [0.18212896364454315, -0.2949258481222979, 0.2762021787868248, 0.12052171468960618, -0.09679629063532906, -0.2611776615423934, -0.2832249069157942, -0.15007526887293296, -0.06559077252734886, 0.24470350453757675, -0.28770191653681765, 0.17036775526446055, 0.04206531692945287, -0.23087931577390963, 0.29021791978667066, -0.1865923186470753, -0.02182996890596105, -0.21756441992633385, -0.2894640076410299, -0.19583079683793214, 0.011867310224630327, -0.21224042116520958, -0.20851441405708845], [-0.21947034577478605, 0.30662002727581816, -0.19526131229163335, 0.05058633722399733, 0.2574324852772769, 0.2736529980012887, 0.08651849396468539, -0.16484603363566303, 0.2921262714049331, -0.1994211029636233, -0.04359978731383126, 0.25346137318487383, -0.2713113393043235, 0.0834959716084834, 0.16761333980997986, -0.29126611299079785, 0.1933663992356797, -0.05162229959089437, -0.256468156883673, -0.26382848589668173, -0.06604042579599782, -0.18241628654795836, -0.20851441405708523], [0.2527494778745446, -0.29052778384775835, 0.07586635220187278, -0.20461538103461613, -0.28816296622338167, -0.094793203794173, 0.18939484164207201, 0.2893400050840426, -0.10792187622260081, -0.17834347958469038, 0.2903678547696251, -0.11874782956948415, -0.16879882287088174, 0.29096517281454193, -0.12808417729037283, -0.16024178608576778, 0.29126803356625985, 0.13631230372295594, -0.15206375842174805, -0.2895006333502208, -0.13840433698514823, -0.14961783394951994, -0.20851441405708418], [-0.28037872921057355, 0.24699638208361627, 0.058733025550390366, 0.28907724662030815, 0.17247219215643395, -0.1506411465894213, -0.29085270891841064, -0.07891655587113142, -0.22824088513915908, 0.258000676006959, 0.025665306789558653, -0.27786107907170393, 0.19184664192459253, 0.12760629992376696, -0.29138619708349817, 0.09998270795796128, 0.21322600793538138, 0.26608728041717555, -0.0056113697705475534, -0.269385383075703, -0.20039337881517522, -0.11438790023103805, -0.20851441405708362], [0.3010689281324064, -0.1795466791422885, -0.18136351462917946, -0.2746411738103748, 0.0312144722534941, 0.2897902746976228, 0.12385625092671339, -0.22297622461276198, 0.24228727912077366, 0.09388898518447307, -0.2918103696947197, 0.06090780907889212, 0.25930885612354915, -0.19810681875949537, -0.15431178961856806, 0.27947584695922484, 0.006711295499323083, 0.2827365618057561, 0.1423884723748159, -0.206989632244013, -0.24787628711976145, -0.0773031755399495, -0.20851441405708135], [-0.31387179730904613, 0.09445177012196718, 0.2668348977538094, 0.16586859942353888, -0.21890446591694443, -0.22417312647638363, 0.15758538310051287, 0.2659681915117786, 0.08585922141595755, -0.28857377145843593, -0.00847762456542372, 0.29053830898929084, -0.06915444316308525, -0.271841977538388, 0.14166133832893507, 0.23385197443002204, -0.20373883287703012, 0.1793992041099044, 0.2512706222588771, -0.1122460616238885, -0.27769167744205586, -0.03896679701518224, -0.20851441405708093], [0.3182045509872612, -2.3815694974760347e-14, -0.2974473518741713, -1.8223189994964632e-14, 0.2943822540705916, -7.03505326944654e-15, -0.2932510828085261, -1.4849191801203377e-14, -0.29265635811472485, 6.5558980332682155e-15, 0.2922948784491915, -1.19319526777904e-15, -0.2920147192751457, 2.0791126147463543e-15, 0.29181945807356363, 7.608284592824792e-16, -0.2914755398542862, -5.5208746139839464e-15, 0.29120703372251217, 3.34372785972994e-16, -0.2878555323861454, 2.4374487940567104e-14, -0.20851441405708085], [-0.31387179730905984, -0.09445177012191934, 0.2668348977538106, -0.16586859942350732, -0.2189044659169658, 0.22417312647639204, 0.15758538310052808, -0.2659681915117649, 0.08585922141597563, 0.28857377145843377, -0.008477624565421116, -0.29053830898929256, -0.06915444316308889, 0.2718419775383901, 0.1416613383289267, -0.233851974430021, -0.2037388328770285, -0.17939920410991073, 0.2512706222588707, 0.11224606162388391, -0.2776916774420548, 0.038966797015227615, -0.20851441405707608], [0.30106892813243363, 0.1795466791422443, -0.18136351462918138, 0.2746411738103595, 0.03121447225352286, -0.2897902746976194, 0.12385625092670097, 0.22297622461277916, 0.24228727912076695, -0.09388898518448395, -0.291810369694723, -0.060907809078892344, 0.2593088561235493, 0.19810681875949596, -0.1543117896185774, -0.27947584695922756, 0.006711295499323959, -0.2827365618057563, 0.1423884723748078, 0.20698963224400432, -0.24787628711976145, 0.07730317553998986, -0.20851441405707205], [-0.2803787292106156, -0.24699638208358024, 0.058733025550396306, -0.2890772466203176, 0.1724721921564103, 0.1506411465894141, -0.29085270891841186, 0.07891655587109558, -0.2282408851391771, -0.25800067600694954, 0.02566530678956147, 0.2778610790717081, 0.19184664192459522, -0.12760629992377123, -0.2913861970834989, -0.09998270795796403, 0.21322600793538238, -0.2660872804171714, -0.00561136977055722, 0.26938538307569543, -0.20039337881517666, 0.11438790023107263, -0.2085144140570672], [0.25274947787459323, 0.29052778384772676, 0.07586635220186262, 0.20461538103464355, -0.2881629662233718, 0.0947932037941778, 0.18939484164208395, -0.28934000508402424, -0.10792187622258066, 0.1783434795846925, 0.29036785476962146, 0.11874782956948629, -0.16879882287087533, -0.29096517281454504, -0.12808417729036797, 0.16024178608576764, 0.2912680335662662, -0.1363123037229518, -0.1520637584217567, 0.2895006333502173, -0.13840433698515073, 0.14961783394954895, -0.2085144140570627], [-0.21947034577482935, -0.3066200272757855, -0.19526131229162144, -0.05058633722402483, 0.2574324852772761, -0.2736529980012867, 0.0865184939646816, 0.16484603363567632, 0.29212627140493846, 0.19942110296361493, -0.04359978731383134, -0.25346137318487255, -0.27131133930431783, -0.08349597160848184, 0.16761333980997986, 0.2912661129907949, 0.19336639923568438, 0.051622299590898944, -0.2564681568836813, 0.26382848589668456, -0.06604042579599938, 0.18241628654798342, -0.20851441405705995], [0.18212896364457815, 0.29492584812226635, 0.2762021787868184, -0.12052171468959316, -0.09679629063533865, 0.26117766154239214, -0.28322490691580954, 0.15007526887290784, -0.0655907725273743, -0.24470350453758485, -0.28770191653682137, -0.17036775526446254, 0.0420653169294538, 0.23087931577391668, 0.2902179197866656, 0.18659231864707193, -0.021829968905960975, 0.21756441992633624, -0.28946400764103297, 0.1958307968379349, 0.011867310224631632, 0.21224042116523, -0.2085144140570575], [-0.1425839261270433, -0.25839081404737374, -0.30449861709938075, 0.2520441860299458, -0.11227066480532806, -0.06747145014051482, 0.22180861434926383, -0.29281850272579857, -0.25304524257455224, -0.11696824689938069, 0.06380896245643099, 0.2199955821968897, 0.2912917516700773, 0.24988744661810117, 0.11159802713306216, -0.06996559621691678, -0.2239322979863567, 0.28976434019379327, -0.24082346702197843, 0.09543106514019473, 0.09010156862953764, 0.23858716382046313, -0.20851441405705626], [0.10292014130431558, 0.20298920944559176, 0.2781343951971264, -0.30340785837292233, 0.2669067138530127, -0.1726429988846303, 0.03971569326502239, 0.10221141732998382, 0.22014146685378533, 0.2859382045792203, 0.283468790152883, 0.21286791582166315, 0.0908385274257707, -0.05319022773435207, -0.18408871332732452, -0.269617730613556, -0.2883395950045702, 0.23508761749193854, -0.12231127554121912, -0.022461324119359825, 0.1633922538884359, 0.2609966418148285, -0.20851441405705634], [-0.06549242505450108, -0.13733327300441933, -0.20807600984345148, 0.26502654655589863, -0.2977872841591202, 0.2994355454809483, -0.2674153283217121, 0.20392142718900144, 0.11567381980980695, 0.01307150809741052, -0.0911636818814977, -0.1836976310942098, -0.25239329795897036, -0.2880078918930667, -0.28549150346092617, -0.24477754097857446, -0.1708462011872273, 0.0732117575864002, 0.035348046671371654, -0.14016120820674333, 0.2267414768852752, 0.27905108366326975, -0.20851441405705579], [0.03296534799018861, 0.07199818333892098, 0.11624521605374435, -0.16200212442546316, 0.2057521577925846, -0.2442081593914544, 0.2744255116069603, -0.29394186068945954, -0.3009074870907646, -0.29419679564327716, -0.2734778057840925, -0.23924797758178762, -0.19281153687535368, -0.13622728879300744, -0.07218965924458588, -0.003906964433899029, 0.06509799672975584, -0.13112189438389882, 0.19054313997433345, -0.23978759255362903, 0.2757014033017391, 0.29236381794327987, -0.20851441405705606], [-0.00913791096369346, -0.020409604333688023, -0.03409293574303644, 0.04975846206139601, -0.06704747662798448, 0.08562997525698021, -0.10518630329503947, 0.1253979529041348, 0.1459463840065436, 0.1665108507132117, 0.18677283238329154, 0.20641425232496993, 0.22512570573673527, 0.2426011871413269, 0.2585516859298541, 0.2726897081196499, 0.2847549329218876, -0.2944670868234635, 0.30158823713954025, -0.30572371253150865, 0.3065298594216319, 0.30054089694740466, -0.20851441405705623]]

