[result]
bound_eq26 = 0.0211274359826560
infid = 0.0018294286423063966
tracedist = 0.011297216494861224
infid_ideal = 0.003156953991174105

