python script
[[-0.7071067811865475, 0.7071067811865475], [0.7071067811865475, 0.7071067811865475]]
----- N 2 segNum 2 -----
2022-04-13 23:52:32.598966: I tensorflow/compiler/jit/xla_cpu_device.cc:41] Not creating XLA devices, tf_xla_enable_xla_devices not set
2022-04-13 23:52:32.600389: I tensorflow/core/platform/cpu_feature_guard.cc:142] This TensorFlow binary is optimized with oneAPI Deep Neural Network Library (oneDNN) to use the following CPU instructions in performance-critical operations:  SSE4.1 SSE4.2 AVX AVX2 FMA
To enable them in other operations, rebuild TensorFlow with the appropriate compiler flags.
2022-04-13 23:52:32.602163: I tensorflow/core/common_runtime/process_util.cc:146] Creating new thread pool with default inter op setting: 2. Tune using inter_op_parallelism_threads for best performance.
detuning [-0.03815759911898105, 0.03815759911898105]
tau 30.0
mode [[-0.70710678  0.70710678]
 [ 0.70710678  0.70710678]]
k_list [0, 1]
this ions should have laser shined:  [0 1]
>>>>>>>>>> P and G calculate time used is: 0.0375063419342041 seconds
error: 1.4602135762870128e-15
constrain_error 0.7853981633974483
----- N 2 segNum 3 -----
detuning [-0.03815759911898105, 0.03815759911898105]
tau 45.0
mode [[-0.70710678  0.70710678]
 [ 0.70710678  0.70710678]]
k_list [0, 1]
this ions should have laser shined:  [0 1]
>>>>>>>>>> P and G calculate time used is: 0.07167792320251465 seconds
error: 0.5666660357618343
constrain_error 0.5889953582958078
----- N 2 segNum 4 -----
detuning [-0.03815759911898105, 0.03815759911898105]
tau 60.0
mode [[-0.70710678  0.70710678]
 [ 0.70710678  0.70710678]]
k_list [0, 1]
this ions should have laser shined:  [0 1]
>>>>>>>>>> P and G calculate time used is: 0.12047863006591797 seconds
error: 0.3199300879418838
constrain_error 0.5151071969387149
----- N 2 segNum 5 -----
detuning [-0.03815759911898105, 0.03815759911898105]
tau 75.0
mode [[-0.70710678  0.70710678]
 [ 0.70710678  0.70710678]]
k_list [0, 1]
this ions should have laser shined:  [0 1]
>>>>>>>>>> P and G calculate time used is: 0.17976832389831543 seconds
error: 0.7293833599058318
constrain_error 0.32344215517192154
----- N 2 segNum 6 -----
detuning [-0.03815759911898105, 0.03815759911898105]
tau 90.0
mode [[-0.70710678  0.70710678]
 [ 0.70710678  0.70710678]]
k_list [0, 1]
this ions should have laser shined:  [0 1]
>>>>>>>>>> P and G calculate time used is: 0.2505922317504883 seconds
error: 0.8987657454220679
constrain_error 1.385997983049947e-10
>>>>>>>>>> optimization time used is: 1.334047555923462 seconds
alpha max are: [1, 1]  for phonon cut-off in simulation
./calculation results/data/
segnum 6 (array([ 0.5       , -0.22501435, -0.5       , -0.5       ,  0.33874284,
        0.5       ]), array([ 0.5       , -0.22501435, -0.5       , -0.5       ,  0.33874284,
        0.5       ]))
test theta tf.Tensor(
[[0.        +0.j 0.39269908+0.j]
 [0.39269908+0.j 0.        +0.j]], shape=(2, 2), dtype=complex128)
----- N 2 segNum 7 -----
detuning [-0.03815759911898105, 0.03815759911898105]
tau 105.0
mode [[-0.70710678  0.70710678]
 [ 0.70710678  0.70710678]]
k_list [0, 1]
this ions should have laser shined:  [0 1]
>>>>>>>>>> P and G calculate time used is: 0.33252549171447754 seconds
error: 0.5376305053040689
constrain_error 1.6026559768178572e-07
>>>>>>>>>> optimization time used is: 0.9279003143310547 seconds
alpha max are: [1, 1]  for phonon cut-off in simulation
./calculation results/data/
segnum 7 (array([ 0.5       ,  0.5       , -0.16736862, -0.5       , -0.16736893,
        0.5       ,  0.5       ]), array([ 0.5       ,  0.5       , -0.16736862, -0.5       , -0.16736893,
        0.5       ,  0.5       ]))
test theta tf.Tensor(
[[0.      +0.j 0.392699+0.j]
 [0.392699+0.j 0.      +0.j]], shape=(2, 2), dtype=complex128)
----- N 2 segNum 8 -----
detuning [-0.03815759911898105, 0.03815759911898105]
tau 120.0
mode [[-0.70710678  0.70710678]
 [ 0.70710678  0.70710678]]
k_list [0, 1]
this ions should have laser shined:  [0 1]
>>>>>>>>>> P and G calculate time used is: 0.4367098808288574 seconds
error: 0.5542335855367484
constrain_error 9.436449954769444e-09
>>>>>>>>>> optimization time used is: 1.2502036094665527 seconds
alpha max are: [1, 1]  for phonon cut-off in simulation
./calculation results/data/
segnum 8 (array([ 0.25225916,  0.5       ,  0.38375793, -0.5       , -0.5       ,
        0.38377236,  0.5       ,  0.25224953]), array([ 0.25225916,  0.5       ,  0.38375793, -0.5       , -0.5       ,
        0.38377236,  0.5       ,  0.25224953]))
test theta tf.Tensor(
[[0.        +0.j 0.39269908+0.j]
 [0.39269908+0.j 0.        +0.j]], shape=(2, 2), dtype=complex128)
----- N 2 segNum 9 -----
detuning [-0.03815759911898105, 0.03815759911898105]
tau 134.99999999999997
mode [[-0.70710678  0.70710678]
 [ 0.70710678  0.70710678]]
k_list [0, 1]
this ions should have laser shined:  [0 1]
>>>>>>>>>> P and G calculate time used is: 0.5452091693878174 seconds
error: 0.19185623274588268
constrain_error 9.121729260819222e-09
>>>>>>>>>> optimization time used is: 2.912128210067749 seconds
alpha max are: [1, 1]  for phonon cut-off in simulation
./calculation results/data/
segnum 9 (array([-0.19653125,  0.5       ,  0.5       , -0.5       , -0.5       ,
        0.02284589,  0.5       ,  0.5       , -0.5       ]), array([-0.19653125,  0.5       ,  0.5       , -0.5       , -0.5       ,
        0.02284589,  0.5       ,  0.5       , -0.5       ]))
test theta tf.Tensor(
[[0.        +0.j 0.39269908+0.j]
 [0.39269908+0.j 0.        +0.j]], shape=(2, 2), dtype=complex128)
----- N 2 segNum 10 -----
detuning [-0.03815759911898105, 0.03815759911898105]
tau 150.0
mode [[-0.70710678  0.70710678]
 [ 0.70710678  0.70710678]]
k_list [0, 1]
this ions should have laser shined:  [0 1]
>>>>>>>>>> P and G calculate time used is: 0.6595032215118408 seconds
error: 2.903837570540819e-06
constrain_error 6.986924686591678e-07
>>>>>>>>>> optimization time used is: 3.2222113609313965 seconds
alpha max are: [1, 1]  for phonon cut-off in simulation
./calculation results/data/
segnum 10 (array([-0.45340238,  0.35491556,  0.47293449,  0.2615895 , -0.48448894,
       -0.48124747,  0.23363977,  0.49655481,  0.34973254, -0.45050342]), array([-0.45340238,  0.35491556,  0.47293449,  0.2615895 , -0.48448894,
       -0.48124747,  0.23363977,  0.49655481,  0.34973254, -0.45050342]))
test theta tf.Tensor(
[[0.        +0.j 0.39269873+0.j]
 [0.39269873+0.j 0.        +0.j]], shape=(2, 2), dtype=complex128)
----- break -----
[[0.4082482904638639, 0.707106781186547, -0.577350269189626], [-0.8164965809277263, 1.196830701358684e-15, -0.5773502691896252], [0.40824829046386174, -0.7071067811865481, -0.577350269189626]]
----- N 3 segNum 10 -----
detuning [-0.061227969370357925, 0.006925511717484799, 0.05430245765287382]
tau 150.0
mode [[ 4.08248290e-01 -8.16496581e-01  4.08248290e-01]
 [ 7.07106781e-01  1.19683070e-15 -7.07106781e-01]
 [-5.77350269e-01 -5.77350269e-01 -5.77350269e-01]]
k_list [0, 1, 2]
this ions should have laser shined:  [0 2]
>>>>>>>>>> P and G calculate time used is: 2.2328269481658936 seconds
error: 2.2029175275381894
constrain_error 4.8283839482188284e-08
>>>>>>>>>> optimization time used is: 4.931627035140991 seconds
alpha max are: [1, 5, 1]  for phonon cut-off in simulation
./calculation results/data/
segnum 10 (array([ 0.5       ,  0.5       ,  0.09275901, -0.11592907,  0.5       ,
        0.5       , -0.11591432,  0.09277461,  0.5       ,  0.5       ]), array([ 0.5       ,  0.5       ,  0.09275901, -0.11592907,  0.5       ,
        0.5       , -0.11591432,  0.09277461,  0.5       ,  0.5       ]))
test theta tf.Tensor(
[[-0.51513814+0.j  0.        +0.j  0.39269911+0.j]
 [ 0.        +0.j  0.        +0.j  0.        +0.j]
 [ 0.39269911+0.j  0.        +0.j -0.51513814+0.j]], shape=(3, 3), dtype=complex128)
----- N 3 segNum 11 -----
detuning [-0.061227969370357925, 0.006925511717484799, 0.05430245765287382]
tau 165.0
mode [[ 4.08248290e-01 -8.16496581e-01  4.08248290e-01]
 [ 7.07106781e-01  1.19683070e-15 -7.07106781e-01]
 [-5.77350269e-01 -5.77350269e-01 -5.77350269e-01]]
k_list [0, 1, 2]
this ions should have laser shined:  [0 2]
>>>>>>>>>> P and G calculate time used is: 2.695077896118164 seconds
error: 2.012097066597313
constrain_error 5.680756975934287e-10
>>>>>>>>>> optimization time used is: 3.8535008430480957 seconds
alpha max are: [1, 4, 1]  for phonon cut-off in simulation
./calculation results/data/
segnum 11 (array([ 0.5       ,  0.5       , -0.08442514, -0.22970025,  0.5       ,
        0.5       ,  0.5       , -0.22971859, -0.08444592,  0.5       ,
        0.5       ]), array([ 0.5       ,  0.5       , -0.08442514, -0.22970025,  0.5       ,
        0.5       ,  0.5       , -0.22971859, -0.08444592,  0.5       ,
        0.5       ]))
test theta tf.Tensor(
[[-0.51531371+0.j  0.        +0.j  0.39269908+0.j]
 [ 0.        +0.j  0.        +0.j  0.        +0.j]
 [ 0.39269908+0.j  0.        +0.j -0.51531371+0.j]], shape=(3, 3), dtype=complex128)
----- N 3 segNum 12 -----
detuning [-0.061227969370357925, 0.006925511717484799, 0.05430245765287382]
tau 180.0
mode [[ 4.08248290e-01 -8.16496581e-01  4.08248290e-01]
 [ 7.07106781e-01  1.19683070e-15 -7.07106781e-01]
 [-5.77350269e-01 -5.77350269e-01 -5.77350269e-01]]
k_list [0, 1, 2]
this ions should have laser shined:  [0 2]
>>>>>>>>>> P and G calculate time used is: 3.1970465183258057 seconds
error: 1.7722410669102748
constrain_error 1.0363291380599549e-07
>>>>>>>>>> optimization time used is: 4.824159383773804 seconds
alpha max are: [1, 3, 1]  for phonon cut-off in simulation
./calculation results/data/
segnum 12 (array([ 0.5       ,  0.5       , -0.19219932, -0.5       ,  0.30930459,
        0.5       ,  0.5       ,  0.30930317, -0.5       , -0.19220152,
        0.5       ,  0.5       ]), array([ 0.5       ,  0.5       , -0.19219932, -0.5       ,  0.30930459,
        0.5       ,  0.5       ,  0.30930317, -0.5       , -0.19220152,
        0.5       ,  0.5       ]))
test theta tf.Tensor(
[[-0.18649934+0.j  0.        +0.j  0.39269913+0.j]
 [ 0.        +0.j  0.        +0.j  0.        +0.j]
 [ 0.39269913+0.j  0.        +0.j -0.18649934+0.j]], shape=(3, 3), dtype=complex128)
----- N 3 segNum 13 -----
detuning [-0.061227969370357925, 0.006925511717484799, 0.05430245765287382]
tau 194.99999999999997
mode [[ 4.08248290e-01 -8.16496581e-01  4.08248290e-01]
 [ 7.07106781e-01  1.19683070e-15 -7.07106781e-01]
 [-5.77350269e-01 -5.77350269e-01 -5.77350269e-01]]
k_list [0, 1, 2]
this ions should have laser shined:  [0 2]
>>>>>>>>>> P and G calculate time used is: 3.7236924171447754 seconds
error: 1.637368111861731
constrain_error 5.166761463115677e-10
>>>>>>>>>> optimization time used is: 7.314420700073242 seconds
alpha max are: [1, 2, 1]  for phonon cut-off in simulation
./calculation results/data/
segnum 13 (array([ 0.5       ,  0.5       , -0.19566721, -0.5       ,  0.5       ,
        0.5       , -0.49934046,  0.5       ,  0.5       , -0.5       ,
       -0.19566776,  0.5       ,  0.5       ]), array([ 0.5       ,  0.5       , -0.19566721, -0.5       ,  0.5       ,
        0.5       , -0.49934046,  0.5       ,  0.5       , -0.5       ,
       -0.19566776,  0.5       ,  0.5       ]))
test theta tf.Tensor(
[[-0.18495117+0.j  0.        +0.j  0.39269908+0.j]
 [ 0.        +0.j  0.        +0.j  0.        +0.j]
 [ 0.39269908+0.j  0.        +0.j -0.18495117+0.j]], shape=(3, 3), dtype=complex128)
----- N 3 segNum 14 -----
detuning [-0.061227969370357925, 0.006925511717484799, 0.05430245765287382]
tau 210.0
mode [[ 4.08248290e-01 -8.16496581e-01  4.08248290e-01]
 [ 7.07106781e-01  1.19683070e-15 -7.07106781e-01]
 [-5.77350269e-01 -5.77350269e-01 -5.77350269e-01]]
k_list [0, 1, 2]
this ions should have laser shined:  [0 2]
>>>>>>>>>> P and G calculate time used is: 4.244847536087036 seconds
error: 1.5012348378927267
constrain_error 2.1203773181710517e-08
>>>>>>>>>> optimization time used is: 6.637226343154907 seconds
alpha max are: [1, 2, 1]  for phonon cut-off in simulation
./calculation results/data/
segnum 14 (array([ 0.5       ,  0.5       , -0.39142391, -0.20575275,  0.5       ,
        0.5       , -0.32915584, -0.32914996,  0.5       ,  0.5       ,
       -0.20572575, -0.39139708,  0.5       ,  0.5       ]), array([ 0.5       ,  0.5       , -0.39142391, -0.20575275,  0.5       ,
        0.5       , -0.32915584, -0.32914996,  0.5       ,  0.5       ,
       -0.20572575, -0.39139708,  0.5       ,  0.5       ]))
test theta tf.Tensor(
[[-0.2400425 +0.j  0.        +0.j  0.39269907+0.j]
 [ 0.        +0.j  0.        +0.j  0.        +0.j]
 [ 0.39269907+0.j  0.        +0.j -0.2400425 +0.j]], shape=(3, 3), dtype=complex128)
----- N 3 segNum 15 -----
detuning [-0.061227969370357925, 0.006925511717484799, 0.05430245765287382]
tau 225.0
mode [[ 4.08248290e-01 -8.16496581e-01  4.08248290e-01]
 [ 7.07106781e-01  1.19683070e-15 -7.07106781e-01]
 [-5.77350269e-01 -5.77350269e-01 -5.77350269e-01]]
k_list [0, 1, 2]
this ions should have laser shined:  [0 2]
>>>>>>>>>> P and G calculate time used is: 4.877555847167969 seconds
error: 1.3998509923432412
constrain_error 2.3755700073735397e-08
>>>>>>>>>> optimization time used is: 10.908722400665283 seconds
alpha max are: [1, 2, 1]  for phonon cut-off in simulation
./calculation results/data/
segnum 15 (array([ 0.5       ,  0.5       , -0.153904  , -0.47805995,  0.5       ,
        0.5       , -0.0654266 , -0.5       , -0.06431396,  0.5       ,
        0.5       , -0.47804977, -0.15386972,  0.5       ,  0.5       ]), array([ 0.5       ,  0.5       , -0.153904  , -0.47805995,  0.5       ,
        0.5       , -0.0654266 , -0.5       , -0.06431396,  0.5       ,
        0.5       , -0.47804977, -0.15386972,  0.5       ,  0.5       ]))
test theta tf.Tensor(
[[-0.23982641+0.j  0.        +0.j  0.39269907+0.j]
 [ 0.        +0.j  0.        +0.j  0.        +0.j]
 [ 0.39269907+0.j  0.        +0.j -0.23982641+0.j]], shape=(3, 3), dtype=complex128)
----- N 3 segNum 16 -----
detuning [-0.061227969370357925, 0.006925511717484799, 0.05430245765287382]
tau 240.0
mode [[ 4.08248290e-01 -8.16496581e-01  4.08248290e-01]
 [ 7.07106781e-01  1.19683070e-15 -7.07106781e-01]
 [-5.77350269e-01 -5.77350269e-01 -5.77350269e-01]]
k_list [0, 1, 2]
this ions should have laser shined:  [0 2]
>>>>>>>>>> P and G calculate time used is: 5.511369705200195 seconds
error: 1.344189300660878
constrain_error 4.0352740227067585e-07
>>>>>>>>>> optimization time used is: 12.93510389328003 seconds
alpha max are: [1, 2, 1]  for phonon cut-off in simulation
./calculation results/data/
segnum 16 (array([ 0.5       ,  0.5       , -0.10498401, -0.5       ,  0.4128623 ,
        0.5       ,  0.30037984, -0.5       , -0.5       ,  0.29108774,
        0.5       ,  0.4215811 , -0.5       , -0.10949532,  0.5       ,
        0.5       ]), array([ 0.5       ,  0.5       , -0.10498401, -0.5       ,  0.4128623 ,
        0.5       ,  0.30037984, -0.5       , -0.5       ,  0.29108774,
        0.5       ,  0.4215811 , -0.5       , -0.10949532,  0.5       ,
        0.5       ]))
test theta tf.Tensor(
[[-0.31407286+0.j  0.        +0.j  0.39269888+0.j]
 [ 0.        +0.j  0.        +0.j  0.        +0.j]
 [ 0.39269888+0.j  0.        +0.j -0.31407286+0.j]], shape=(3, 3), dtype=complex128)
----- N 3 segNum 17 -----
detuning [-0.061227969370357925, 0.006925511717484799, 0.05430245765287382]
tau 254.99999999999997
mode [[ 4.08248290e-01 -8.16496581e-01  4.08248290e-01]
 [ 7.07106781e-01  1.19683070e-15 -7.07106781e-01]
 [-5.77350269e-01 -5.77350269e-01 -5.77350269e-01]]
k_list [0, 1, 2]
this ions should have laser shined:  [0 2]
>>>>>>>>>> P and G calculate time used is: 6.303524732589722 seconds
error: 1.3365079175793257
constrain_error 1.9949434482136041e-07
>>>>>>>>>> optimization time used is: 36.3999981880188 seconds
alpha max are: [1, 2, 1]  for phonon cut-off in simulation
./calculation results/data/
segnum 17 (array([ 0.44907379,  0.5       ,  0.07106456, -0.5       ,  0.19948016,
        0.5       ,  0.5       , -0.5       , -0.5       ,  0.01491117,
        0.5       ,  0.5       , -0.19235156, -0.5       ,  0.5       ,
        0.5       ,  0.19953032]), array([ 0.44907379,  0.5       ,  0.07106456, -0.5       ,  0.19948016,
        0.5       ,  0.5       , -0.5       , -0.5       ,  0.01491117,
        0.5       ,  0.5       , -0.19235156, -0.5       ,  0.5       ,
        0.5       ,  0.19953032]))
test theta tf.Tensor(
[[-0.33957301+0.j  0.        +0.j  0.39269898+0.j]
 [ 0.        +0.j  0.        +0.j  0.        +0.j]
 [ 0.39269898+0.j  0.        +0.j -0.33957301+0.j]], shape=(3, 3), dtype=complex128)
----- N 3 segNum 18 -----
detuning [-0.061227969370357925, 0.006925511717484799, 0.05430245765287382]
tau 269.99999999999994
mode [[ 4.08248290e-01 -8.16496581e-01  4.08248290e-01]
 [ 7.07106781e-01  1.19683070e-15 -7.07106781e-01]
 [-5.77350269e-01 -5.77350269e-01 -5.77350269e-01]]
k_list [0, 1, 2]
this ions should have laser shined:  [0 2]
>>>>>>>>>> P and G calculate time used is: 7.009899377822876 seconds
error: 1.2238393534975263
constrain_error 9.948266732617839e-08
>>>>>>>>>> optimization time used is: 36.63542675971985 seconds
alpha max are: [1, 2, 1]  for phonon cut-off in simulation
./calculation results/data/
segnum 18 (array([ 0.5       ,  0.3865391 , -0.5       ,  0.16652135,  0.5       ,
        0.5       , -0.5       , -0.46871046,  0.5       ,  0.5       ,
       -0.47090615, -0.5       ,  0.5       ,  0.5       ,  0.17715459,
       -0.5       ,  0.3771531 ,  0.5       ]), array([ 0.5       ,  0.3865391 , -0.5       ,  0.16652135,  0.5       ,
        0.5       , -0.5       , -0.46871046,  0.5       ,  0.5       ,
       -0.47090615, -0.5       ,  0.5       ,  0.5       ,  0.17715459,
       -0.5       ,  0.3771531 ,  0.5       ]))
test theta tf.Tensor(
[[-0.31176914+0.j  0.        +0.j  0.39269903+0.j]
 [ 0.        +0.j  0.        +0.j  0.        +0.j]
 [ 0.39269903+0.j  0.        +0.j -0.31176914+0.j]], shape=(3, 3), dtype=complex128)
----- N 3 segNum 19 -----
detuning [-0.061227969370357925, 0.006925511717484799, 0.05430245765287382]
tau 285.0
mode [[ 4.08248290e-01 -8.16496581e-01  4.08248290e-01]
 [ 7.07106781e-01  1.19683070e-15 -7.07106781e-01]
 [-5.77350269e-01 -5.77350269e-01 -5.77350269e-01]]
k_list [0, 1, 2]
this ions should have laser shined:  [0 2]
>>>>>>>>>> P and G calculate time used is: 7.735723257064819 seconds
error: 1.1502423450570898
constrain_error 3.951675131563803e-08
>>>>>>>>>> optimization time used is: 9.860276937484741 seconds
alpha max are: [1, 2, 1]  for phonon cut-off in simulation
./calculation results/data/
segnum 19 (array([ 0.5       ,  0.34378439, -0.5       ,  0.10615378,  0.5       ,
        0.5       , -0.32205149, -0.5       ,  0.17554035,  0.5       ,
        0.17545449, -0.5       , -0.32202434,  0.5       ,  0.5       ,
        0.10620463, -0.5       ,  0.34380058,  0.5       ]), array([ 0.5       ,  0.34378439, -0.5       ,  0.10615378,  0.5       ,
        0.5       , -0.32205149, -0.5       ,  0.17554035,  0.5       ,
        0.17545449, -0.5       , -0.32202434,  0.5       ,  0.5       ,
        0.10620463, -0.5       ,  0.34380058,  0.5       ]))
test theta tf.Tensor(
[[-0.28274161+0.j  0.        +0.j  0.39269906+0.j]
 [ 0.        +0.j  0.        +0.j  0.        +0.j]
 [ 0.39269906+0.j  0.        +0.j -0.28274161+0.j]], shape=(3, 3), dtype=complex128)
----- N 3 segNum 20 -----
detuning [-0.061227969370357925, 0.006925511717484799, 0.05430245765287382]
tau 300.0
mode [[ 4.08248290e-01 -8.16496581e-01  4.08248290e-01]
 [ 7.07106781e-01  1.19683070e-15 -7.07106781e-01]
 [-5.77350269e-01 -5.77350269e-01 -5.77350269e-01]]
k_list [0, 1, 2]
this ions should have laser shined:  [0 2]
>>>>>>>>>> P and G calculate time used is: 8.507525205612183 seconds
error: 1.0384116827266017
constrain_error 7.120067124777307e-08
>>>>>>>>>> optimization time used is: 13.627493619918823 seconds
alpha max are: [1, 1, 1]  for phonon cut-off in simulation
./calculation results/data/
segnum 20 (array([ 0.5       ,  0.5       , -0.5       , -0.18612226,  0.5       ,
        0.5       ,  0.00409338, -0.5       , -0.3224683 ,  0.5       ,
        0.5       , -0.3231875 , -0.5       ,  0.00432846,  0.5       ,
        0.5       , -0.18747385, -0.5       ,  0.5       ,  0.5       ]), array([ 0.5       ,  0.5       , -0.5       , -0.18612226,  0.5       ,
        0.5       ,  0.00409338, -0.5       , -0.3224683 ,  0.5       ,
        0.5       , -0.3231875 , -0.5       ,  0.00432846,  0.5       ,
        0.5       , -0.18747385, -0.5       ,  0.5       ,  0.5       ]))
test theta tf.Tensor(
[[-0.17797946+0.j  0.        +0.j  0.39269905+0.j]
 [ 0.        +0.j  0.        +0.j  0.        +0.j]
 [ 0.39269905+0.j  0.        +0.j -0.17797946+0.j]], shape=(3, 3), dtype=complex128)
----- N 3 segNum 21 -----
detuning [-0.061227969370357925, 0.006925511717484799, 0.05430245765287382]
tau 315.0
mode [[ 4.08248290e-01 -8.16496581e-01  4.08248290e-01]
 [ 7.07106781e-01  1.19683070e-15 -7.07106781e-01]
 [-5.77350269e-01 -5.77350269e-01 -5.77350269e-01]]
k_list [0, 1, 2]
this ions should have laser shined:  [0 2]
>>>>>>>>>> P and G calculate time used is: 9.358322620391846 seconds
error: 0.9459450087067189
constrain_error 2.299768214752973e-07
>>>>>>>>>> optimization time used is: 11.92631196975708 seconds
alpha max are: [1, 1, 1]  for phonon cut-off in simulation
./calculation results/data/
segnum 21 (array([ 0.5       ,  0.5       , -0.33833774, -0.5       ,  0.5       ,
        0.5       ,  0.2242671 , -0.5       , -0.5       ,  0.32530186,
        0.5       ,  0.32535811, -0.5       , -0.5       ,  0.22439183,
        0.5       ,  0.5       , -0.5       , -0.33835301,  0.5       ,
        0.5       ]), array([ 0.5       ,  0.5       , -0.33833774, -0.5       ,  0.5       ,
        0.5       ,  0.2242671 , -0.5       , -0.5       ,  0.32530186,
        0.5       ,  0.32535811, -0.5       , -0.5       ,  0.22439183,
        0.5       ,  0.5       , -0.5       , -0.33835301,  0.5       ,
        0.5       ]))
test theta tf.Tensor(
[[-0.11103937+0.j  0.        +0.j  0.39269897+0.j]
 [ 0.        +0.j  0.        +0.j  0.        +0.j]
 [ 0.39269897+0.j  0.        +0.j -0.11103937+0.j]], shape=(3, 3), dtype=complex128)
----- N 3 segNum 22 -----
detuning [-0.061227969370357925, 0.006925511717484799, 0.05430245765287382]
tau 330.0
mode [[ 4.08248290e-01 -8.16496581e-01  4.08248290e-01]
 [ 7.07106781e-01  1.19683070e-15 -7.07106781e-01]
 [-5.77350269e-01 -5.77350269e-01 -5.77350269e-01]]
k_list [0, 1, 2]
this ions should have laser shined:  [0 2]
>>>>>>>>>> P and G calculate time used is: 10.362553834915161 seconds
error: 0.9253449060247334
constrain_error 1.0032091268818988e-07
>>>>>>>>>> optimization time used is: 20.67027449607849 seconds
alpha max are: [1, 2, 1]  for phonon cut-off in simulation
./calculation results/data/
segnum 22 (array([ 0.5       ,  0.5       ,  0.03193917, -0.5       ,  0.09815361,
        0.5       ,  0.5       , -0.4153689 , -0.5       , -0.14977377,
        0.5       ,  0.5       , -0.1937511 , -0.5       , -0.37927204,
        0.5       ,  0.5       ,  0.06958019, -0.5       ,  0.0522322 ,
        0.5       ,  0.5       ]), array([ 0.5       ,  0.5       ,  0.03193917, -0.5       ,  0.09815361,
        0.5       ,  0.5       , -0.4153689 , -0.5       , -0.14977377,
        0.5       ,  0.5       , -0.1937511 , -0.5       , -0.37927204,
        0.5       ,  0.5       ,  0.06958019, -0.5       ,  0.0522322 ,
        0.5       ,  0.5       ]))
test theta tf.Tensor(
[[-0.18289724+0.j  0.        +0.j  0.39269913+0.j]
 [ 0.        +0.j  0.        +0.j  0.        +0.j]
 [ 0.39269913+0.j  0.        +0.j -0.18289724+0.j]], shape=(3, 3), dtype=complex128)
----- N 3 segNum 23 -----
detuning [-0.061227969370357925, 0.006925511717484799, 0.05430245765287382]
tau 345.0
mode [[ 4.08248290e-01 -8.16496581e-01  4.08248290e-01]
 [ 7.07106781e-01  1.19683070e-15 -7.07106781e-01]
 [-5.77350269e-01 -5.77350269e-01 -5.77350269e-01]]
k_list [0, 1, 2]
this ions should have laser shined:  [0 2]
>>>>>>>>>> P and G calculate time used is: 11.250789642333984 seconds
error: 0.9114386288851096
constrain_error 1.1388791165689582e-07
>>>>>>>>>> optimization time used is: 51.17382621765137 seconds
alpha max are: [1, 2, 1]  for phonon cut-off in simulation
./calculation results/data/
segnum 23 (array([ 0.25744386,  0.5       ,  0.5       , -0.5       , -0.36078632,
        0.5       ,  0.5       ,  0.03184054, -0.5       , -0.5       ,
        0.36887698,  0.5       ,  0.36839098, -0.5       , -0.5       ,
        0.03176416,  0.5       ,  0.5       , -0.36115289, -0.5       ,
        0.5       ,  0.5       ,  0.25755244]), array([ 0.25744386,  0.5       ,  0.5       , -0.5       , -0.36078632,
        0.5       ,  0.5       ,  0.03184054, -0.5       , -0.5       ,
        0.36887698,  0.5       ,  0.36839098, -0.5       , -0.5       ,
        0.03176416,  0.5       ,  0.5       , -0.36115289, -0.5       ,
        0.5       ,  0.5       ,  0.25755244]))
test theta tf.Tensor(
[[-0.16067595+0.j  0.        +0.j  0.39269902+0.j]
 [ 0.        +0.j  0.        +0.j  0.        +0.j]
 [ 0.39269902+0.j  0.        +0.j -0.16067595+0.j]], shape=(3, 3), dtype=complex128)
----- N 3 segNum 24 -----
detuning [-0.061227969370357925, 0.006925511717484799, 0.05430245765287382]
tau 360.0
mode [[ 4.08248290e-01 -8.16496581e-01  4.08248290e-01]
 [ 7.07106781e-01  1.19683070e-15 -7.07106781e-01]
 [-5.77350269e-01 -5.77350269e-01 -5.77350269e-01]]
k_list [0, 1, 2]
this ions should have laser shined:  [0 2]
>>>>>>>>>> P and G calculate time used is: 12.210861682891846 seconds
error: 0.8352978142046786
constrain_error 5.387365820119783e-08
>>>>>>>>>> optimization time used is: 31.489903450012207 seconds
alpha max are: [1, 2, 1]  for phonon cut-off in simulation
./calculation results/data/
segnum 24 (array([ 0.5       ,  0.46750599, -0.5       ,  0.03279873,  0.5       ,
        0.5       , -0.28177615, -0.5       , -0.10665286,  0.5       ,
        0.5       , -0.5       , -0.5       ,  0.1690144 ,  0.5       ,
        0.31575756, -0.5       , -0.5       ,  0.5       ,  0.5       ,
        0.19575603, -0.5       ,  0.34275725,  0.5       ]), array([ 0.5       ,  0.46750599, -0.5       ,  0.03279873,  0.5       ,
        0.5       , -0.28177615, -0.5       , -0.10665286,  0.5       ,
        0.5       , -0.5       , -0.5       ,  0.1690144 ,  0.5       ,
        0.31575756, -0.5       , -0.5       ,  0.5       ,  0.5       ,
        0.19575603, -0.5       ,  0.34275725,  0.5       ]))
test theta tf.Tensor(
[[-0.20069261+0.j  0.        +0.j  0.39269905+0.j]
 [ 0.        +0.j  0.        +0.j  0.        +0.j]
 [ 0.39269905+0.j  0.        +0.j -0.20069261+0.j]], shape=(3, 3), dtype=complex128)
----- N 3 segNum 25 -----
detuning [-0.061227969370357925, 0.006925511717484799, 0.05430245765287382]
tau 374.99999999999994
mode [[ 4.08248290e-01 -8.16496581e-01  4.08248290e-01]
 [ 7.07106781e-01  1.19683070e-15 -7.07106781e-01]
 [-5.77350269e-01 -5.77350269e-01 -5.77350269e-01]]
k_list [0, 1, 2]
this ions should have laser shined:  [0 2]
>>>>>>>>>> P and G calculate time used is: 13.400002717971802 seconds
error: 0.7761575082456968
constrain_error 8.69058671248979e-07
>>>>>>>>>> optimization time used is: 34.57841491699219 seconds
alpha max are: [1, 2, 1]  for phonon cut-off in simulation
./calculation results/data/
segnum 25 (array([ 0.5       ,  0.5       , -0.5       , -0.11822813,  0.5       ,
        0.5       ,  0.02779609, -0.5       , -0.5       ,  0.5       ,
        0.5       ,  0.05881782, -0.5       , -0.5       ,  0.5       ,
        0.5       ,  0.02442703, -0.5       , -0.35903216,  0.5       ,
        0.5       ,  0.21146308, -0.5       ,  0.2656374 ,  0.5       ]), array([ 0.5       ,  0.5       , -0.5       , -0.11822813,  0.5       ,
        0.5       ,  0.02779609, -0.5       , -0.5       ,  0.5       ,
        0.5       ,  0.05881782, -0.5       , -0.5       ,  0.5       ,
        0.5       ,  0.02442703, -0.5       , -0.35903216,  0.5       ,
        0.5       ,  0.21146308, -0.5       ,  0.2656374 ,  0.5       ]))
test theta tf.Tensor(
[[-0.15575048+0.j  0.        +0.j  0.39269865+0.j]
 [ 0.        +0.j  0.        +0.j  0.        +0.j]
 [ 0.39269865+0.j  0.        +0.j -0.15575048+0.j]], shape=(3, 3), dtype=complex128)
----- N 3 segNum 26 -----
detuning [-0.061227969370357925, 0.006925511717484799, 0.05430245765287382]
tau 389.99999999999994
mode [[ 4.08248290e-01 -8.16496581e-01  4.08248290e-01]
 [ 7.07106781e-01  1.19683070e-15 -7.07106781e-01]
 [-5.77350269e-01 -5.77350269e-01 -5.77350269e-01]]
k_list [0, 1, 2]
this ions should have laser shined:  [0 2]
>>>>>>>>>> P and G calculate time used is: 14.498647928237915 seconds
error: 0.7074169857494769
constrain_error 4.132618284247158e-07
>>>>>>>>>> optimization time used is: 15.953256130218506 seconds
alpha max are: [1, 2, 1]  for phonon cut-off in simulation
./calculation results/data/
segnum 26 (array([ 0.5       ,  0.48015722, -0.5       , -0.14737461,  0.5       ,
        0.5       ,  0.1185212 , -0.5       , -0.5       ,  0.39269447,
        0.5       ,  0.21695437, -0.5       , -0.5       ,  0.21999652,
        0.5       ,  0.390419  , -0.5       , -0.5       ,  0.11926973,
        0.5       ,  0.5       , -0.14959495, -0.5       ,  0.48206383,
        0.5       ]), array([ 0.5       ,  0.48015722, -0.5       , -0.14737461,  0.5       ,
        0.5       ,  0.1185212 , -0.5       , -0.5       ,  0.39269447,
        0.5       ,  0.21695437, -0.5       , -0.5       ,  0.21999652,
        0.5       ,  0.390419  , -0.5       , -0.5       ,  0.11926973,
        0.5       ,  0.5       , -0.14959495, -0.5       ,  0.48206383,
        0.5       ]))
test theta tf.Tensor(
[[-0.11443392+0.j  0.        +0.j  0.39269888+0.j]
 [ 0.        +0.j  0.        +0.j  0.        +0.j]
 [ 0.39269888+0.j  0.        +0.j -0.11443392+0.j]], shape=(3, 3), dtype=complex128)
----- N 3 segNum 27 -----
detuning [-0.061227969370357925, 0.006925511717484799, 0.05430245765287382]
tau 405.0
mode [[ 4.08248290e-01 -8.16496581e-01  4.08248290e-01]
 [ 7.07106781e-01  1.19683070e-15 -7.07106781e-01]
 [-5.77350269e-01 -5.77350269e-01 -5.77350269e-01]]
k_list [0, 1, 2]
this ions should have laser shined:  [0 2]
>>>>>>>>>> P and G calculate time used is: 15.505874633789062 seconds
error: 0.6355584944007054
constrain_error 3.0966552433397965e-07
>>>>>>>>>> optimization time used is: 17.33961033821106 seconds
alpha max are: [1, 2, 1]  for phonon cut-off in simulation
./calculation results/data/
segnum 27 (array([ 0.5       ,  0.5       , -0.3001138 , -0.5       ,  0.5       ,
        0.49999975,  0.41796095, -0.5       , -0.5       ,  0.06429711,
        0.5       ,  0.5       , -0.36317685, -0.5       , -0.36317596,
        0.5       ,  0.5       ,  0.0645064 , -0.5       , -0.5       ,
        0.41762173,  0.5       ,  0.5       , -0.5       , -0.30008653,
        0.5       ,  0.5       ]), array([ 0.5       ,  0.5       , -0.3001138 , -0.5       ,  0.5       ,
        0.49999975,  0.41796095, -0.5       , -0.5       ,  0.06429711,
        0.5       ,  0.5       , -0.36317685, -0.5       , -0.36317596,
        0.5       ,  0.5       ,  0.0645064 , -0.5       , -0.5       ,
        0.41762173,  0.5       ,  0.5       , -0.5       , -0.30008653,
        0.5       ,  0.5       ]))
test theta tf.Tensor(
[[-0.04246029+0.j  0.        +0.j  0.39269893+0.j]
 [ 0.        +0.j  0.        +0.j  0.        +0.j]
 [ 0.39269893+0.j  0.        +0.j -0.04246029+0.j]], shape=(3, 3), dtype=complex128)
----- N 3 segNum 28 -----
detuning [-0.061227969370357925, 0.006925511717484799, 0.05430245765287382]
tau 420.0
mode [[ 4.08248290e-01 -8.16496581e-01  4.08248290e-01]
 [ 7.07106781e-01  1.19683070e-15 -7.07106781e-01]
 [-5.77350269e-01 -5.77350269e-01 -5.77350269e-01]]
k_list [0, 1, 2]
this ions should have laser shined:  [0 2]
>>>>>>>>>> P and G calculate time used is: 16.487617015838623 seconds
error: 0.6023144903423333
constrain_error 7.561642696440884e-07
>>>>>>>>>> optimization time used is: 35.564873933792114 seconds
alpha max are: [1, 2, 1]  for phonon cut-off in simulation
./calculation results/data/
segnum 28 (array([ 0.5       ,  0.5       ,  0.00307051, -0.5       ,  0.1822407 ,
        0.5       ,  0.5       , -0.24240746, -0.5       , -0.37411085,
        0.5       ,  0.5       ,  0.10742825, -0.5       , -0.5       ,
        0.19393842,  0.5       ,  0.5       , -0.48335825, -0.5       ,
       -0.16799115,  0.5       ,  0.5       ,  0.08143278, -0.5       ,
        0.09035632,  0.5       ,  0.5       ]), array([ 0.5       ,  0.5       ,  0.00307051, -0.5       ,  0.1822407 ,
        0.5       ,  0.5       , -0.24240746, -0.5       , -0.37411085,
        0.5       ,  0.5       ,  0.10742825, -0.5       , -0.5       ,
        0.19393842,  0.5       ,  0.5       , -0.48335825, -0.5       ,
       -0.16799115,  0.5       ,  0.5       ,  0.08143278, -0.5       ,
        0.09035632,  0.5       ,  0.5       ]))
test theta tf.Tensor(
[[-0.12027792+0.j  0.        +0.j  0.3926987 +0.j]
 [ 0.        +0.j  0.        +0.j  0.        +0.j]
 [ 0.3926987 +0.j  0.        +0.j -0.12027792+0.j]], shape=(3, 3), dtype=complex128)
----- N 3 segNum 29 -----
detuning [-0.061227969370357925, 0.006925511717484799, 0.05430245765287382]
tau 434.99999999999994
mode [[ 4.08248290e-01 -8.16496581e-01  4.08248290e-01]
 [ 7.07106781e-01  1.19683070e-15 -7.07106781e-01]
 [-5.77350269e-01 -5.77350269e-01 -5.77350269e-01]]
k_list [0, 1, 2]
this ions should have laser shined:  [0 2]
>>>>>>>>>> P and G calculate time used is: 17.767665147781372 seconds
error: 0.5521589228496823
constrain_error 1.0001007610949131e-07
>>>>>>>>>> optimization time used is: 52.95072031021118 seconds
alpha max are: [1, 2, 1]  for phonon cut-off in simulation
./calculation results/data/
segnum 29 (array([ 0.5       ,  0.5       , -0.04490679, -0.5       ,  0.5       ,
        0.5       ,  0.06851184, -0.5       , -0.30375473,  0.5       ,
        0.5       , -0.5       , -0.5       ,  0.48491545,  0.5       ,
       -0.31613951, -0.5       , -0.04063413,  0.5       ,  0.45834939,
       -0.5       , -0.5       ,  0.27751087,  0.5       ,  0.5       ,
       -0.5       , -0.13020454,  0.5       ,  0.5       ]), array([ 0.5       ,  0.5       , -0.04490679, -0.5       ,  0.5       ,
        0.5       ,  0.06851184, -0.5       , -0.30375473,  0.5       ,
        0.5       , -0.5       , -0.5       ,  0.48491545,  0.5       ,
       -0.31613951, -0.5       , -0.04063413,  0.5       ,  0.45834939,
       -0.5       , -0.5       ,  0.27751087,  0.5       ,  0.5       ,
       -0.5       , -0.13020454,  0.5       ,  0.5       ]))
test theta tf.Tensor(
[[-0.15333423+0.j  0.        +0.j  0.39269903+0.j]
 [ 0.        +0.j  0.        +0.j  0.        +0.j]
 [ 0.39269903+0.j  0.        +0.j -0.15333423+0.j]], shape=(3, 3), dtype=complex128)
----- N 3 segNum 30 -----
detuning [-0.061227969370357925, 0.006925511717484799, 0.05430245765287382]
tau 450.0
mode [[ 4.08248290e-01 -8.16496581e-01  4.08248290e-01]
 [ 7.07106781e-01  1.19683070e-15 -7.07106781e-01]
 [-5.77350269e-01 -5.77350269e-01 -5.77350269e-01]]
k_list [0, 1, 2]
this ions should have laser shined:  [0 2]
>>>>>>>>>> P and G calculate time used is: 19.024895906448364 seconds
error: 0.4945166700609679
constrain_error 3.675350872534011e-07
>>>>>>>>>> optimization time used is: 68.1215512752533 seconds
alpha max are: [1, 2, 1]  for phonon cut-off in simulation
./calculation results/data/
segnum 30 (array([ 0.5       ,  0.5       ,  0.04400546, -0.5       ,  0.5       ,
        0.5       ,  0.22577443, -0.5       , -0.5       ,  0.5       ,
        0.5       , -0.0781744 , -0.5       , -0.33813995,  0.5       ,
        0.5       , -0.33873238, -0.5       , -0.0776067 ,  0.5       ,
        0.5       , -0.5       , -0.5       ,  0.22583411,  0.5       ,
        0.5       , -0.5       ,  0.04398087,  0.5       ,  0.5       ]), array([ 0.5       ,  0.5       ,  0.04400546, -0.5       ,  0.5       ,
        0.5       ,  0.22577443, -0.5       , -0.5       ,  0.5       ,
        0.5       , -0.0781744 , -0.5       , -0.33813995,  0.5       ,
        0.5       , -0.33873238, -0.5       , -0.0776067 ,  0.5       ,
        0.5       , -0.5       , -0.5       ,  0.22583411,  0.5       ,
        0.5       , -0.5       ,  0.04398087,  0.5       ,  0.5       ]))
test theta tf.Tensor(
[[-0.1721095+0.j  0.       +0.j  0.3926989+0.j]
 [ 0.       +0.j  0.       +0.j  0.       +0.j]
 [ 0.3926989+0.j  0.       +0.j -0.1721095+0.j]], shape=(3, 3), dtype=complex128)
----- N 3 segNum 31 -----
detuning [-0.061227969370357925, 0.006925511717484799, 0.05430245765287382]
tau 465.0
mode [[ 4.08248290e-01 -8.16496581e-01  4.08248290e-01]
 [ 7.07106781e-01  1.19683070e-15 -7.07106781e-01]
 [-5.77350269e-01 -5.77350269e-01 -5.77350269e-01]]
k_list [0, 1, 2]
this ions should have laser shined:  [0 2]
>>>>>>>>>> P and G calculate time used is: 20.22673797607422 seconds
error: 0.4423192042559677
constrain_error 1.9850336774318578e-07
>>>>>>>>>> optimization time used is: 51.84843301773071 seconds
alpha max are: [1, 2, 1]  for phonon cut-off in simulation
./calculation results/data/
segnum 31 (array([ 0.5       ,  0.5       , -0.31018476, -0.13663628,  0.5       ,
        0.5       ,  0.12229772, -0.5       , -0.5       ,  0.5       ,
        0.5       ,  0.0959385 , -0.5       , -0.5       ,  0.30295418,
        0.5       ,  0.30747942, -0.5       , -0.5       ,  0.09673287,
        0.5       ,  0.5       , -0.5       , -0.5       ,  0.11996511,
        0.5       ,  0.5       , -0.13700573, -0.3086478 ,  0.5       ,
        0.5       ]), array([ 0.5       ,  0.5       , -0.31018476, -0.13663628,  0.5       ,
        0.5       ,  0.12229772, -0.5       , -0.5       ,  0.5       ,
        0.5       ,  0.0959385 , -0.5       , -0.5       ,  0.30295418,
        0.5       ,  0.30747942, -0.5       , -0.5       ,  0.09673287,
        0.5       ,  0.5       , -0.5       , -0.5       ,  0.11996511,
        0.5       ,  0.5       , -0.13700573, -0.3086478 ,  0.5       ,
        0.5       ]))
test theta tf.Tensor(
[[-0.12096813+0.j  0.        +0.j  0.39269898+0.j]
 [ 0.        +0.j  0.        +0.j  0.        +0.j]
 [ 0.39269898+0.j  0.        +0.j -0.12096813+0.j]], shape=(3, 3), dtype=complex128)
----- N 3 segNum 32 -----
detuning [-0.061227969370357925, 0.006925511717484799, 0.05430245765287382]
tau 480.0
mode [[ 4.08248290e-01 -8.16496581e-01  4.08248290e-01]
 [ 7.07106781e-01  1.19683070e-15 -7.07106781e-01]
 [-5.77350269e-01 -5.77350269e-01 -5.77350269e-01]]
k_list [0, 1, 2]
this ions should have laser shined:  [0 2]
>>>>>>>>>> P and G calculate time used is: 21.676753997802734 seconds
error: 0.3876640858348329
constrain_error 2.398734294528637e-07
>>>>>>>>>> optimization time used is: 38.80932927131653 seconds
alpha max are: [1, 3, 1]  for phonon cut-off in simulation
./calculation results/data/
segnum 32 (array([ 0.5       ,  0.5       , -0.12761983, -0.26829035,  0.5       ,
        0.5       ,  0.36361826, -0.5       , -0.5       ,  0.17194705,
        0.5       ,  0.5       , -0.5       , -0.5       , -0.15714973,
        0.5       ,  0.5       , -0.15768044, -0.5       , -0.5       ,
        0.5       ,  0.5       ,  0.17215621, -0.5       , -0.5       ,
        0.36403201,  0.5       ,  0.5       , -0.26863892, -0.12767344,
        0.5       ,  0.5       ]), array([ 0.5       ,  0.5       , -0.12761983, -0.26829035,  0.5       ,
        0.5       ,  0.36361826, -0.5       , -0.5       ,  0.17194705,
        0.5       ,  0.5       , -0.5       , -0.5       , -0.15714973,
        0.5       ,  0.5       , -0.15768044, -0.5       , -0.5       ,
        0.5       ,  0.5       ,  0.17215621, -0.5       , -0.5       ,
        0.36403201,  0.5       ,  0.5       , -0.26863892, -0.12767344,
        0.5       ,  0.5       ]))
test theta tf.Tensor(
[[-0.13890488+0.j  0.        +0.j  0.39269896+0.j]
