[phonon]
partialpos = [0.00e+00 5.00e-06 1.00e-05 1.50e-05 2.00e-05 2.50e-05 3.00e-05 3.50e-05
	 4.00e-05 4.50e-05 5.00e-05 5.50e-05 6.00e-05 6.50e-05 7.00e-05 7.50e-05
	 8.00e-05 8.50e-05 9.00e-05 9.50e-05 1.00e-04 1.05e-04 1.10e-04 1.15e-04
	 1.20e-04 1.25e-04 1.30e-04 1.35e-04]
z_freqcal = [2016838.9995313785, 2018222.3706136576, 2020288.1980708248, 2023021.975372783, 2026406.4655387392, 2030421.209336105, 2035042.3608511097, 2040242.5901309163, 2045990.9986269334, 2052253.027239678, 2058990.341736199, 2066160.6852712713, 2073717.6807811996, 2081610.5719667037, 2089783.873842523, 2098176.916649906, 2106723.2268343884, 2115349.717229529, 2123975.564838491, 2132510.7177267475, 2140853.732404404, 2148888.784502352, 2156480.9682322713, 2163469.3009657296, 2169653.824185224, 2174773.255176354, 2178443.1028236574, 2180000.0]
z_modes = [[0.0061912920654028656, 0.013830501096615568, -0.023120445967195414, 0.033797112728128825, -0.04565344523417021, 0.05850926729700774, -0.0721962686910096, 0.08655120454238456, -0.10141200565051516, 0.11661681684855146, -0.13200277964525778, 0.1474071753735769, -0.16266671885935924, 0.17761997741305463, -0.1921061484638204, 0.20596881312654328, -0.21905311299407854, 0.23121160515722997, -0.24229781323616514, 0.2521763327264724, -0.2607075580530249, 0.26776821865966177, -0.27320923020424154, 0.27690826388140655, -0.27859723701190353, 0.2780425524479785, -0.272278498605992, -0.18898223650458393], [-0.02241646080666844, -0.049324062604107044, 0.08058940721664262, -0.11422154918653007, 0.14835612333379247, -0.18121284223124148, 0.2111082408305307, -0.23649331365231208, 0.2560013885938719, -0.2684954326282286, 0.27311251232098843, -0.2692980526063295, 0.2568323400393222, -0.23584123910156507, 0.20679834751173803, -0.170507713651685, 0.12808133101931832, -0.08089416837037536, 0.030542888000475738, 0.021223119114943196, -0.07254809971751418, 0.1215593870355357, -0.16638798914928857, 0.20528713518624506, -0.2365027584066795, 0.25849587729283574, -0.2671172373274271, -0.1889822365045836], [0.044824552382137575, 0.09597398420942856, -0.15034862804856788, 0.2010222507305259, -0.24177711506675023, 0.26747487641900375, -0.2744494177996277, 0.2608270972520563, -0.22670988276579215, 0.1741900803902269, -0.1071822459624228, 0.031086188371089528, 0.04769725012486677, -0.12234738987394178, 0.18625863222606515, -0.2336572089431496, 0.2601584968852736, -0.2631893815788007, 0.2422650579308693, -0.19905204688189077, 0.1372683974986253, -0.06234755050965459, -0.01897462650004408, 0.09930520986258667, -0.17102494077322952, 0.22711001553795257, -0.2587038869841039, -0.18898223650458676], [-0.07111424537869421, -0.14620260418180894, 0.21470907767812358, -0.26129483769465617, 0.27485042159586315, -0.25015331774083627, 0.18872689242728777, -0.09864316064163553, -0.0067636426970345805, 0.11109579041329869, -0.19764697796859887, 0.2522584999720919, -0.2657832376500798, 0.23573760715168504, -0.16683579404872365, 0.07031381104152071, 0.03787601749816995, -0.13967976910550844, 0.21796502608281548, -0.259393425711124, 0.25672432446607446, -0.21005526798344692, 0.12693969521807769, -0.02112369534239571, -0.08943423381413108, 0.18566279884682294, -0.2472535198263474, -0.18898223650458987], [0.0997767445825804, 0.19412527699942517, -0.260022528366949, 0.27338332248911584, -0.22504705529009245, 0.12315787785230219, 0.008876887566462342, -0.13850198717665738, 0.23268547758589903, -0.2668614546768186, 0.23173860375400188, -0.13609323526699513, 0.004737584984840521, 0.12786642534369125, -0.22666980492805164, 0.2653800634740414, -0.2335493069842242, 0.13950265865649328, -0.008238925455798136, -0.12512161498042393, 0.22469947156656853, -0.2634204978449568, 0.23040754284009818, -0.1339322614175205, -0.00034023631252315156, 0.1362151299720265, -0.23295963139905612, -0.1889822365045931], [-0.12950606600646922, -0.234592572334373, 0.2763999280325013, -0.2289102988271486, 0.10235866917077054, 0.06049672227067103, -0.20068271529127613, 0.26587736200233697, -0.23105854814138313, 0.10884298045555327, 0.05468974004285403, -0.1972653124682348, 0.2642264792094559, -0.2296774418702433, 0.1067079702967794, 0.05741585563120282, -0.199340377414491, 0.264101750045674, -0.22647811483660263, 0.10095476631392178, 0.06373358659535135, -0.20332072710987437, 0.2630016533758027, -0.21870675333613449, 0.08702482268786076, 0.08111240611485372, -0.21602102590804861, -0.1889822365045945], [0.15914316536245388, 0.26338380811208084, -0.2588947784690781, 0.13452169779517303, 0.05454833314939161, -0.21534680961168715, 0.2661245561621307, -0.18019736366461836, 0.0013070406004801994, 0.17809153494092353, -0.26463116650915197, 0.21295298513375818, -0.04986304896092143, -0.13929703498440008, 0.2552290387736581, -0.23688218432634436, 0.09378395729392107, 0.09874663057450361, -0.23912895462302128, 0.2531424398937064, -0.13325185264514286, -0.0570792416130515, 0.21676778284601989, -0.26033769995867734, 0.16369326783372717, 0.0229152085107379, -0.19665120543139963, -0.1889822365045998], [-0.18762136328048207, -0.2773384928086019, 0.20796029803066432, -0.009937111504265411, -0.19271533249423958, 0.2668964309619283, -0.1625666180399351, -0.05082941634273115, 0.22958319593108717, -0.25260655392935133, 0.10405407408687453, 0.11520715796902971, -0.2558251589386982, 0.22178032740505063, -0.0362145493543216, -0.17403899402879358, 0.26505327000840107, -0.17439424062328343, -0.03585527119993489, 0.2214600845209696, -0.2548828969017915, 0.11308518518355427, 0.10635545380157253, -0.2517409788821896, 0.22185752574709186, -0.03569942470683785, -0.17508158742002974, -0.18898223650460136], [0.21397451582523352, 0.27455291773825924, -0.12934404194766028, -0.11687394665707282, 0.26414284346680866, -0.189440963706648, -0.04481067457780776, 0.2405652252489732, -0.2314909394398557, 0.025168054273736987, 0.2024403390233799, -0.2568026161538843, 0.09132906276591853, 0.15230571188899572, -0.26523480961251694, 0.15053259837554675, 0.0933686741182357, -0.25693570484628114, 0.1995356340915394, 0.029521583490928278, -0.23309343126666815, 0.23583381184845198, -0.03531344809351671, -0.19511787411030446, 0.25566018957673947, -0.09205011851522428, -0.1515620031780898, -0.18898223650460305], [-0.23733874144565215, -0.25447072129039733, 0.033174560439322175, 0.21660520989939094, -0.24347161943529128, 0.01997526627885558, 0.2233934367838262, -0.234604796122177, 0.0020246339942392414, 0.2323612992378893, -0.22434194266292057, -0.017716264397986042, 0.2411045238856565, -0.2124288625755592, -0.03833221857147885, 0.24888865652143344, -0.19888954758852725, -0.05930694625391835, 0.2552601308354508, -0.18361080194475324, -0.08051602285472, 0.2600970194048355, -0.16659701820704872, -0.10151168262655581, 0.26178918994874845, -0.1435673417738915, -0.12635977825577224, -0.18898223650460494], [0.2569685222330504, 0.21790951084423482, 0.06754389522794753, -0.2658045616906465, 0.1375030247304988, 0.15920359778663135, -0.2583027651054509, 0.03746659214963765, 0.22942399137129346, -0.21117775242913103, -0.06941436265292894, 0.2634588337543284, -0.12961101103659511, -0.16546682840329396, 0.2543450270288349, -0.026353771227615126, -0.23437655631409296, 0.2028849036933627, 0.08152510470438352, -0.2640987091541867, 0.1171024575559618, 0.17599168047571645, -0.24915801791061962, 0.011260932662370443, 0.23981326522841553, -0.18790656718070026, -0.09975797477465018, -0.1889822365046084], [-0.27224753560932596, -0.16697625995677734, -0.1588775184787053, 0.25269778641588453, 0.016786962761987188, -0.26056232106320215, 0.12681920814379988, 0.19022596315799617, -0.2309231829360241, -0.06348129007688594, 0.2653914871285233, -0.08162291008281311, -0.22061343617887935, 0.20197238462679207, 0.11032440895150296, -0.2620019570753764, 0.032480132724746875, 0.2442086877413901, -0.16540939625140694, -0.1540617610539111, 0.24907209951073975, 0.018686518095009184, -0.2590009507214369, 0.12192338695445046, 0.19222148585141066, -0.22305241644982746, -0.07205309341497598, -0.1889822365046142], [0.28270225449320685, 0.10489930693397569, 0.2280284517072694, -0.18016425317095644, -0.16515311364490787, 0.23438704204066474, 0.08644032432537889, -0.2625282972303265, 0.0008254674037418066, 0.2618789435718554, -0.08748789542431665, -0.23270575083686826, 0.16429265432850648, 0.17831614450098035, -0.22302875503538863, -0.10467025338132738, 0.25741646934864804, 0.01983347079882702, -0.2638312970044267, 0.06703581141255875, 0.24161908840366295, -0.1463308256723055, -0.19334759379776906, 0.20968628500003805, 0.12416192895952405, -0.24740862377941347, -0.043552409082449964, -0.18898223650462034], [-0.2880108895326083, -0.035770592757967866, -0.26523916751254306, 0.06517917867306194, 0.25525437431843184, -0.09338482655345409, -0.2439060612258465, 0.12028489047708128, 0.2300898089184111, -0.145623016391615, -0.21369436619118012, 0.16913330123922907, 0.1948236386091246, -0.1905397815212471, -0.17366780633361953, 0.20961228446400598, 0.1504593279608006, -0.22608949588932253, -0.12547329990369618, 0.23982422225278685, 0.09899557005563117, -0.25046770996946843, -0.07137690616011858, 0.2580997321266814, 0.04290606190077013, -0.2598694963171953, -0.014571055496781225, -0.18898223650461954], [0.28801088953262016, -0.03577059275792777, 0.2652391675125406, 0.06517917867303204, -0.25525437431845055, -0.09338482655343434, 0.243906061225836, 0.12028489047705845, -0.23008980891840894, -0.14562301639163402, 0.21369436619118742, 0.16913330123923354, -0.19482363860912577, -0.19053978152125114, 0.17366780633361517, 0.2096122844639997, -0.150459327960804, -0.22608949588931287, 0.12547329990369813, 0.23982422225278652, -0.09899557005563664, -0.2504677099694696, 0.0713769061601157, 0.25809973212668397, -0.04290606190075581, -0.259869496317196, 0.014571055496749686, -0.18898223650462037], [-0.28270225449324, 0.1048993069339371, -0.22802845170725589, -0.18016425317093268, 0.1651531136449518, 0.23438704204065622, -0.0864403243253526, -0.2625282972303301, -0.0008254674037436134, 0.26187894357185754, 0.08748789542430163, -0.23270575083686373, -0.16429265432850296, 0.17831614450097397, 0.2230287550353939, -0.10467025338133297, -0.2574164693486485, 0.019833470798841672, 0.26383129700442454, 0.06703581141256065, -0.24161908840366095, -0.14633082567230876, 0.19334759379776295, 0.20968628500004555, -0.12416192895951396, -0.2474086237794179, 0.04355240908242694, -0.18898223650462442], [0.27224753560937576, -0.16697625995673543, 0.15887751847868142, 0.2526977864158631, -0.01678696276204288, -0.26056232106320215, -0.12681920814382086, 0.1902259631580221, 0.2309231829360183, -0.06348129007687006, -0.2653914871285169, -0.08162291008281858, 0.22061343617887558, 0.2019723846267945, -0.11032440895149542, -0.26200195707537444, -0.03248013272474634, 0.24420868774139745, 0.1654093962514056, -0.15406176105391273, -0.24907209951073248, 0.01868651809500999, 0.25900095072142965, 0.12192338695445876, -0.19222148585139878, -0.22305241644983542, 0.07205309341494984, -0.1889822365046251], [-0.2569685222331162, 0.21790951084419274, -0.06754389522791344, -0.26580456169062994, -0.1375030247304536, 0.15920359778663296, 0.25830276510545186, 0.0374665921496188, -0.22942399137128255, -0.21117775242915596, 0.06941436265293108, 0.2634588337543295, 0.12961101103660091, -0.16546682840328608, -0.2543450270288436, -0.02635377122761297, 0.23437655631409507, 0.20288490369335846, -0.0815251047043825, -0.26409870915419387, -0.1171024575559561, 0.1759916804757217, 0.24915801791061498, 0.01126093266237766, -0.239813265228406, -0.18790656718071266, 0.09975797477462413, -0.18898223650462675], [0.23733874144572883, -0.2544707212903584, -0.03317456043936243, 0.21660520989938833, 0.24347161943527612, 0.019975266278848033, -0.22339343678381451, -0.2346047961221809, -0.0020246339942371068, 0.23236129923789897, 0.22434194266291435, -0.01771626439798116, -0.241104523885655, -0.21242886257555885, 0.03833221857147298, 0.2488886565214291, 0.19888954758852107, -0.05930694625392738, -0.25526013083544014, -0.1836108019447588, 0.08051602285471761, 0.2600970194048399, 0.16659701820705006, -0.10151168262654867, -0.2617891899487433, -0.1435673417739065, 0.1263597782557466, -0.18898223650462698], [-0.21397451582530425, 0.2745529177382086, 0.12934404194769647, -0.1168739466570759, -0.26414284346681577, -0.18944096370662844, 0.044810674577791004, 0.2405652252489867, 0.23149093943983032, 0.025168054273753605, -0.20244033902336767, -0.25680261615388167, -0.09132906276593183, 0.15230571188897893, 0.2652348096125244, 0.15053259837554864, -0.09336867411823835, -0.25693570484628625, -0.1995356340915328, 0.029521583490925363, 0.23309343126666082, 0.2358338118484604, 0.0353134480935255, -0.19511787411030107, -0.2556601895767398, -0.09205011851523733, 0.15156200317806745, -0.18898223650462923], [0.18762136328053577, -0.277338492808532, -0.20796029803068625, -0.009937111504257445, 0.1927153324942592, 0.2668964309618946, 0.16256661803994213, -0.050829416342737924, -0.2295831959310629, -0.25260655392938214, -0.10405407408687899, 0.11520715796903136, 0.2558251589387075, 0.22178032740505413, 0.036214549354333124, -0.17403899402879133, -0.2650532700084064, -0.17439424062328332, 0.03585527119993507, 0.22146008452097776, 0.2548828969017847, 0.11308518518355824, -0.10635545380156367, -0.2517409788821903, -0.2218575257470959, -0.03569942470685051, 0.17508158742000948, -0.18898223650463059], [-0.15914316536249618, 0.26338380811200796, 0.2588947784690981, 0.13452169779517423, -0.05454833314941763, -0.21534680961167021, -0.2661245561621382, -0.18019736366462616, -0.0013070406004701458, 0.17809153494094498, 0.2646311665091539, 0.21295298513375632, 0.04986304896092123, -0.13929703498439758, -0.25522903877366676, -0.23688218432633867, -0.09378395729391366, 0.09874663057451287, 0.23912895462301575, 0.2531424398937158, 0.13325185264513578, -0.057079241613056254, -0.2167677828460131, -0.26033769995868067, -0.16369326783373297, 0.022915208510726474, 0.19665120543137962, -0.18898223650463072], [0.12950606600650325, -0.2345925723343093, -0.27639992803252666, -0.22891029882716687, -0.10235866917075039, 0.06049672227068397, 0.2006827152912918, 0.26587736200236184, 0.23105854814134363, 0.10884298045555227, -0.05468974004286126, -0.19726531246823656, -0.26422647920945913, -0.22967744187023692, -0.10670797029678217, 0.05741585563120673, 0.19934037741449542, 0.264101750045674, 0.22647811483659092, 0.10095476631392461, -0.06373358659535092, -0.20332072710987967, -0.2630016533757945, -0.21870675333613945, -0.08702482268787039, 0.08111240611484088, 0.2160210259080293, -0.18898223650462925], [-0.09977674458260559, 0.1941252769993704, 0.2600225283669737, 0.27338332248914954, 0.22504705529008914, 0.12315787785226659, -0.008876887566476793, -0.13850198717667828, -0.23268547758586847, -0.26686145467683997, -0.23173860375399816, -0.13609323526699046, -0.004737584984843272, 0.12786642534368278, 0.2266698049280559, 0.2653800634740376, 0.23354930698422166, 0.13950265865648737, 0.008238925455792813, -0.1251216149804305, -0.22469947156656445, -0.26342049784496374, -0.23040754284009168, -0.1339322614175238, 0.00034023631251478716, 0.13621512997201507, 0.23295963139903544, -0.18898223650462784], [0.07111424537871051, -0.14620260418176484, -0.2147090776781412, -0.2612948376946903, -0.27485042159587175, -0.2501533177407938, -0.18872689242728427, -0.09864316064163522, 0.006763642697039171, 0.11109579041330918, 0.19764697796859765, 0.25225849997208855, 0.26578323765008227, 0.23573760715167894, 0.16683579404873153, 0.07031381104152092, -0.03787601749817236, -0.13967976910551227, -0.2179650260828085, -0.2593934257111343, -0.25672432446607013, -0.21005526798345447, -0.12693969521807688, -0.021123695342398496, 0.089434233814124, 0.18566279884681428, 0.24725351982632848, -0.18898223650462764], [-0.04482455238214775, 0.09597398420939907, 0.15034862804858046, 0.2010222507305557, 0.2417771150667654, 0.26747487641896933, 0.2744494177996383, 0.2608270972520818, 0.22670988276576007, 0.17419008039024045, 0.1071822459624214, 0.031086188371089396, -0.04769725012486445, -0.12234738987393518, -0.18625863222606828, -0.23365720894314654, -0.2601584968852749, -0.26318938157880045, -0.24226505793085687, -0.19905204688189568, -0.13726839749862077, -0.06234755050965661, 0.018974626500040417, 0.09930520986258567, 0.17102494077322375, 0.2271100155379455, 0.25870388698408425, -0.18898223650462584], [0.022416460806674046, -0.049324062604092646, -0.08058940721664912, -0.11422154918654552, -0.14835612333380113, -0.18121284223121956, -0.21110824083054053, -0.2364933136523346, -0.25600138859383276, -0.2684954326282456, -0.2731125123209799, -0.26929805260631995, -0.2568323400393236, -0.23584123910156118, -0.20679834751174853, -0.17050771365168693, -0.12808133101932212, -0.08089416837037806, -0.03054288800047608, 0.021223119114942225, 0.07254809971751111, 0.1215593870355367, 0.1663879891492793, 0.20528713518624656, 0.2365027584066773, 0.25849587729283324, 0.2671172373274099, -0.18898223650462623], [-0.006191292065404427, 0.01383050109661139, 0.023120445967197305, 0.03379711272813356, 0.04565344523417285, 0.05850926729699995, 0.07219626869101213, 0.08655120454239207, 0.10141200565049836, 0.11661681684855747, 0.13200277964525342, 0.14740717537357215, 0.1626667188593587, 0.17761997741304886, 0.19210614846382812, 0.205968813126546, 0.21905311299408456, 0.23121160515723443, 0.24229781323615704, 0.2521763327264807, 0.26070755805301776, 0.26776821865966627, 0.2732092302042283, 0.27690826388140904, 0.2785972370119021, 0.27804255244797654, 0.2722784986059756, -0.18898223650462687]]

