[shined]
shined = [0, 1]

[amplitude]
pulse_type = AM
shape = rectangular
mu = 2104745.3789149793
delta_t = 1.4999999999999999e-05
segnum = 48
amp_list0 = [0.09793259092342155, 0.15746515940208497, -0.19152586736329338, -0.19436435981477654, 0.1919088830273375, 0.19557779875041809, -0.04016219721401337, -0.17278067659034987, 0.0058289544505318435, 0.19110610260772523, 0.12363601797185236, -0.14208294696386567, -0.19714360942829082, 0.09336856941227158, 0.18621277515332643, 0.020668802154570447, -0.18495648062351522, -0.14095224443377138, 0.19681833827137993, 0.15443266519029467, -0.192443908415927, -0.18140212752852442, -0.18883474683588225, 0.19910736672703086, 0.1989205376555655, -0.18580030184678584, -0.1801319866162448, -0.19223321085414308, 0.10634609587686573, 0.19791937448532357, -0.07598831995658142, -0.18937386538229614, 0.005893208115453034, 0.19029820332462816, 0.133932464596947, -0.19387922555534198, -0.15995290010199245, 0.12159798751826303, 0.19171883549287635, 0.03802237806417072, -0.17120863940614892, -0.050310500755943476, 0.19649452014527236, 0.19570688477699658, -0.18602884618875642, -0.1909969248805007, 0.11106387360805504, 0.10221899335573148]
amp_list1 = [0.09793259092342155, 0.15746515940208497, -0.19152586736329338, -0.19436435981477654, 0.1919088830273375, 0.19557779875041809, -0.04016219721401337, -0.17278067659034987, 0.0058289544505318435, 0.19110610260772523, 0.12363601797185236, -0.14208294696386567, -0.19714360942829082, 0.09336856941227158, 0.18621277515332643, 0.020668802154570447, -0.18495648062351522, -0.14095224443377138, 0.19681833827137993, 0.15443266519029467, -0.192443908415927, -0.18140212752852442, -0.18883474683588225, 0.19910736672703086, 0.1989205376555655, -0.18580030184678584, -0.1801319866162448, -0.19223321085414308, 0.10634609587686573, 0.19791937448532357, -0.07598831995658142, -0.18937386538229614, 0.005893208115453034, 0.19029820332462816, 0.133932464596947, -0.19387922555534198, -0.15995290010199245, 0.12159798751826303, 0.19171883549287635, 0.03802237806417072, -0.17120863940614892, -0.050310500755943476, 0.19649452014527236, 0.19570688477699658, -0.18602884618875642, -0.1909969248805007, 0.11106387360805504, 0.10221899335573148]

