[result]
infid = 0.00332504627326069
tracedist = 0.0067785604434171245
infid_ideal = -6.078757995853223e-06
bound_eq26 = 0.0127631172481072

