[shined]
shined = [0, 1]

[amplitude]
pulse_type = AM
shape = rectangular
mu = 2092199.244104599
delta_t = 1.4999999999999999e-05
segnum = 43
amp_list0 = [0.06822065705466486, -0.2631209928076325, 0.4468819497566641, -0.29426172860999594, -0.14239572431105169, 0.32241624040924893, 0.01834355771363681, -0.2798901829119923, -0.0008583809071905596, 0.3115771232849247, -0.04195325181073236, -0.30076782732712193, 0.06553198066878861, 0.292264037794253, -0.05973555687425748, -0.28527875583037626, 0.05354505490590114, 0.2810120265587887, -0.028280707019164016, -0.2861850556685435, 0.015316259037041629, 0.28166639795825466, 0.012653221324152164, -0.28688957856362557, -0.02583028493478063, 0.28231272040363675, 0.05142898615890966, -0.2870875866732053, -0.05818596410607452, 0.2942025752100439, 0.06469418511780821, -0.30190754086874344, -0.04236669142267827, 0.303939588270081, 0.02932258739115943, -0.3169917984365067, 0.018942030795317224, 0.37700109362126083, -0.21929249525404468, -0.24002749224284375, 0.4271700971893064, -0.261227343563744, 0.06900939831510335]
amp_list1 = [0.06822065705466486, -0.2631209928076325, 0.4468819497566641, -0.29426172860999594, -0.14239572431105169, 0.32241624040924893, 0.01834355771363681, -0.2798901829119923, -0.0008583809071905596, 0.3115771232849247, -0.04195325181073236, -0.30076782732712193, 0.06553198066878861, 0.292264037794253, -0.05973555687425748, -0.28527875583037626, 0.05354505490590114, 0.2810120265587887, -0.028280707019164016, -0.2861850556685435, 0.015316259037041629, 0.28166639795825466, 0.012653221324152164, -0.28688957856362557, -0.02583028493478063, 0.28231272040363675, 0.05142898615890966, -0.2870875866732053, -0.05818596410607452, 0.2942025752100439, 0.06469418511780821, -0.30190754086874344, -0.04236669142267827, 0.303939588270081, 0.02932258739115943, -0.3169917984365067, 0.018942030795317224, 0.37700109362126083, -0.21929249525404468, -0.24002749224284375, 0.4271700971893064, -0.261227343563744, 0.06900939831510335]

