[shined]
shined = [0, 1]

[amplitude]
pulse_type = AM
shape = rectangular
mu = 2099645.2173228892
delta_t = 1.4999999999999999e-05
segnum = 55
amp_list0 = [0.17986820323436573, 0.10760022069339727, -0.1874528652826226, 0.01494687492746706, 0.18542725185663114, 0.09911150130928809, -0.19218338309188182, -0.07547861454262905, 0.19924831856404696, 0.19392523540893505, -0.1856616139690953, -0.14318612327541497, 0.05775781141236018, 0.19647577668343702, 0.12335344903969517, -0.19752980828119376, 0.0037217733593329677, 0.19931041591441193, 0.19980685043206015, 0.1966864746338922, -0.19406336032906676, 0.05978135101192691, 0.19824229531457577, 0.19799500338975382, -0.18973528879745669, -0.1995931289437457, 0.14993332520570016, 0.19613694871369936, 0.1440808291467893, -0.19793462626558195, -0.18288042646576919, 0.1976007701864006, 0.1979526349907467, 0.051352325336787505, -0.19254949430875337, 0.19428999604954358, 0.199852339618225, 0.19940242452704823, 0.000433665701874613, -0.19547875459991457, 0.1287113590199798, 0.1947531906369176, 0.06270097655789593, -0.15720119386147685, -0.1766943203453434, 0.19469457569139526, 0.1996872786316751, -0.083656384126028, -0.1883050876258202, 0.1045714510534243, 0.1868347529906563, 0.00635530028425201, -0.19089644758003968, 0.11837190618226785, 0.16835671064920768]
amp_list1 = [0.17986820323436573, 0.10760022069339727, -0.1874528652826226, 0.01494687492746706, 0.18542725185663114, 0.09911150130928809, -0.19218338309188182, -0.07547861454262905, 0.19924831856404696, 0.19392523540893505, -0.1856616139690953, -0.14318612327541497, 0.05775781141236018, 0.19647577668343702, 0.12335344903969517, -0.19752980828119376, 0.0037217733593329677, 0.19931041591441193, 0.19980685043206015, 0.1966864746338922, -0.19406336032906676, 0.05978135101192691, 0.19824229531457577, 0.19799500338975382, -0.18973528879745669, -0.1995931289437457, 0.14993332520570016, 0.19613694871369936, 0.1440808291467893, -0.19793462626558195, -0.18288042646576919, 0.1976007701864006, 0.1979526349907467, 0.051352325336787505, -0.19254949430875337, 0.19428999604954358, 0.199852339618225, 0.19940242452704823, 0.000433665701874613, -0.19547875459991457, 0.1287113590199798, 0.1947531906369176, 0.06270097655789593, -0.15720119386147685, -0.1766943203453434, 0.19469457569139526, 0.1996872786316751, -0.083656384126028, -0.1883050876258202, 0.1045714510534243, 0.1868347529906563, 0.00635530028425201, -0.19089644758003968, 0.11837190618226785, 0.16835671064920768]

