[shined]
shined = [3, 10]

[amplitude]
pulse_type = AM
shape = rectangular
mu = 2083791.6603107508
delta_t = 1.4999999999999999e-05
segnum = 54
amp_list0 = [-0.07517505658185028, 0.3541495460739351, -0.6450274740246899, 0.40074835985258334, 0.3526577386547556, -0.5843967241633294, -0.15804882366343576, 0.6590799517438514, 0.021173709779770435, -0.700975085281253, 0.1099492827694713, 0.6888309748788786, -0.18205946370629172, -0.719983082685444, 0.2979996494065333, 0.7075300073555553, -0.3855371892997556, -0.7146184662280771, 0.48965284420383676, 0.6902320405216404, -0.5641099607905601, -0.6845151617237796, 0.6575987136873297, 0.634670560619186, -0.7314473287867765, -0.5572001035974719, 0.7504479898416561, 0.5113373335660184, -0.7892916487693769, -0.4431183735259491, 0.7997596908071485, 0.38710686459236343, -0.8079892560595201, -0.32837479422982957, 0.8196882835214915, 0.2466551590724343, -0.8024978557559851, -0.1753976632564723, 0.8036972192695029, 0.07104865864773145, -0.7773724907185933, 0.027012572632234198, 0.7512477684539262, -0.14450760262483708, -0.6842315911606099, 0.2311046438855445, 0.6211781848810258, -0.3419324903346269, -0.5317345179824267, 0.5273491952733411, 0.2587158679130522, -0.6832141168653213, 0.44563785241591775, -0.11360518605454913]
amp_list1 = [-0.07517505658185028, 0.3541495460739351, -0.6450274740246899, 0.40074835985258334, 0.3526577386547556, -0.5843967241633294, -0.15804882366343576, 0.6590799517438514, 0.021173709779770435, -0.700975085281253, 0.1099492827694713, 0.6888309748788786, -0.18205946370629172, -0.719983082685444, 0.2979996494065333, 0.7075300073555553, -0.3855371892997556, -0.7146184662280771, 0.48965284420383676, 0.6902320405216404, -0.5641099607905601, -0.6845151617237796, 0.6575987136873297, 0.634670560619186, -0.7314473287867765, -0.5572001035974719, 0.7504479898416561, 0.5113373335660184, -0.7892916487693769, -0.4431183735259491, 0.7997596908071485, 0.38710686459236343, -0.8079892560595201, -0.32837479422982957, 0.8196882835214915, 0.2466551590724343, -0.8024978557559851, -0.1753976632564723, 0.8036972192695029, 0.07104865864773145, -0.7773724907185933, 0.027012572632234198, 0.7512477684539262, -0.14450760262483708, -0.6842315911606099, 0.2311046438855445, 0.6211781848810258, -0.3419324903346269, -0.5317345179824267, 0.5273491952733411, 0.2587158679130522, -0.6832141168653213, 0.44563785241591775, -0.11360518605454913]

