[phonon]
partialpos = [0.0e+00 5.0e-06 1.0e-05 1.5e-05 2.0e-05 2.5e-05 3.0e-05 3.5e-05 4.0e-05
	 4.5e-05 5.0e-05 5.5e-05 6.0e-05 6.5e-05 7.0e-05]
z_freqcal = [2018607.3210337292, 2023298.1037160633, 2030197.4520329128, 2039155.8688958385, 2049987.8918891903, 2062468.357599642, 2076329.1168422438, 2091254.2037792576, 2106872.2281277874, 2122743.268438347, 2138337.327075466, 2152993.021388876, 2165841.4857498766, 2175596.384764425, 2180000.0]
z_modes = [[0.021224549167672867, -0.047280564684562695, 0.0785342966257213, -0.11355339389460768, 0.15097007368540372, -0.18941609952298993, -0.22752671677380526, 0.26393444452636244, 0.29732544532612826, -0.3264042949081397, 0.3500059450164796, -0.3668477639759418, 0.3758301000715152, -0.3717704661529029, -0.25819888974716715], [-0.07543300016423093, 0.15941737223720037, -0.24410714596390562, 0.31508785574154746, -0.3600012522557968, 0.36995141706832385, 0.3406301839997115, -0.27298595771183704, -0.17316804392241142, 0.05192138620088925, 0.07681410673499275, -0.19728827112681838, 0.2941725595668111, -0.3497168400652596, -0.25819888974716765], [0.14589048024702686, -0.27937198436513344, 0.3631572047567783, -0.3614354078024768, 0.26551020923550334, -0.09686864684576162, 0.09880789688556352, -0.26531358610046785, -0.3530847404226703, 0.33487471815281955, -0.21459955515261855, 0.02736326606535779, 0.17083814285340596, -0.3140876970523031, -0.25819888974716804], [-0.2203076886373243, 0.3607304160179532, -0.3455510547601905, 0.16335223498550386, 0.10073062298315129, -0.3105271456168861, -0.35400289973603855, 0.20663401091515043, -0.052507363151753916, 0.28224198001840994, -0.35571147607060205, 0.2309661209736429, 0.02529694434451799, -0.2665689541761383, -0.2581988897471712], [0.2891857032268769, -0.373601210680414, 0.1804449907917693, 0.15273636182076022, -0.356633934306974, 0.26124265792331924, -0.05400928678895095, 0.3226546789784289, 0.3162455642412116, -0.03997239548097268, -0.26944441054406054, 0.3455800964345847, -0.12011766833513945, -0.20908509157311594, -0.25819888974717187], [-0.34453059607488123, 0.30749364902334275, 0.06546569305734204, -0.35390662408521717, 0.220171702853975, 0.17556697621403722, 0.35899452449052827, -0.10986070883396153, 0.27125436380800355, -0.3239199196520398, -0.015058939310343775, 0.3342020878884877, -0.24328562605362192, -0.14383834280212884, -0.25819888974716704], [0.3802945497155051, -0.17333580741413046, -0.28109981853801536, 0.28622974761104186, 0.16034692714800786, -0.3498218945237023, 0.017417390521022456, -0.35574280770827815, -0.12627513294560017, -0.30404092985975395, 0.2485177996458182, 0.20319773663479632, -0.3255322907613073, -0.07327154374521475, -0.25819888974716515], [-0.3926479949612895, 3.287266978946771e-14, 0.36631166806101456, -3.585331341654486e-15, -0.36218869868653686, 9.484703847287596e-15, -0.3606221851960662, 5.235978468635494e-15, -0.35958018586583357, 3.895178052101931e-15, 0.35895305936071015, -1.1438162708659123e-14, -0.35440432337235345, 1.1557732601555933e-14, -0.2581988897471634], [0.38029454971550053, 0.17333580741407567, -0.2810998185380562, -0.286229747611038, 0.16034692714801513, 0.3498218945236965, 0.01741739052104457, 0.3557428077082799, -0.1262751329455923, 0.30404092985975834, 0.24851779964580703, -0.20319773663481425, -0.32553229076130397, 0.07327154374523749, -0.25819888974716043], [-0.3445305960748782, -0.30749364902331644, 0.06546569305740887, 0.3539066240852257, 0.22017170285396737, -0.17556697621405865, 0.35899452449052677, 0.109860708833947, 0.27125436380801315, 0.3239199196520359, -0.015058939310362231, -0.3342020878884964, -0.24328562605361312, 0.14383834280215194, -0.2581988897471584], [0.2891857032268866, 0.37360121068043034, 0.18044499079170348, -0.15273636182078323, -0.3566339343069791, -0.2612426579233027, -0.05400928678897539, -0.32265467897843747, 0.31624556424120986, 0.03997239548096476, -0.2694444105440733, -0.34558009643458076, -0.1201176683351292, 0.20908509157313626, -0.2581988897471552], [-0.2203076886373448, -0.3607304160180028, -0.34555105476014825, -0.16335223498548032, 0.10073062298316189, 0.3105271456168946, -0.3540028997360308, -0.20663401091513872, -0.05250736315176058, -0.2822419800184116, -0.3557114760706019, -0.23096612097363273, 0.025296944344523505, 0.26656895417615745, -0.2581988897471527], [0.14589048024704684, 0.27937198436518473, 0.3631572047567524, 0.3614354078024555, 0.26551020923550145, 0.09686864684575497, 0.0988078968855704, 0.26531358610046796, -0.35308474042267113, -0.3348747181528196, -0.21459955515261694, -0.02736326606535259, 0.1708381428534052, 0.3140876970523242, -0.25819888974715105], [-0.07543300016424295, -0.159417372237233, -0.2441071459638927, -0.31508785574153536, -0.3600012522558049, -0.3699514170683315, 0.3406301839997064, 0.27298595771182993, -0.17316804392240884, -0.05192138620088746, 0.07681410673499754, 0.1972882711268193, 0.2941725595668042, 0.3497168400652788, -0.2581988897471493], [0.021224549167676847, 0.047280564684573145, 0.07853429662571766, 0.11355339389460352, 0.15097007368540785, 0.18941609952299537, -0.2275267167738039, -0.263934444526358, 0.2973254453261273, 0.32640429490814044, 0.35000594501648635, 0.3668477639759402, 0.3758301000715058, 0.37177046615292403, -0.2581988897471492]]

