[result]
infid = 0.048975096518259154
tracedist = 0.09772691499780055
infid_ideal = -3.7404628605797186e-05
bound_eq26 = 0.211468492162592

