python script
[[-0.7071067811865475, 0.7071067811865475], [0.7071067811865475, 0.7071067811865475]]
----- N 2 segNum 2 -----
2022-04-13 23:56:13.831099: I tensorflow/compiler/jit/xla_cpu_device.cc:41] Not creating XLA devices, tf_xla_enable_xla_devices not set
2022-04-13 23:56:13.832054: I tensorflow/core/platform/cpu_feature_guard.cc:142] This TensorFlow binary is optimized with oneAPI Deep Neural Network Library (oneDNN) to use the following CPU instructions in performance-critical operations:  SSE4.1 SSE4.2 AVX AVX2 FMA
To enable them in other operations, rebuild TensorFlow with the appropriate compiler flags.
2022-04-13 23:56:13.833992: I tensorflow/core/common_runtime/process_util.cc:146] Creating new thread pool with default inter op setting: 2. Tune using inter_op_parallelism_threads for best performance.
detuning [-0.03815759911898105, 0.03815759911898105]
tau 30.0
mode [[-0.70710678  0.70710678]
 [ 0.70710678  0.70710678]]
k_list [0, 1]
this ions should have laser shined:  [0 1]
>>>>>>>>>> P and G calculate time used is: 0.03217816352844238 seconds
error: 1.4602135762870128e-15
constrain_error 0.7853981633974483
----- N 2 segNum 3 -----
detuning [-0.03815759911898105, 0.03815759911898105]
tau 45.0
mode [[-0.70710678  0.70710678]
 [ 0.70710678  0.70710678]]
k_list [0, 1]
this ions should have laser shined:  [0 1]
>>>>>>>>>> P and G calculate time used is: 0.06056046485900879 seconds
error: 0.5666660357618343
constrain_error 0.5889953582958078
----- N 2 segNum 4 -----
detuning [-0.03815759911898105, 0.03815759911898105]
tau 60.0
mode [[-0.70710678  0.70710678]
 [ 0.70710678  0.70710678]]
k_list [0, 1]
this ions should have laser shined:  [0 1]
>>>>>>>>>> P and G calculate time used is: 0.10105347633361816 seconds
error: 0.3199300879418838
constrain_error 0.5151071969387149
----- N 2 segNum 5 -----
detuning [-0.03815759911898105, 0.03815759911898105]
tau 75.0
mode [[-0.70710678  0.70710678]
 [ 0.70710678  0.70710678]]
k_list [0, 1]
this ions should have laser shined:  [0 1]
>>>>>>>>>> P and G calculate time used is: 0.17545866966247559 seconds
error: 0.7293833599058318
constrain_error 0.32344215517192154
----- N 2 segNum 6 -----
detuning [-0.03815759911898105, 0.03815759911898105]
tau 90.0
mode [[-0.70710678  0.70710678]
 [ 0.70710678  0.70710678]]
k_list [0, 1]
this ions should have laser shined:  [0 1]
>>>>>>>>>> P and G calculate time used is: 0.21469593048095703 seconds
error: 0.8987657454220679
constrain_error 1.385997983049947e-10
>>>>>>>>>> optimization time used is: 1.2127337455749512 seconds
alpha max are: [1, 1]  for phonon cut-off in simulation
./calculation results/data/
segnum 6 (array([ 0.5       , -0.22501435, -0.5       , -0.5       ,  0.33874284,
        0.5       ]), array([ 0.5       , -0.22501435, -0.5       , -0.5       ,  0.33874284,
        0.5       ]))
test theta tf.Tensor(
[[0.        +0.j 0.39269908+0.j]
 [0.39269908+0.j 0.        +0.j]], shape=(2, 2), dtype=complex128)
----- N 2 segNum 7 -----
detuning [-0.03815759911898105, 0.03815759911898105]
tau 105.0
mode [[-0.70710678  0.70710678]
 [ 0.70710678  0.70710678]]
k_list [0, 1]
this ions should have laser shined:  [0 1]
>>>>>>>>>> P and G calculate time used is: 0.28721141815185547 seconds
error: 0.5376305053040689
constrain_error 1.6026559768178572e-07
>>>>>>>>>> optimization time used is: 0.8314986228942871 seconds
alpha max are: [1, 1]  for phonon cut-off in simulation
./calculation results/data/
segnum 7 (array([ 0.5       ,  0.5       , -0.16736862, -0.5       , -0.16736893,
        0.5       ,  0.5       ]), array([ 0.5       ,  0.5       , -0.16736862, -0.5       , -0.16736893,
        0.5       ,  0.5       ]))
test theta tf.Tensor(
[[0.      +0.j 0.392699+0.j]
 [0.392699+0.j 0.      +0.j]], shape=(2, 2), dtype=complex128)
----- N 2 segNum 8 -----
detuning [-0.03815759911898105, 0.03815759911898105]
tau 120.0
mode [[-0.70710678  0.70710678]
 [ 0.70710678  0.70710678]]
k_list [0, 1]
this ions should have laser shined:  [0 1]
>>>>>>>>>> P and G calculate time used is: 0.3667905330657959 seconds
error: 0.5542335855367484
constrain_error 9.436449954769444e-09
>>>>>>>>>> optimization time used is: 1.1223411560058594 seconds
alpha max are: [1, 1]  for phonon cut-off in simulation
./calculation results/data/
segnum 8 (array([ 0.25225916,  0.5       ,  0.38375793, -0.5       , -0.5       ,
        0.38377236,  0.5       ,  0.25224953]), array([ 0.25225916,  0.5       ,  0.38375793, -0.5       , -0.5       ,
        0.38377236,  0.5       ,  0.25224953]))
test theta tf.Tensor(
[[0.        +0.j 0.39269908+0.j]
 [0.39269908+0.j 0.        +0.j]], shape=(2, 2), dtype=complex128)
----- N 2 segNum 9 -----
detuning [-0.03815759911898105, 0.03815759911898105]
tau 134.99999999999997
mode [[-0.70710678  0.70710678]
 [ 0.70710678  0.70710678]]
k_list [0, 1]
this ions should have laser shined:  [0 1]
>>>>>>>>>> P and G calculate time used is: 0.46118903160095215 seconds
error: 0.19185623274588268
constrain_error 9.121729260819222e-09
>>>>>>>>>> optimization time used is: 2.601836919784546 seconds
alpha max are: [1, 1]  for phonon cut-off in simulation
./calculation results/data/
segnum 9 (array([-0.19653125,  0.5       ,  0.5       , -0.5       , -0.5       ,
        0.02284589,  0.5       ,  0.5       , -0.5       ]), array([-0.19653125,  0.5       ,  0.5       , -0.5       , -0.5       ,
        0.02284589,  0.5       ,  0.5       , -0.5       ]))
test theta tf.Tensor(
[[0.        +0.j 0.39269908+0.j]
 [0.39269908+0.j 0.        +0.j]], shape=(2, 2), dtype=complex128)
----- N 2 segNum 10 -----
detuning [-0.03815759911898105, 0.03815759911898105]
tau 150.0
mode [[-0.70710678  0.70710678]
 [ 0.70710678  0.70710678]]
k_list [0, 1]
this ions should have laser shined:  [0 1]
>>>>>>>>>> P and G calculate time used is: 0.5692107677459717 seconds
error: 2.903837570540819e-06
constrain_error 6.986924686591678e-07
>>>>>>>>>> optimization time used is: 2.8784849643707275 seconds
alpha max are: [1, 1]  for phonon cut-off in simulation
./calculation results/data/
segnum 10 (array([-0.45340238,  0.35491556,  0.47293449,  0.2615895 , -0.48448894,
       -0.48124747,  0.23363977,  0.49655481,  0.34973254, -0.45050342]), array([-0.45340238,  0.35491556,  0.47293449,  0.2615895 , -0.48448894,
       -0.48124747,  0.23363977,  0.49655481,  0.34973254, -0.45050342]))
test theta tf.Tensor(
[[0.        +0.j 0.39269873+0.j]
 [0.39269873+0.j 0.        +0.j]], shape=(2, 2), dtype=complex128)
----- break -----
[[0.4082482904638639, 0.707106781186547, -0.577350269189626], [-0.8164965809277263, 1.196830701358684e-15, -0.5773502691896252], [0.40824829046386174, -0.7071067811865481, -0.577350269189626]]
----- N 3 segNum 10 -----
detuning [-0.061227969370357925, 0.006925511717484799, 0.05430245765287382]
tau 150.0
mode [[ 4.08248290e-01 -8.16496581e-01  4.08248290e-01]
 [ 7.07106781e-01  1.19683070e-15 -7.07106781e-01]
 [-5.77350269e-01 -5.77350269e-01 -5.77350269e-01]]
k_list [0, 1, 2]
this ions should have laser shined:  [0 1]
>>>>>>>>>> P and G calculate time used is: 1.8916501998901367 seconds
error: 0.2761231025066782
constrain_error 2.1195906996229752e-07
>>>>>>>>>> optimization time used is: 6.498112916946411 seconds
alpha max are: [2, 1, 1]  for phonon cut-off in simulation
./calculation results/data/
segnum 10 (array([-0.28828338, -0.34468362,  0.5       ,  0.5       , -0.5       ,
       -0.5       ,  0.5       ,  0.5       , -0.34311596, -0.28836372]), array([-0.28828338, -0.34468362,  0.5       ,  0.5       , -0.5       ,
       -0.5       ,  0.5       ,  0.5       , -0.34311596, -0.28836372]))
test theta tf.Tensor(
[[ 0.05362613+0.j  0.39269898+0.j  0.        +0.j]
 [ 0.39269898+0.j -0.32348358+0.j  0.        +0.j]
 [ 0.        +0.j  0.        +0.j  0.        +0.j]], shape=(3, 3), dtype=complex128)
----- N 3 segNum 11 -----
detuning [-0.061227969370357925, 0.006925511717484799, 0.05430245765287382]
tau 165.0
mode [[ 4.08248290e-01 -8.16496581e-01  4.08248290e-01]
 [ 7.07106781e-01  1.19683070e-15 -7.07106781e-01]
 [-5.77350269e-01 -5.77350269e-01 -5.77350269e-01]]
k_list [0, 1, 2]
this ions should have laser shined:  [0 1]
>>>>>>>>>> P and G calculate time used is: 2.2826011180877686 seconds
error: 0.17883189981780798
constrain_error 3.303031326229444e-08
>>>>>>>>>> optimization time used is: 18.276851654052734 seconds
alpha max are: [2, 1, 1]  for phonon cut-off in simulation
./calculation results/data/
segnum 11 (array([-0.1621406 , -0.42861614,  0.5       ,  0.5       , -0.5       ,
       -0.5       ,  0.5       ,  0.5       , -0.26055443, -0.5       ,
        0.28082825]), array([-0.1621406 , -0.42861614,  0.5       ,  0.5       , -0.5       ,
       -0.5       ,  0.5       ,  0.5       , -0.26055443, -0.5       ,
        0.28082825]))
test theta tf.Tensor(
[[ 0.06955291+0.j  0.39269907+0.j  0.        +0.j]
 [ 0.39269907+0.j -0.30130633+0.j  0.        +0.j]
 [ 0.        +0.j  0.        +0.j  0.        +0.j]], shape=(3, 3), dtype=complex128)
----- N 3 segNum 12 -----
detuning [-0.061227969370357925, 0.006925511717484799, 0.05430245765287382]
tau 180.0
mode [[ 4.08248290e-01 -8.16496581e-01  4.08248290e-01]
 [ 7.07106781e-01  1.19683070e-15 -7.07106781e-01]
 [-5.77350269e-01 -5.77350269e-01 -5.77350269e-01]]
k_list [0, 1, 2]
this ions should have laser shined:  [0 1]
>>>>>>>>>> P and G calculate time used is: 2.6934802532196045 seconds
error: 0.06390743067291298
constrain_error 1.3250525976449268e-07
>>>>>>>>>> optimization time used is: 16.450724840164185 seconds
alpha max are: [1, 1, 1]  for phonon cut-off in simulation
./calculation results/data/
segnum 12 (array([ 0.37373467, -0.5       , -0.17395348,  0.5       ,  0.2933668 ,
       -0.5       , -0.5       ,  0.44363727,  0.5       , -0.37102349,
       -0.5       ,  0.5       ]), array([ 0.37373467, -0.5       , -0.17395348,  0.5       ,  0.2933668 ,
       -0.5       , -0.5       ,  0.44363727,  0.5       , -0.37102349,
       -0.5       ,  0.5       ]))
test theta tf.Tensor(
[[ 0.08094437+0.j  0.39269902+0.j  0.        +0.j]
 [ 0.39269902+0.j -0.27718883+0.j  0.        +0.j]
 [ 0.        +0.j  0.        +0.j  0.        +0.j]], shape=(3, 3), dtype=complex128)
----- N 3 segNum 13 -----
detuning [-0.061227969370357925, 0.006925511717484799, 0.05430245765287382]
tau 194.99999999999997
mode [[ 4.08248290e-01 -8.16496581e-01  4.08248290e-01]
 [ 7.07106781e-01  1.19683070e-15 -7.07106781e-01]
 [-5.77350269e-01 -5.77350269e-01 -5.77350269e-01]]
k_list [0, 1, 2]
this ions should have laser shined:  [0 1]
>>>>>>>>>> P and G calculate time used is: 3.1607086658477783 seconds
error: 0.02646822597336959
constrain_error 5.315070807920819e-07
>>>>>>>>>> optimization time used is: 8.083169221878052 seconds
alpha max are: [1, 1, 1]  for phonon cut-off in simulation
./calculation results/data/
segnum 13 (array([ 0.5       , -0.225818  , -0.5       ,  0.30433931,  0.5       ,
       -0.28514347, -0.5       , -0.27595082,  0.5       ,  0.2972242 ,
       -0.5       , -0.22198298,  0.5       ]), array([ 0.5       , -0.225818  , -0.5       ,  0.30433931,  0.5       ,
       -0.28514347, -0.5       , -0.27595082,  0.5       ,  0.2972242 ,
       -0.5       , -0.22198298,  0.5       ]))
test theta tf.Tensor(
[[ 0.0816568 +0.j  0.39269935+0.j  0.        +0.j]
 [ 0.39269935+0.j -0.2909515 +0.j  0.        +0.j]
 [ 0.        +0.j  0.        +0.j  0.        +0.j]], shape=(3, 3), dtype=complex128)
----- N 3 segNum 14 -----
detuning [-0.061227969370357925, 0.006925511717484799, 0.05430245765287382]
tau 210.0
mode [[ 4.08248290e-01 -8.16496581e-01  4.08248290e-01]
 [ 7.07106781e-01  1.19683070e-15 -7.07106781e-01]
 [-5.77350269e-01 -5.77350269e-01 -5.77350269e-01]]
k_list [0, 1, 2]
this ions should have laser shined:  [0 1]
>>>>>>>>>> P and G calculate time used is: 3.6379849910736084 seconds
error: 0.005493248665576496
constrain_error 1.8103008325720538e-07
>>>>>>>>>> optimization time used is: 21.972053050994873 seconds
alpha max are: [1, 1, 1]  for phonon cut-off in simulation
./calculation results/data/
segnum 14 (array([-0.0762226 , -0.5       ,  0.28410425,  0.5       , -0.41354528,
       -0.5       ,  0.5       ,  0.5       ,  0.15448523, -0.5       ,
       -0.17550775,  0.5       ,  0.10887227, -0.5       ]), array([-0.0762226 , -0.5       ,  0.28410425,  0.5       , -0.41354528,
       -0.5       ,  0.5       ,  0.5       ,  0.15448523, -0.5       ,
       -0.17550775,  0.5       ,  0.10887227, -0.5       ]))
test theta tf.Tensor(
[[ 0.08456275+0.j  0.39269899+0.j  0.        +0.j]
 [ 0.39269899+0.j -0.29867305+0.j  0.        +0.j]
 [ 0.        +0.j  0.        +0.j  0.        +0.j]], shape=(3, 3), dtype=complex128)
----- N 3 segNum 15 -----
detuning [-0.061227969370357925, 0.006925511717484799, 0.05430245765287382]
tau 225.0
mode [[ 4.08248290e-01 -8.16496581e-01  4.08248290e-01]
 [ 7.07106781e-01  1.19683070e-15 -7.07106781e-01]
 [-5.77350269e-01 -5.77350269e-01 -5.77350269e-01]]
k_list [0, 1, 2]
this ions should have laser shined:  [0 1]
>>>>>>>>>> P and G calculate time used is: 4.163228988647461 seconds
error: 2.0101744045839764e-06
constrain_error 6.847685469546505e-06
>>>>>>>>>> optimization time used is: 49.612844705581665 seconds
alpha max are: [1, 1, 1]  for phonon cut-off in simulation
./calculation results/data/
segnum 15 (array([-0.17333345, -0.48758599,  0.22114714,  0.49602149, -0.3486916 ,
       -0.49852711,  0.45630483,  0.4980328 ,  0.44557199, -0.499325  ,
       -0.34163261,  0.49749036,  0.21513379, -0.48890011, -0.16991494]), array([-0.17333345, -0.48758599,  0.22114714,  0.49602149, -0.3486916 ,
       -0.49852711,  0.45630483,  0.4980328 ,  0.44557199, -0.499325  ,
       -0.34163261,  0.49749036,  0.21513379, -0.48890011, -0.16991494]))
test theta tf.Tensor(
[[ 0.0898027 +0.j  0.39269566+0.j  0.        +0.j]
 [ 0.39269566+0.j -0.32669887+0.j  0.        +0.j]
 [ 0.        +0.j  0.        +0.j  0.        +0.j]], shape=(3, 3), dtype=complex128)
----- break -----
[[0.25490142421265394, 0.49999999999999944, -0.6595644501747806, -0.5000000000000006], [-0.6595644501747815, -0.4999999999999999, -0.25490142421265405, -0.49999999999999867], [0.6595644501747802, -0.5000000000000017, 0.25490142421265266, -0.4999999999999993], [-0.254901424212653, 0.4999999999999988, 0.6595644501747809, -0.5000000000000012]]
----- N 4 segNum 15 -----
detuning [-0.07081901003858261, -0.02292112533574994, 0.030611108082306573, 0.06312902729202621]
tau 225.0
mode [[ 0.25490142 -0.65956445  0.65956445 -0.25490142]
 [ 0.5        -0.5        -0.5         0.5       ]
 [-0.65956445 -0.25490142  0.25490142  0.65956445]
 [-0.5        -0.5        -0.5        -0.5       ]]
k_list [0, 1, 2, 3]
this ions should have laser shined:  [0 2]
>>>>>>>>>> P and G calculate time used is: 11.161852359771729 seconds
error: 2.2575199839190008
constrain_error 8.484324298674295e-07
>>>>>>>>>> optimization time used is: 30.906870365142822 seconds
alpha max are: [3, 1, 3, 2]  for phonon cut-off in simulation
./calculation results/data/
segnum 15 (array([ 0.35068909,  0.5       ,  0.5       , -0.5       , -0.5       ,
        0.45529252, -0.0606865 , -0.5       , -0.0560076 ,  0.45252699,
       -0.5       , -0.5       ,  0.5       ,  0.5       ,  0.3511513 ]), array([ 0.35068909,  0.5       ,  0.5       , -0.5       , -0.5       ,
        0.45529252, -0.0606865 , -0.5       , -0.0560076 ,  0.45252699,
       -0.5       , -0.5       ,  0.5       ,  0.5       ,  0.3511513 ]))
test theta tf.Tensor(
[[-0.00693909+0.j  0.        +0.j  0.39269866+0.j  0.        +0.j]
 [ 0.        +0.j  0.        +0.j  0.        +0.j  0.        +0.j]
 [ 0.39269866+0.j  0.        +0.j  0.13138479+0.j  0.        +0.j]
 [ 0.        +0.j  0.        +0.j  0.        +0.j  0.        +0.j]], shape=(4, 4), dtype=complex128)
----- N 4 segNum 16 -----
detuning [-0.07081901003858261, -0.02292112533574994, 0.030611108082306573, 0.06312902729202621]
tau 240.0
mode [[ 0.25490142 -0.65956445  0.65956445 -0.25490142]
 [ 0.5        -0.5        -0.5         0.5       ]
 [-0.65956445 -0.25490142  0.25490142  0.65956445]
 [-0.5        -0.5        -0.5        -0.5       ]]
k_list [0, 1, 2, 3]
this ions should have laser shined:  [0 2]
>>>>>>>>>> P and G calculate time used is: 11.388183832168579 seconds
error: 2.252000950047944
constrain_error 1.2853740616325382e-07
>>>>>>>>>> optimization time used is: 58.819833517074585 seconds
alpha max are: [5, 1, 2, 2]  for phonon cut-off in simulation
./calculation results/data/
segnum 16 (array([ 0.12725891, -0.5       , -0.5       , -0.0590199 ,  0.5       ,
        0.37840674, -0.5       ,  0.39640934, -0.01019864, -0.5       ,
        0.5       ,  0.5       , -0.1629185 , -0.5       , -0.5       ,
        0.18626021]), array([ 0.12725891, -0.5       , -0.5       , -0.0590199 ,  0.5       ,
        0.37840674, -0.5       ,  0.39640934, -0.01019864, -0.5       ,
        0.5       ,  0.5       , -0.1629185 , -0.5       , -0.5       ,
        0.18626021]))
test theta tf.Tensor(
[[0.32015213+0.j 0.        +0.j 0.39269902+0.j 0.        +0.j]
 [0.        +0.j 0.        +0.j 0.        +0.j 0.        +0.j]
 [0.39269902+0.j 0.        +0.j 0.21057056+0.j 0.        +0.j]
 [0.        +0.j 0.        +0.j 0.        +0.j 0.        +0.j]], shape=(4, 4), dtype=complex128)
----- N 4 segNum 17 -----
detuning [-0.07081901003858261, -0.02292112533574994, 0.030611108082306573, 0.06312902729202621]
tau 254.99999999999997
mode [[ 0.25490142 -0.65956445  0.65956445 -0.25490142]
 [ 0.5        -0.5        -0.5         0.5       ]
 [-0.65956445 -0.25490142  0.25490142  0.65956445]
 [-0.5        -0.5        -0.5        -0.5       ]]
k_list [0, 1, 2, 3]
this ions should have laser shined:  [0 2]
>>>>>>>>>> P and G calculate time used is: 13.031888008117676 seconds
error: 2.0831330011637945
constrain_error 1.7544871111496718e-09
>>>>>>>>>> optimization time used is: 18.03105616569519 seconds
alpha max are: [4, 1, 2, 2]  for phonon cut-off in simulation
./calculation results/data/
segnum 17 (array([ 0.5       , -0.5       , -0.5       , -0.33282798,  0.5       ,
        0.5       , -0.5       , -0.11083313,  0.5       , -0.11083282,
       -0.5       ,  0.5       ,  0.5       , -0.33282825, -0.5       ,
       -0.5       ,  0.5       ]), array([ 0.5       , -0.5       , -0.5       , -0.33282798,  0.5       ,
        0.5       , -0.5       , -0.11083313,  0.5       , -0.11083282,
       -0.5       ,  0.5       ,  0.5       , -0.33282825, -0.5       ,
       -0.5       ,  0.5       ]))
test theta tf.Tensor(
[[0.49404688+0.j 0.        +0.j 0.39269908+0.j 0.        +0.j]
 [0.        +0.j 0.        +0.j 0.        +0.j 0.        +0.j]
 [0.39269908+0.j 0.        +0.j 0.25350826+0.j 0.        +0.j]
 [0.        +0.j 0.        +0.j 0.        +0.j 0.        +0.j]], shape=(4, 4), dtype=complex128)
----- N 4 segNum 18 -----
detuning [-0.07081901003858261, -0.02292112533574994, 0.030611108082306573, 0.06312902729202621]
tau 269.99999999999994
mode [[ 0.25490142 -0.65956445  0.65956445 -0.25490142]
 [ 0.5        -0.5        -0.5         0.5       ]
 [-0.65956445 -0.25490142  0.25490142  0.65956445]
 [-0.5        -0.5        -0.5        -0.5       ]]
k_list [0, 1, 2, 3]
this ions should have laser shined:  [0 2]
>>>>>>>>>> P and G calculate time used is: 14.532463550567627 seconds
error: 1.9598421709218148
constrain_error 1.3412567467785408e-07
>>>>>>>>>> optimization time used is: 17.519980430603027 seconds
alpha max are: [4, 1, 1, 2]  for phonon cut-off in simulation
./calculation results/data/
segnum 18 (array([ 0.5       ,  0.3242924 , -0.5       , -0.5       ,  0.5       ,
        0.5       , -0.09648487, -0.5       ,  0.201533  ,  0.20153385,
       -0.5       , -0.09648519,  0.5       ,  0.5       , -0.5       ,
       -0.5       ,  0.32429251,  0.5       ]), array([ 0.5       ,  0.3242924 , -0.5       , -0.5       ,  0.5       ,
        0.5       , -0.09648487, -0.5       ,  0.201533  ,  0.20153385,
       -0.5       , -0.09648519,  0.5       ,  0.5       , -0.5       ,
       -0.5       ,  0.32429251,  0.5       ]))
test theta tf.Tensor(
[[0.48461091+0.j 0.        +0.j 0.39269915+0.j 0.        +0.j]
 [0.        +0.j 0.        +0.j 0.        +0.j 0.        +0.j]
 [0.39269915+0.j 0.        +0.j 0.15663206+0.j 0.        +0.j]
 [0.        +0.j 0.        +0.j 0.        +0.j 0.        +0.j]], shape=(4, 4), dtype=complex128)
----- N 4 segNum 19 -----
detuning [-0.07081901003858261, -0.02292112533574994, 0.030611108082306573, 0.06312902729202621]
tau 285.0
mode [[ 0.25490142 -0.65956445  0.65956445 -0.25490142]
 [ 0.5        -0.5        -0.5         0.5       ]
 [-0.65956445 -0.25490142  0.25490142  0.65956445]
 [-0.5        -0.5        -0.5        -0.5       ]]
k_list [0, 1, 2, 3]
this ions should have laser shined:  [0 2]
>>>>>>>>>> P and G calculate time used is: 16.037398099899292 seconds
error: 1.8617612551076648
constrain_error 2.89430537980806e-07
>>>>>>>>>> optimization time used is: 83.38934969902039 seconds
alpha max are: [3, 1, 1, 2]  for phonon cut-off in simulation
./calculation results/data/
segnum 19 (array([ 0.5       ,  0.5       , -0.17315419, -0.5       , -0.07377195,
        0.5       ,  0.5       , -0.5       , -0.47523488,  0.5       ,
        0.25826536, -0.5       , -0.1049404 ,  0.5       ,  0.5       ,
       -0.5       , -0.5       ,  0.5       ,  0.5       ]), array([ 0.5       ,  0.5       , -0.17315419, -0.5       , -0.07377195,
        0.5       ,  0.5       , -0.5       , -0.47523488,  0.5       ,
        0.25826536, -0.5       , -0.1049404 ,  0.5       ,  0.5       ,
       -0.5       , -0.5       ,  0.5       ,  0.5       ]))
test theta tf.Tensor(
[[0.44834947+0.j 0.        +0.j 0.39269894+0.j 0.        +0.j]
 [0.        +0.j 0.        +0.j 0.        +0.j 0.        +0.j]
 [0.39269894+0.j 0.        +0.j 0.15598871+0.j 0.        +0.j]
 [0.        +0.j 0.        +0.j 0.        +0.j 0.        +0.j]], shape=(4, 4), dtype=complex128)
----- N 4 segNum 20 -----
detuning [-0.07081901003858261, -0.02292112533574994, 0.030611108082306573, 0.06312902729202621]
tau 300.0
mode [[ 0.25490142 -0.65956445  0.65956445 -0.25490142]
 [ 0.5        -0.5        -0.5         0.5       ]
 [-0.65956445 -0.25490142  0.25490142  0.65956445]
 [-0.5        -0.5        -0.5        -0.5       ]]
k_list [0, 1, 2, 3]
this ions should have laser shined:  [0 2]
>>>>>>>>>> P and G calculate time used is: 17.68149709701538 seconds
error: 1.877047155471287
constrain_error 5.423725958353387e-07
>>>>>>>>>> optimization time used is: 77.18394112586975 seconds
alpha max are: [3, 1, 1, 2]  for phonon cut-off in simulation
./calculation results/data/
segnum 20 (array([ 0.28089755,  0.5       ,  0.26433817, -0.5       , -0.41201666,
        0.5       ,  0.5       , -0.20242351, -0.5       ,  0.28834449,
        0.5       , -0.5       , -0.34430233,  0.5       ,  0.5       ,
       -0.35422987, -0.5       ,  0.16646314,  0.5       ,  0.3505233 ]), array([ 0.28089755,  0.5       ,  0.26433817, -0.5       , -0.41201666,
        0.5       ,  0.5       , -0.20242351, -0.5       ,  0.28834449,
        0.5       , -0.5       , -0.34430233,  0.5       ,  0.5       ,
       -0.35422987, -0.5       ,  0.16646314,  0.5       ,  0.3505233 ]))
test theta tf.Tensor(
[[0.44377569+0.j 0.        +0.j 0.39269881+0.j 0.        +0.j]
 [0.        +0.j 0.        +0.j 0.        +0.j 0.        +0.j]
 [0.39269881+0.j 0.        +0.j 0.23611401+0.j 0.        +0.j]
 [0.        +0.j 0.        +0.j 0.        +0.j 0.        +0.j]], shape=(4, 4), dtype=complex128)
----- N 4 segNum 21 -----
detuning [-0.07081901003858261, -0.02292112533574994, 0.030611108082306573, 0.06312902729202621]
tau 315.0
mode [[ 0.25490142 -0.65956445  0.65956445 -0.25490142]
 [ 0.5        -0.5        -0.5         0.5       ]
 [-0.65956445 -0.25490142  0.25490142  0.65956445]
 [-0.5        -0.5        -0.5        -0.5       ]]
k_list [0, 1, 2, 3]
this ions should have laser shined:  [0 2]
>>>>>>>>>> P and G calculate time used is: 19.595523357391357 seconds
error: 1.7183373989715243
constrain_error 7.404892462814505e-05
>>>>>>>>>> optimization time used is: 91.95188641548157 seconds
alpha max are: [3, 1, 1, 2]  for phonon cut-off in simulation
./calculation results/data/
segnum 21 (array([ 0.5       ,  0.20786734, -0.5       , -0.44589903,  0.5       ,
        0.5       , -0.24643646, -0.5       , -0.07203058,  0.5       ,
        0.014611  , -0.5       ,  0.20693199,  0.5       ,  0.09728982,
       -0.5       , -0.13180118,  0.5       ,  0.5       , -0.14075283,
       -0.5       ]), array([ 0.5       ,  0.20786734, -0.5       , -0.44589903,  0.5       ,
        0.5       , -0.24643646, -0.5       , -0.07203058,  0.5       ,
        0.014611  , -0.5       ,  0.20693199,  0.5       ,  0.09728982,
       -0.5       , -0.13180118,  0.5       ,  0.5       , -0.14075283,
       -0.5       ]))
test theta tf.Tensor(
[[0.45022712+0.j 0.        +0.j 0.39273611+0.j 0.        +0.j]
 [0.        +0.j 0.        +0.j 0.        +0.j 0.        +0.j]
 [0.39273611+0.j 0.        +0.j 0.03707938+0.j 0.        +0.j]
 [0.        +0.j 0.        +0.j 0.        +0.j 0.        +0.j]], shape=(4, 4), dtype=complex128)
----- N 4 segNum 22 -----
detuning [-0.07081901003858261, -0.02292112533574994, 0.030611108082306573, 0.06312902729202621]
tau 330.0
mode [[ 0.25490142 -0.65956445  0.65956445 -0.25490142]
 [ 0.5        -0.5        -0.5         0.5       ]
 [-0.65956445 -0.25490142  0.25490142  0.65956445]
 [-0.5        -0.5        -0.5        -0.5       ]]
k_list [0, 1, 2, 3]
this ions should have laser shined:  [0 2]
>>>>>>>>>> P and G calculate time used is: 21.238205909729004 seconds
error: 1.7222578850382195
constrain_error 8.05985596374903e-07
>>>>>>>>>> optimization time used is: 96.6870527267456 seconds
alpha max are: [4, 1, 1, 2]  for phonon cut-off in simulation
./calculation results/data/
segnum 22 (array([ 0.5       , -0.5       , -0.5       , -0.0111356 ,  0.5       ,
        0.40765819, -0.5       , -0.5       ,  0.34814483,  0.5       ,
       -0.41260588, -0.5       ,  0.5       ,  0.42336689, -0.5       ,
       -0.5       ,  0.30835629,  0.5       ,  0.19075153, -0.5       ,
       -0.5       ,  0.26206091]), array([ 0.5       , -0.5       , -0.5       , -0.0111356 ,  0.5       ,
        0.40765819, -0.5       , -0.5       ,  0.34814483,  0.5       ,
       -0.41260588, -0.5       ,  0.5       ,  0.42336689, -0.5       ,
       -0.5       ,  0.30835629,  0.5       ,  0.19075153, -0.5       ,
       -0.5       ,  0.26206091]))
test theta tf.Tensor(
[[0.63546179+0.j 0.        +0.j 0.39269868+0.j 0.        +0.j]
 [0.        +0.j 0.        +0.j 0.        +0.j 0.        +0.j]
 [0.39269868+0.j 0.        +0.j 0.03343564+0.j 0.        +0.j]
 [0.        +0.j 0.        +0.j 0.        +0.j 0.        +0.j]], shape=(4, 4), dtype=complex128)
----- N 4 segNum 23 -----
detuning [-0.07081901003858261, -0.02292112533574994, 0.030611108082306573, 0.06312902729202621]
tau 345.0
mode [[ 0.25490142 -0.65956445  0.65956445 -0.25490142]
 [ 0.5        -0.5        -0.5         0.5       ]
 [-0.65956445 -0.25490142  0.25490142  0.65956445]
 [-0.5        -0.5        -0.5        -0.5       ]]
k_list [0, 1, 2, 3]
this ions should have laser shined:  [0 2]
>>>>>>>>>> P and G calculate time used is: 23.514154195785522 seconds
error: 1.6080445009733875
constrain_error 3.8844471816901205e-07
>>>>>>>>>> optimization time used is: 44.083006381988525 seconds
alpha max are: [3, 1, 1, 2]  for phonon cut-off in simulation
./calculation results/data/
segnum 23 (array([ 0.5       , -0.40326854, -0.5       , -0.39400916,  0.5       ,
        0.5       , -0.47915366, -0.5       ,  0.19642565,  0.5       ,
       -0.06725579, -0.5       , -0.05049917,  0.5       ,  0.18075562,
       -0.5       , -0.47034228,  0.5       ,  0.5       , -0.40310371,
       -0.5       , -0.39148431,  0.5       ]), array([ 0.5       , -0.40326854, -0.5       , -0.39400916,  0.5       ,
        0.5       , -0.47915366, -0.5       ,  0.19642565,  0.5       ,
       -0.06725579, -0.5       , -0.05049917,  0.5       ,  0.18075562,
       -0.5       , -0.47034228,  0.5       ,  0.5       , -0.40310371,
       -0.5       , -0.39148431,  0.5       ]))
test theta tf.Tensor(
[[ 0.56553507+0.j  0.        +0.j  0.39269928+0.j  0.        +0.j]
 [ 0.        +0.j  0.        +0.j  0.        +0.j  0.        +0.j]
 [ 0.39269928+0.j  0.        +0.j -0.10482271+0.j  0.        +0.j]
 [ 0.        +0.j  0.        +0.j  0.        +0.j  0.        +0.j]], shape=(4, 4), dtype=complex128)
----- N 4 segNum 24 -----
detuning [-0.07081901003858261, -0.02292112533574994, 0.030611108082306573, 0.06312902729202621]
tau 360.0
mode [[ 0.25490142 -0.65956445  0.65956445 -0.25490142]
 [ 0.5        -0.5        -0.5         0.5       ]
 [-0.65956445 -0.25490142  0.25490142  0.65956445]
 [-0.5        -0.5        -0.5        -0.5       ]]
k_list [0, 1, 2, 3]
this ions should have laser shined:  [0 2]
>>>>>>>>>> P and G calculate time used is: 25.416854858398438 seconds
error: 1.5415437800281553
constrain_error 1.277367245311467e-08
>>>>>>>>>> optimization time used is: 72.81215238571167 seconds
alpha max are: [2, 1, 1, 1]  for phonon cut-off in simulation
./calculation results/data/
segnum 24 (array([ 0.2877845 ,  0.5       ,  0.39317081, -0.5       , -0.5       ,
        0.38848807,  0.5       , -0.49962802, -0.5       ,  0.5       ,
        0.47290017, -0.5       , -0.35435007,  0.5       ,  0.07854832,
       -0.5       ,  0.5       ,  0.00112781, -0.5       ,  0.5       ,
        0.5       , -0.5       , -0.5       , -0.14958688]), array([ 0.2877845 ,  0.5       ,  0.39317081, -0.5       , -0.5       ,
        0.38848807,  0.5       , -0.49962802, -0.5       ,  0.5       ,
        0.47290017, -0.5       , -0.35435007,  0.5       ,  0.07854832,
       -0.5       ,  0.5       ,  0.00112781, -0.5       ,  0.5       ,
        0.5       , -0.5       , -0.5       , -0.14958688]))
test theta tf.Tensor(
[[ 0.20818994+0.j  0.        +0.j  0.39269908+0.j  0.        +0.j]
 [ 0.        +0.j  0.        +0.j  0.        +0.j  0.        +0.j]
 [ 0.39269908+0.j  0.        +0.j -0.08562373+0.j  0.        +0.j]
 [ 0.        +0.j  0.        +0.j  0.        +0.j  0.        +0.j]], shape=(4, 4), dtype=complex128)
----- N 4 segNum 25 -----
detuning [-0.07081901003858261, -0.02292112533574994, 0.030611108082306573, 0.06312902729202621]
tau 374.99999999999994
mode [[ 0.25490142 -0.65956445  0.65956445 -0.25490142]
 [ 0.5        -0.5        -0.5         0.5       ]
 [-0.65956445 -0.25490142  0.25490142  0.65956445]
 [-0.5        -0.5        -0.5        -0.5       ]]
k_list [0, 1, 2, 3]
this ions should have laser shined:  [0 2]
>>>>>>>>>> P and G calculate time used is: 27.764030933380127 seconds
error: 1.4967706318566798
constrain_error 8.194757640245243e-07
>>>>>>>>>> optimization time used is: 72.91415023803711 seconds
alpha max are: [3, 1, 1, 2]  for phonon cut-off in simulation
./calculation results/data/
segnum 25 (array([-0.43186943, -0.34882973,  0.5       ,  0.5       ,  0.18139406,
       -0.5       , -0.4565678 ,  0.5       ,  0.43546345, -0.5       ,
       -0.5       ,  0.5       , -0.00505365,  0.5       , -0.5       ,
       -0.5       ,  0.43333   ,  0.5       , -0.45065946, -0.5       ,
        0.17590936,  0.5       ,  0.5       , -0.34814357, -0.43836355]), array([-0.43186943, -0.34882973,  0.5       ,  0.5       ,  0.18139406,
       -0.5       , -0.4565678 ,  0.5       ,  0.43546345, -0.5       ,
       -0.5       ,  0.5       , -0.00505365,  0.5       , -0.5       ,
       -0.5       ,  0.43333   ,  0.5       , -0.45065946, -0.5       ,
        0.17590936,  0.5       ,  0.5       , -0.34814357, -0.43836355]))
test theta tf.Tensor(
[[ 0.67020287+0.j  0.        +0.j  0.39269949+0.j  0.        +0.j]
 [ 0.        +0.j  0.        +0.j  0.        +0.j  0.        +0.j]
 [ 0.39269949+0.j  0.        +0.j -0.17815684+0.j  0.        +0.j]
 [ 0.        +0.j  0.        +0.j  0.        +0.j  0.        +0.j]], shape=(4, 4), dtype=complex128)
----- N 4 segNum 26 -----
detuning [-0.07081901003858261, -0.02292112533574994, 0.030611108082306573, 0.06312902729202621]
tau 389.99999999999994
mode [[ 0.25490142 -0.65956445  0.65956445 -0.25490142]
 [ 0.5        -0.5        -0.5         0.5       ]
 [-0.65956445 -0.25490142  0.25490142  0.65956445]
 [-0.5        -0.5        -0.5        -0.5       ]]
k_list [0, 1, 2, 3]
this ions should have laser shined:  [0 2]
>>>>>>>>>> P and G calculate time used is: 29.682921648025513 seconds
error: 1.4971696476305383
constrain_error 2.759081497716309e-07
>>>>>>>>>> optimization time used is: 97.98621702194214 seconds
alpha max are: [2, 1, 1, 2]  for phonon cut-off in simulation
./calculation results/data/
segnum 26 (array([ 0.23719472,  0.5       , -0.20537   , -0.5       , -0.5       ,
        0.5       ,  0.29130688, -0.5       ,  0.5       , -0.5       ,
        0.27217195,  0.5       , -0.4600823 , -0.5       ,  0.5       ,
        0.28634219, -0.5       ,  0.5       , -0.5       ,  0.2572709 ,
        0.5       , -0.43135351, -0.5       , -0.26384315,  0.5       ,
        0.28738013]), array([ 0.23719472,  0.5       , -0.20537   , -0.5       , -0.5       ,
        0.5       ,  0.29130688, -0.5       ,  0.5       , -0.5       ,
        0.27217195,  0.5       , -0.4600823 , -0.5       ,  0.5       ,
        0.28634219, -0.5       ,  0.5       , -0.5       ,  0.2572709 ,
        0.5       , -0.43135351, -0.5       , -0.26384315,  0.5       ,
        0.28738013]))
test theta tf.Tensor(
[[0.48011224+0.j 0.        +0.j 0.39269894+0.j 0.        +0.j]
 [0.        +0.j 0.        +0.j 0.        +0.j 0.        +0.j]
 [0.39269894+0.j 0.        +0.j 0.12136568+0.j 0.        +0.j]
 [0.        +0.j 0.        +0.j 0.        +0.j 0.        +0.j]], shape=(4, 4), dtype=complex128)
----- N 4 segNum 27 -----
detuning [-0.07081901003858261, -0.02292112533574994, 0.030611108082306573, 0.06312902729202621]
tau 405.0
mode [[ 0.25490142 -0.65956445  0.65956445 -0.25490142]
 [ 0.5        -0.5        -0.5         0.5       ]
 [-0.65956445 -0.25490142  0.25490142  0.65956445]
 [-0.5        -0.5        -0.5        -0.5       ]]
k_list [0, 1, 2, 3]
this ions should have laser shined:  [0 2]
>>>>>>>>>> P and G calculate time used is: 31.975319623947144 seconds
error: 1.499651929169138
constrain_error 1.9369868013985325e-06
>>>>>>>>>> optimization time used is: 115.9827892780304 seconds
alpha max are: [3, 1, 1, 2]  for phonon cut-off in simulation
./calculation results/data/
segnum 27 (array([-0.14135143,  0.5       ,  0.39233673, -0.5       , -0.5       ,
       -0.04870089,  0.5       ,  0.36731908, -0.5       , -0.22976301,
        0.5       , -0.2093823 ,  0.5       , -0.5       , -0.42046178,
        0.5       ,  0.5       , -0.4522727 , -0.5       ,  0.48133022,
        0.5       , -0.06383994, -0.5       , -0.5       ,  0.27690926,
        0.5       , -0.13225375]), array([-0.14135143,  0.5       ,  0.39233673, -0.5       , -0.5       ,
       -0.04870089,  0.5       ,  0.36731908, -0.5       , -0.22976301,
        0.5       , -0.2093823 ,  0.5       , -0.5       , -0.42046178,
        0.5       ,  0.5       , -0.4522727 , -0.5       ,  0.48133022,
        0.5       , -0.06383994, -0.5       , -0.5       ,  0.27690926,
        0.5       , -0.13225375]))
test theta tf.Tensor(
[[ 0.68595234+0.j  0.        +0.j  0.39269811+0.j  0.        +0.j]
 [ 0.        +0.j  0.        +0.j  0.        +0.j  0.        +0.j]
 [ 0.39269811+0.j  0.        +0.j -0.0844481 +0.j  0.        +0.j]
 [ 0.        +0.j  0.        +0.j  0.        +0.j  0.        +0.j]], shape=(4, 4), dtype=complex128)
----- N 4 segNum 28 -----
detuning [-0.07081901003858261, -0.02292112533574994, 0.030611108082306573, 0.06312902729202621]
tau 420.0
mode [[ 0.25490142 -0.65956445  0.65956445 -0.25490142]
 [ 0.5        -0.5        -0.5         0.5       ]
 [-0.65956445 -0.25490142  0.25490142  0.65956445]
 [-0.5        -0.5        -0.5        -0.5       ]]
k_list [0, 1, 2, 3]
this ions should have laser shined:  [0 2]
>>>>>>>>>> P and G calculate time used is: 34.40389537811279 seconds
error: 1.4259829315276973
constrain_error 3.946297911672225e-06
>>>>>>>>>> optimization time used is: 118.61248278617859 seconds
alpha max are: [2, 1, 1, 2]  for phonon cut-off in simulation
./calculation results/data/
segnum 28 (array([-0.3063234 ,  0.5       ,  0.5       , -0.43354235, -0.5       ,
       -0.20941444,  0.5       ,  0.37111143, -0.5       , -0.18770229,
        0.5       ,  0.01001316, -0.5       ,  0.5       , -0.1220993 ,
       -0.5       ,  0.3643865 ,  0.5       , -0.5       , -0.44621669,
        0.5       ,  0.5       , -0.4716116 , -0.5       , -0.22954782,
        0.5       ,  0.5       , -0.44538058]), array([-0.3063234 ,  0.5       ,  0.5       , -0.43354235, -0.5       ,
       -0.20941444,  0.5       ,  0.37111143, -0.5       , -0.18770229,
        0.5       ,  0.01001316, -0.5       ,  0.5       , -0.1220993 ,
       -0.5       ,  0.3643865 ,  0.5       , -0.5       , -0.44621669,
        0.5       ,  0.5       , -0.4716116 , -0.5       , -0.22954782,
        0.5       ,  0.5       , -0.44538058]))
test theta tf.Tensor(
[[ 0.67192128+0.j  0.        +0.j  0.39269711+0.j  0.        +0.j]
 [ 0.        +0.j  0.        +0.j  0.        +0.j  0.        +0.j]
 [ 0.39269711+0.j  0.        +0.j -0.04013951+0.j  0.        +0.j]
 [ 0.        +0.j  0.        +0.j  0.        +0.j  0.        +0.j]], shape=(4, 4), dtype=complex128)
----- N 4 segNum 29 -----
detuning [-0.07081901003858261, -0.02292112533574994, 0.030611108082306573, 0.06312902729202621]
tau 434.99999999999994
mode [[ 0.25490142 -0.65956445  0.65956445 -0.25490142]
 [ 0.5        -0.5        -0.5         0.5       ]
 [-0.65956445 -0.25490142  0.25490142  0.65956445]
 [-0.5        -0.5        -0.5        -0.5       ]]
k_list [0, 1, 2, 3]
this ions should have laser shined:  [0 2]
>>>>>>>>>> P and G calculate time used is: 36.82461595535278 seconds
error: 1.343275237993032
constrain_error 1.433814053086735e-05
>>>>>>>>>> optimization time used is: 124.2011399269104 seconds
alpha max are: [3, 1, 1, 2]  for phonon cut-off in simulation
./calculation results/data/
segnum 29 (array([ 0.5       , -0.48977916, -0.5       ,  0.08138333,  0.5       ,
        0.5       , -0.5       , -0.5       ,  0.353241  ,  0.5       ,
       -0.5       , -0.5       ,  0.5       ,  0.39321308, -0.5       ,
       -0.15222211,  0.5       , -0.05136525, -0.5       ,  0.12494153,
        0.5       , -0.49680704, -0.37483406,  0.5       ,  0.5       ,
       -0.15670946, -0.5       , -0.33569732,  0.5       ]), array([ 0.5       , -0.48977916, -0.5       ,  0.08138333,  0.5       ,
        0.5       , -0.5       , -0.5       ,  0.353241  ,  0.5       ,
       -0.5       , -0.5       ,  0.5       ,  0.39321308, -0.5       ,
       -0.15222211,  0.5       , -0.05136525, -0.5       ,  0.12494153,
        0.5       , -0.49680704, -0.37483406,  0.5       ,  0.5       ,
       -0.15670946, -0.5       , -0.33569732,  0.5       ]))
test theta tf.Tensor(
[[ 0.69945147+0.j  0.        +0.j  0.39269191+0.j  0.        +0.j]
 [ 0.        +0.j  0.        +0.j  0.        +0.j  0.        +0.j]
 [ 0.39269191+0.j  0.        +0.j -0.02612288+0.j  0.        +0.j]
 [ 0.        +0.j  0.        +0.j  0.        +0.j  0.        +0.j]], shape=(4, 4), dtype=complex128)
----- N 4 segNum 30 -----
detuning [-0.07081901003858261, -0.02292112533574994, 0.030611108082306573, 0.06312902729202621]
tau 450.0
mode [[ 0.25490142 -0.65956445  0.65956445 -0.25490142]
 [ 0.5        -0.5        -0.5         0.5       ]
 [-0.65956445 -0.25490142  0.25490142  0.65956445]
 [-0.5        -0.5        -0.5        -0.5       ]]
k_list [0, 1, 2, 3]
this ions should have laser shined:  [0 2]
>>>>>>>>>> P and G calculate time used is: 39.63176655769348 seconds
error: 1.2553330009145813
constrain_error 5.455407380283717e-07
>>>>>>>>>> optimization time used is: 102.39423489570618 seconds
alpha max are: [2, 1, 1, 1]  for phonon cut-off in simulation
