[shined]
shined = [0, 1]

[amplitude]
pulse_type = AM
shape = rectangular
mu = 2098544.850871268
delta_t = 1.4999999999999999e-05
segnum = 38
amp_list0 = [0.11702750475743935, -0.39571158777083465, 0.4960607982735171, -0.04650815273998375, -0.49565517760056016, 0.3073155245460977, 0.3146731926370739, -0.2972723832580637, -0.2500661978303547, 0.2476154242212657, 0.22584747183694334, -0.183952479315005, -0.205885959198271, 0.10764720474492995, 0.16652669301817083, 0.013269588571609835, -0.17031813104108995, -0.08652806665494674, 0.1402039434897027, 0.13625169556410363, -0.09196469802349388, -0.16820027179935795, 0.019735623583716205, 0.16652566861210655, 0.1006729404003733, -0.20819957084940172, -0.17678737264972702, 0.2307418201589312, 0.24012158437188427, -0.2581651146013084, -0.28790601796990867, 0.3278660108992444, 0.28481653649247496, -0.49643959791526815, -0.019216925524621873, 0.46722275712144135, -0.3817291440498961, 0.11416763434495962]
amp_list1 = [0.11702750475743935, -0.39571158777083465, 0.4960607982735171, -0.04650815273998375, -0.49565517760056016, 0.3073155245460977, 0.3146731926370739, -0.2972723832580637, -0.2500661978303547, 0.2476154242212657, 0.22584747183694334, -0.183952479315005, -0.205885959198271, 0.10764720474492995, 0.16652669301817083, 0.013269588571609835, -0.17031813104108995, -0.08652806665494674, 0.1402039434897027, 0.13625169556410363, -0.09196469802349388, -0.16820027179935795, 0.019735623583716205, 0.16652566861210655, 0.1006729404003733, -0.20819957084940172, -0.17678737264972702, 0.2307418201589312, 0.24012158437188427, -0.2581651146013084, -0.28790601796990867, 0.3278660108992444, 0.28481653649247496, -0.49643959791526815, -0.019216925524621873, 0.46722275712144135, -0.3817291440498961, 0.11416763434495962]

