{
 "cells": [
  {
   "cell_type": "code",
   "execution_count": 1,
   "metadata": {},
   "outputs": [],
   "source": [
    "\n",
    "import os\n",
    "import shutil\n",
    "shutil.rmtree('./configurations')"
   ]
  },
  {
   "cell_type": "code",
   "execution_count": 2,
   "metadata": {},
   "outputs": [
    {
     "name": "stdout",
     "output_type": "stream",
     "text": [
      "---  new folder ./configurations/N2  ---\n",
      "---  new folder ./configurations/N3  ---\n",
      "---  new folder ./configurations/N4  ---\n",
      "---  new folder ./configurations/N5  ---\n",
      "---  new folder ./configurations/N6  ---\n",
      "---  new folder ./configurations/N7  ---\n",
      "---  new folder ./configurations/N8  ---\n",
      "---  new folder ./configurations/N9  ---\n",
      "---  new folder ./configurations/N10  ---\n"
     ]
    }
   ],
   "source": [
    "import set_configs\n",
    "set_configs.create_config()"
   ]
  },
  {
   "cell_type": "code",
   "execution_count": 3,
   "metadata": {},
   "outputs": [
    {
     "name": "stdout",
     "output_type": "stream",
     "text": [
      "--- N = 7 finished ---\n",
      "--- N = 9 finished ---\n",
      "--- N = 8 finished ---\n",
      "--- N = 6 finished ---\n",
      "--- N = 10 finished ---\n",
      "--- N = 4 finished ---\n",
      "--- N = 3 finished ---\n",
      "--- N = 2 finished ---\n",
      "--- N = 5 finished ---\n"
     ]
    }
   ],
   "source": [
    "import compute_phonon\n",
    "compute_phonon.compute_phonon()"
   ]
  },
  {
   "cell_type": "code",
   "execution_count": 4,
   "metadata": {},
   "outputs": [
    {
     "name": "stdout",
     "output_type": "stream",
     "text": [
      "[[-0.7071067811865475, 0.7071067811865475], [0.7071067811865475, 0.7071067811865475]]\n",
      "----- N 2 segNum 2 -----\n",
      "detuning [-0.03815759911898105, 0.03815759911898105]\n",
      "tau 30.0\n",
      "mode [[-0.70710678  0.70710678]\n",
      " [ 0.70710678  0.70710678]]\n",
      "k_list [0, 1]\n",
      "this ions should have laser shined:  [0 1]\n",
      ">>>>>>>>>> P and G calculate time used is: 0.06244993209838867 seconds\n"
     ]
    },
    {
     "name": "stderr",
     "output_type": "stream",
     "text": [
      "2022-04-15 22:16:12.701031: I tensorflow/core/platform/cpu_feature_guard.cc:151] This TensorFlow binary is optimized with oneAPI Deep Neural Network Library (oneDNN) to use the following CPU instructions in performance-critical operations:  AVX2 FMA\n",
      "To enable them in other operations, rebuild TensorFlow with the appropriate compiler flags.\n"
     ]
    },
    {
     "name": "stdout",
     "output_type": "stream",
     "text": [
      "error: 1.4602135762870128e-15\n",
      "constrain_error 0.7853981633974483\n",
      "----- N 2 segNum 4 -----\n",
      "detuning [-0.03815759911898105, 0.03815759911898105]\n",
      "tau 60.0\n",
      "mode [[-0.70710678  0.70710678]\n",
      " [ 0.70710678  0.70710678]]\n",
      "k_list [0, 1]\n",
      "this ions should have laser shined:  [0 1]\n",
      ">>>>>>>>>> P and G calculate time used is: 0.20328378677368164 seconds\n",
      "error: 0.3199300879418838\n",
      "constrain_error 0.5151071969387149\n",
      "----- N 2 segNum 6 -----\n",
      "detuning [-0.03815759911898105, 0.03815759911898105]\n",
      "tau 90.0\n",
      "mode [[-0.70710678  0.70710678]\n",
      " [ 0.70710678  0.70710678]]\n",
      "k_list [0, 1]\n",
      "this ions should have laser shined:  [0 1]\n",
      ">>>>>>>>>> P and G calculate time used is: 0.6127200126647949 seconds\n",
      "error: 0.8881092026165819\n",
      "constrain_error 6.567402177637405e-11\n",
      ">>>>>>>>>> optimization time used is: 2.62632417678833 seconds\n",
      "alpha max are: [1, 1]  for phonon cut-off in simulation\n",
      "./calculation results/data/\n",
      "segnum 6 (array([ 0.5       , -0.22243652, -0.5       , -0.5       ,  0.36476083,\n",
      "        0.49203395]), array([ 0.5       , -0.22243652, -0.5       , -0.5       ,  0.36476083,\n",
      "        0.49203395]))\n",
      "test theta tf.Tensor(\n",
      "[[0.        +0.j 0.39269908+0.j]\n",
      " [0.39269908+0.j 0.        +0.j]], shape=(2, 2), dtype=complex128)\n",
      "----- N 2 segNum 8 -----\n",
      "detuning [-0.03815759911898105, 0.03815759911898105]\n",
      "tau 120.0\n",
      "mode [[-0.70710678  0.70710678]\n",
      " [ 0.70710678  0.70710678]]\n",
      "k_list [0, 1]\n",
      "this ions should have laser shined:  [0 1]\n",
      ">>>>>>>>>> P and G calculate time used is: 0.8423967361450195 seconds\n",
      "error: 0.5542335860141099\n",
      "constrain_error 8.92318963163774e-09\n",
      ">>>>>>>>>> optimization time used is: 4.417891979217529 seconds\n",
      "alpha max are: [1, 1]  for phonon cut-off in simulation\n",
      "./calculation results/data/\n",
      "segnum 8 (array([ 0.25225909,  0.5       ,  0.38375803, -0.5       , -0.5       ,\n",
      "        0.38377225,  0.5       ,  0.25224959]), array([ 0.25225909,  0.5       ,  0.38375803, -0.5       , -0.5       ,\n",
      "        0.38377225,  0.5       ,  0.25224959]))\n",
      "test theta tf.Tensor(\n",
      "[[0.        +0.j 0.39269908+0.j]\n",
      " [0.39269908+0.j 0.        +0.j]], shape=(2, 2), dtype=complex128)\n",
      "----- N 2 segNum 10 -----\n",
      "detuning [-0.03815759911898105, 0.03815759911898105]\n",
      "tau 150.0\n",
      "mode [[-0.70710678  0.70710678]\n",
      " [ 0.70710678  0.70710678]]\n",
      "k_list [0, 1]\n",
      "this ions should have laser shined:  [0 1]\n",
      ">>>>>>>>>> P and G calculate time used is: 2.2513139247894287 seconds\n",
      "error: 3.396286939734819e-06\n",
      "constrain_error 3.189995012586877e-07\n",
      ">>>>>>>>>> optimization time used is: 5.0771448612213135 seconds\n",
      "alpha max are: [1, 1]  for phonon cut-off in simulation\n",
      "./calculation results/data/\n",
      "segnum 10 (array([-0.45381407,  0.35244105,  0.47263736,  0.26187397, -0.48469155,\n",
      "       -0.4814733 ,  0.23078731,  0.49690301,  0.34929087, -0.45110415]), array([-0.45381407,  0.35244105,  0.47263736,  0.26187397, -0.48469155,\n",
      "       -0.4814733 ,  0.23078731,  0.49690301,  0.34929087, -0.45110415]))\n",
      "test theta tf.Tensor(\n",
      "[[0.        +0.j 0.39269892+0.j]\n",
      " [0.39269892+0.j 0.        +0.j]], shape=(2, 2), dtype=complex128)\n",
      "----- break -----\n",
      "[[0.4082482904638639, 0.707106781186547, 0.577350269189626], [-0.8164965809277261, 1.1934897514720433e-15, 0.5773502691896253], [0.40824829046386174, -0.7071067811865481, 0.577350269189626]]\n",
      "----- N 3 segNum 10 -----\n",
      "detuning [-0.03407674054392124, 0.03407674054392148, 0.0814536864793105]\n",
      "tau 150.0\n",
      "mode [[ 4.08248290e-01 -8.16496581e-01  4.08248290e-01]\n",
      " [ 7.07106781e-01  1.19348975e-15 -7.07106781e-01]\n",
      " [ 5.77350269e-01  5.77350269e-01  5.77350269e-01]]\n",
      "k_list [0, 1, 2]\n",
      "this ions should have laser shined:  [0 1]\n",
      ">>>>>>>>>> P and G calculate time used is: 3.850391149520874 seconds\n",
      "error: 0.8920340957947958\n",
      "constrain_error 1.3640302332085241e-08\n",
      ">>>>>>>>>> optimization time used is: 3.9146881103515625 seconds\n",
      "alpha max are: [1, 1, 1]  for phonon cut-off in simulation\n",
      "./calculation results/data/\n",
      "segnum 10 (array([ 0.09664044,  0.5       , -0.34814096, -0.5       ,  0.5       ,\n",
      "        0.5       , -0.5       , -0.34802278,  0.5       ,  0.09679428]), array([ 0.09664044,  0.5       , -0.34814096, -0.5       ,  0.5       ,\n",
      "        0.5       , -0.5       , -0.34802278,  0.5       ,  0.09679428]))\n",
      "test theta tf.Tensor(\n",
      "[[0.39269907+0.j 0.39269907+0.j 0.        +0.j]\n",
      " [0.39269907+0.j 0.20560584+0.j 0.        +0.j]\n",
      " [0.        +0.j 0.        +0.j 0.        +0.j]], shape=(3, 3), dtype=complex128)\n",
      "----- N 3 segNum 12 -----\n",
      "detuning [-0.03407674054392124, 0.03407674054392148, 0.0814536864793105]\n",
      "tau 180.0\n",
      "mode [[ 4.08248290e-01 -8.16496581e-01  4.08248290e-01]\n",
      " [ 7.07106781e-01  1.19348975e-15 -7.07106781e-01]\n",
      " [ 5.77350269e-01  5.77350269e-01  5.77350269e-01]]\n",
      "k_list [0, 1, 2]\n",
      "this ions should have laser shined:  [0 1]\n",
      ">>>>>>>>>> P and G calculate time used is: 3.8171260356903076 seconds\n",
      "error: 0.405155694755376\n",
      "constrain_error 2.662768894268197e-10\n",
      ">>>>>>>>>> optimization time used is: 31.847967863082886 seconds\n",
      "alpha max are: [1, 1, 1]  for phonon cut-off in simulation\n",
      "./calculation results/data/\n",
      "segnum 12 (array([-0.23033752, -0.5       ,  0.0596911 ,  0.5       ,  0.22546592,\n",
      "       -0.5       ,  0.14220398,  0.5       , -0.5       , -0.5       ,\n",
      "        0.5       ,  0.5       ]), array([-0.23033752, -0.5       ,  0.0596911 ,  0.5       ,  0.22546592,\n",
      "       -0.5       ,  0.14220398,  0.5       , -0.5       , -0.5       ,\n",
      "        0.5       ,  0.5       ]))\n",
      "test theta tf.Tensor(\n",
      "[[0.39269908+0.j 0.39269908+0.j 0.        +0.j]\n",
      " [0.39269908+0.j 0.02057514+0.j 0.        +0.j]\n",
      " [0.        +0.j 0.        +0.j 0.        +0.j]], shape=(3, 3), dtype=complex128)\n",
      "----- N 3 segNum 14 -----\n",
      "detuning [-0.03407674054392124, 0.03407674054392148, 0.0814536864793105]\n",
      "tau 210.0\n",
      "mode [[ 4.08248290e-01 -8.16496581e-01  4.08248290e-01]\n",
      " [ 7.07106781e-01  1.19348975e-15 -7.07106781e-01]\n",
      " [ 5.77350269e-01  5.77350269e-01  5.77350269e-01]]\n",
      "k_list [0, 1, 2]\n",
      "this ions should have laser shined:  [0 1]\n",
      ">>>>>>>>>> P and G calculate time used is: 6.5902488231658936 seconds\n",
      "error: 0.14210819904826189\n",
      "constrain_error 1.1027876523073132e-07\n",
      ">>>>>>>>>> optimization time used is: 35.47970199584961 seconds\n",
      "alpha max are: [1, 1, 1]  for phonon cut-off in simulation\n",
      "./calculation results/data/\n",
      "segnum 14 (array([ 0.32342332,  0.49983591, -0.49999991, -0.5       ,  0.49999996,\n",
      "        0.33634329, -0.5       ,  0.19752827,  0.5       ,  0.00307228,\n",
      "       -0.5       , -0.32527336,  0.49999999, -0.04419983]), array([ 0.32342332,  0.49983591, -0.49999991, -0.5       ,  0.49999996,\n",
      "        0.33634329, -0.5       ,  0.19752827,  0.5       ,  0.00307228,\n",
      "       -0.5       , -0.32527336,  0.49999999, -0.04419983]))\n",
      "test theta tf.Tensor(\n",
      "[[0.39269903+0.j 0.39269903+0.j 0.        +0.j]\n",
      " [0.39269903+0.j 0.07435886+0.j 0.        +0.j]\n",
      " [0.        +0.j 0.        +0.j 0.        +0.j]], shape=(3, 3), dtype=complex128)\n",
      "----- N 3 segNum 16 -----\n",
      "detuning [-0.03407674054392124, 0.03407674054392148, 0.0814536864793105]\n",
      "tau 240.0\n",
      "mode [[ 4.08248290e-01 -8.16496581e-01  4.08248290e-01]\n",
      " [ 7.07106781e-01  1.19348975e-15 -7.07106781e-01]\n",
      " [ 5.77350269e-01  5.77350269e-01  5.77350269e-01]]\n",
      "k_list [0, 1, 2]\n",
      "this ions should have laser shined:  [0 1]\n",
      ">>>>>>>>>> P and G calculate time used is: 7.552341938018799 seconds\n",
      "error: 3.529766094425378e-06\n",
      "constrain_error 3.125161411987598e-06\n",
      ">>>>>>>>>> optimization time used is: 79.03277087211609 seconds\n",
      "alpha max are: [1, 1, 2]  for phonon cut-off in simulation\n",
      "./calculation results/data/\n",
      "segnum 16 (array([-0.46920106, -0.30514133,  0.45540287,  0.44639826, -0.47455665,\n",
      "       -0.46312128,  0.4584527 , -0.1754668 , -0.48830174,  0.0745778 ,\n",
      "        0.47259476,  0.30890019, -0.47902453, -0.36193548,  0.47977231,\n",
      "       -0.1258804 ]), array([-0.46920106, -0.30514133,  0.45540287,  0.44639826, -0.47455665,\n",
      "       -0.46312128,  0.4584527 , -0.1754668 , -0.48830174,  0.0745778 ,\n",
      "        0.47259476,  0.30890019, -0.47902453, -0.36193548,  0.47977231,\n",
      "       -0.1258804 ]))\n",
      "test theta tf.Tensor(\n",
      "[[0.39270064+0.j 0.39270064+0.j 0.        +0.j]\n",
      " [0.39270064+0.j 0.06239832+0.j 0.        +0.j]\n",
      " [0.        +0.j 0.        +0.j 0.        +0.j]], shape=(3, 3), dtype=complex128)\n",
      "----- break -----\n",
      "[[-0.25490142421265394, 0.49999999999999944, 0.6595644501747807, -0.5000000000000004], [0.6595644501747815, -0.49999999999999944, 0.25490142421265394, -0.499999999999999], [-0.65956445017478, -0.5000000000000021, -0.2549014242126527, -0.4999999999999995], [0.25490142421265305, 0.4999999999999987, -0.6595644501747807, -0.5000000000000012]]\n",
      "----- N 4 segNum 16 -----\n",
      "detuning [-0.0746640014118608, -0.026766116709028138, 0.02676611670902837, 0.05928403591874801]\n",
      "tau 240.0\n",
      "mode [[-0.25490142  0.65956445 -0.65956445  0.25490142]\n",
      " [ 0.5        -0.5        -0.5         0.5       ]\n",
      " [ 0.65956445  0.25490142 -0.25490142 -0.65956445]\n",
      " [-0.5        -0.5        -0.5        -0.5       ]]\n",
      "k_list [0, 1, 2, 3]\n",
      "this ions should have laser shined:  [0 1]\n",
      ">>>>>>>>>> P and G calculate time used is: 18.001106023788452 seconds\n",
      "error: 0.010467714738571391\n",
      "constrain_error 0.0007530773843811289\n",
      ">>>>>>>>>> optimization time used is: 95.27565002441406 seconds\n",
      "alpha max are: [1, 1, 1, 1]  for phonon cut-off in simulation\n",
      "./calculation results/data/\n",
      "segnum 16 (array([-0.48646487,  0.14531061,  0.48612221, -0.41198931, -0.49216794,\n",
      "        0.48039167,  0.46872631, -0.49993814, -0.49866301,  0.38943923,\n",
      "        0.38665203, -0.5       , -0.24663301,  0.49512197, -0.04800915,\n",
      "        0.00268042]), array([-0.48646487,  0.14531061,  0.48612221, -0.41198931, -0.49216794,\n",
      "        0.48039167,  0.46872631, -0.49993814, -0.49866301,  0.38943923,\n",
      "        0.38665203, -0.5       , -0.24663301,  0.49512197, -0.04800915,\n",
      "        0.00268042]))\n",
      "test theta tf.Tensor(\n",
      "[[ 0.10696831+0.j  0.39307562+0.j  0.        +0.j  0.        +0.j]\n",
      " [ 0.39307562+0.j -0.34723493+0.j  0.        +0.j  0.        +0.j]\n",
      " [ 0.        +0.j  0.        +0.j  0.        +0.j  0.        +0.j]\n",
      " [ 0.        +0.j  0.        +0.j  0.        +0.j  0.        +0.j]], shape=(4, 4), dtype=complex128)\n",
      "----- N 4 segNum 18 -----\n",
      "detuning [-0.0746640014118608, -0.026766116709028138, 0.02676611670902837, 0.05928403591874801]\n",
      "tau 269.99999999999994\n",
      "mode [[-0.25490142  0.65956445 -0.65956445  0.25490142]\n",
      " [ 0.5        -0.5        -0.5         0.5       ]\n",
      " [ 0.65956445  0.25490142 -0.25490142 -0.65956445]\n",
      " [-0.5        -0.5        -0.5        -0.5       ]]\n",
      "k_list [0, 1, 2, 3]\n",
      "this ions should have laser shined:  [0 1]\n",
      ">>>>>>>>>> P and G calculate time used is: 19.99853277206421 seconds\n",
      "error: 5.502901745712448e-06\n",
      "constrain_error 4.952515705314298e-07\n",
      ">>>>>>>>>> optimization time used is: 74.376305103302 seconds\n",
      "alpha max are: [1, 1, 1, 1]  for phonon cut-off in simulation\n",
      "./calculation results/data/\n",
      "segnum 18 (array([-0.40004194,  0.49455081, -0.36450335, -0.48611175,  0.28021247,\n",
      "        0.48218493, -0.46192548, -0.4238227 ,  0.48745037,  0.36184335,\n",
      "       -0.4851389 , -0.47313338,  0.39872055,  0.4003304 , -0.49065973,\n",
      "       -0.10110782,  0.4927376 , -0.04551926]), array([-0.40004194,  0.49455081, -0.36450335, -0.48611175,  0.28021247,\n",
      "        0.48218493, -0.46192548, -0.4238227 ,  0.48745037,  0.36184335,\n",
      "       -0.4851389 , -0.47313338,  0.39872055,  0.4003304 , -0.49065973,\n",
      "       -0.10110782,  0.4927376 , -0.04551926]))\n",
      "test theta tf.Tensor(\n",
      "[[ 0.10683462+0.j  0.39269933+0.j  0.        +0.j  0.        +0.j]\n",
      " [ 0.39269933+0.j -0.34698346+0.j  0.        +0.j  0.        +0.j]\n",
      " [ 0.        +0.j  0.        +0.j  0.        +0.j  0.        +0.j]\n",
      " [ 0.        +0.j  0.        +0.j  0.        +0.j  0.        +0.j]], shape=(4, 4), dtype=complex128)\n",
      "----- break -----\n",
      "[[0.1723089389183181, 0.3557281850836527, 0.5199130980931747, 0.6111116578311145, -0.4472135954999553], [-0.502392969188497, -0.6111116578311139, -0.21817723187804183, 0.3557281850836544, -0.44721359549995554], [0.6601680605403563, 2.914335439641036e-16, -0.6034717324302636, 2.4216739724636227e-15, -0.44721359549995904], [-0.5023929691884995, 0.6111116578311111, -0.21817723187804253, -0.3557281850836504, -0.4472135954999596], [0.17230893891831975, -0.355728185083652, 0.5199130980931749, -0.6111116578311108, -0.44721359549996026]]\n",
      "----- N 5 segNum 18 -----\n",
      "detuning [-0.05578529907685239, -0.021588718120092294, 0.021588718120092526, 0.06406451059950097, 0.08791646455659857]\n",
      "tau 269.99999999999994\n",
      "mode [[ 1.72308939e-01 -5.02392969e-01  6.60168061e-01 -5.02392969e-01\n",
      "   1.72308939e-01]\n",
      " [ 3.55728185e-01 -6.11111658e-01  2.91433544e-16  6.11111658e-01\n",
      "  -3.55728185e-01]\n",
      " [ 5.19913098e-01 -2.18177232e-01 -6.03471732e-01 -2.18177232e-01\n",
      "   5.19913098e-01]\n",
      " [ 6.11111658e-01  3.55728185e-01  2.42167397e-15 -3.55728185e-01\n",
      "  -6.11111658e-01]\n",
      " [-4.47213595e-01 -4.47213595e-01 -4.47213595e-01 -4.47213595e-01\n",
      "  -4.47213595e-01]]\n",
      "k_list [0, 1, 2, 3, 4]\n",
      "this ions should have laser shined:  [0 1]\n",
      ">>>>>>>>>> P and G calculate time used is: 39.910746812820435 seconds\n",
      "error: 1.0063483166555776e-05\n",
      "constrain_error 2.7022172288670987e-07\n",
      ">>>>>>>>>> optimization time used is: 106.8248279094696 seconds\n",
      "alpha max are: [1, 1, 1, 1, 1]  for phonon cut-off in simulation\n",
      "./calculation results/data/\n",
      "segnum 18 (array([ 0.33229353, -0.47482895, -0.013428  ,  0.49525632, -0.13462635,\n",
      "       -0.48579774,  0.2176769 ,  0.45841386, -0.28640205, -0.36575282,\n",
      "        0.4679071 ,  0.26616841, -0.48468503, -0.15958977,  0.49220798,\n",
      "       -0.00225428, -0.46725786,  0.2939499 ]), array([ 0.33229353, -0.47482895, -0.013428  ,  0.49525632, -0.13462635,\n",
      "       -0.48579774,  0.2176769 ,  0.45841386, -0.28640205, -0.36575282,\n",
      "        0.4679071 ,  0.26616841, -0.48468503, -0.15958977,  0.49220798,\n",
      "       -0.00225428, -0.46725786,  0.2939499 ]))\n",
      "test theta tf.Tensor(\n",
      "[[0.43020683+0.j 0.39269895+0.j 0.        +0.j 0.        +0.j\n",
      "  0.        +0.j]\n",
      " [0.39269895+0.j 0.16802989+0.j 0.        +0.j 0.        +0.j\n",
      "  0.        +0.j]\n",
      " [0.        +0.j 0.        +0.j 0.        +0.j 0.        +0.j\n",
      "  0.        +0.j]\n",
      " [0.        +0.j 0.        +0.j 0.        +0.j 0.        +0.j\n",
      "  0.        +0.j]\n",
      " [0.        +0.j 0.        +0.j 0.        +0.j 0.        +0.j\n",
      "  0.        +0.j]], shape=(5, 5), dtype=complex128)\n",
      "----- N 5 segNum 20 -----\n",
      "detuning [-0.05578529907685239, -0.021588718120092294, 0.021588718120092526, 0.06406451059950097, 0.08791646455659857]\n",
      "tau 300.0\n",
      "mode [[ 1.72308939e-01 -5.02392969e-01  6.60168061e-01 -5.02392969e-01\n",
      "   1.72308939e-01]\n",
      " [ 3.55728185e-01 -6.11111658e-01  2.91433544e-16  6.11111658e-01\n",
      "  -3.55728185e-01]\n",
      " [ 5.19913098e-01 -2.18177232e-01 -6.03471732e-01 -2.18177232e-01\n",
      "   5.19913098e-01]\n",
      " [ 6.11111658e-01  3.55728185e-01  2.42167397e-15 -3.55728185e-01\n",
      "  -6.11111658e-01]\n",
      " [-4.47213595e-01 -4.47213595e-01 -4.47213595e-01 -4.47213595e-01\n",
      "  -4.47213595e-01]]\n",
      "k_list [0, 1, 2, 3, 4]\n",
      "this ions should have laser shined:  [0 1]\n",
      ">>>>>>>>>> P and G calculate time used is: 53.362696170806885 seconds\n",
      "error: 4.817378515868684e-06\n",
      "constrain_error 2.456001218842374e-06\n",
      ">>>>>>>>>> optimization time used is: 230.82708024978638 seconds\n",
      "alpha max are: [1, 1, 1, 1, 1]  for phonon cut-off in simulation\n",
      "./calculation results/data/\n",
      "segnum 20 (array([ 0.46786788, -0.25099055, -0.40833367,  0.3044756 ,  0.17202013,\n",
      "       -0.23025814, -0.40156786,  0.21201854,  0.39078373, -0.17335606,\n",
      "       -0.1746757 ,  0.38847335,  0.21001424, -0.40339568, -0.23085565,\n",
      "        0.17319588,  0.30637242, -0.40590574, -0.25052885,  0.47467039]), array([ 0.46786788, -0.25099055, -0.40833367,  0.3044756 ,  0.17202013,\n",
      "       -0.23025814, -0.40156786,  0.21201854,  0.39078373, -0.17335606,\n",
      "       -0.1746757 ,  0.38847335,  0.21001424, -0.40339568, -0.23085565,\n",
      "        0.17319588,  0.30637242, -0.40590574, -0.25052885,  0.47467039]))\n",
      "test theta tf.Tensor(\n",
      "[[0.43915716+0.j 0.39269785+0.j 0.        +0.j 0.        +0.j\n",
      "  0.        +0.j]\n",
      " [0.39269785+0.j 0.17664597+0.j 0.        +0.j 0.        +0.j\n",
      "  0.        +0.j]\n",
      " [0.        +0.j 0.        +0.j 0.        +0.j 0.        +0.j\n",
      "  0.        +0.j]\n",
      " [0.        +0.j 0.        +0.j 0.        +0.j 0.        +0.j\n",
      "  0.        +0.j]\n",
      " [0.        +0.j 0.        +0.j 0.        +0.j 0.        +0.j\n",
      "  0.        +0.j]], shape=(5, 5), dtype=complex128)\n",
      "----- break -----\n",
      "[[0.1235025124697026, 0.26231938146549655, -0.401652676964049, 0.514316901764753, 0.5687022564587615, -0.40824829046385774], [-0.38498355983287275, -0.5765711932567329, 0.4418527185670991, -0.02998320262823506, 0.39566884354630866, -0.40824829046385597], [0.5801161849768353, 0.3142518117912296, 0.37873645478415857, -0.48433369913651797, 0.14150586470337484, -0.4082482904638625], [-0.5801161849768389, 0.3142518117912337, -0.37873645478415546, -0.48433369913651464, -0.14150586470336124, -0.4082482904638639], [0.3849835598328721, -0.576571193256725, -0.44185271856710573, -0.02998320262823611, -0.3956688435463015, -0.40824829046386824], [-0.12350251246970337, 0.2623193814654941, 0.4016526769640551, 0.514316901764749, -0.5687022564587526, -0.40824829046387007]]\n",
      "----- N 6 segNum 20 -----\n",
      "detuning [-0.07788970076518809, -0.05256538533855625, -0.018800173813920237, 0.01880017381392047, 0.053197296326655895, 0.07152832786304969]\n",
      "tau 300.0\n",
      "mode [[ 0.12350251 -0.38498356  0.58011618 -0.58011618  0.38498356 -0.12350251]\n",
      " [ 0.26231938 -0.57657119  0.31425181  0.31425181 -0.57657119  0.26231938]\n",
      " [-0.40165268  0.44185272  0.37873645 -0.37873645 -0.44185272  0.40165268]\n",
      " [ 0.5143169  -0.0299832  -0.4843337  -0.4843337  -0.0299832   0.5143169 ]\n",
      " [ 0.56870226  0.39566884  0.14150586 -0.14150586 -0.39566884 -0.56870226]\n",
      " [-0.40824829 -0.40824829 -0.40824829 -0.40824829 -0.40824829 -0.40824829]]\n",
      "k_list [0, 1, 2, 3, 4, 5]\n",
      "this ions should have laser shined:  [0 1]\n",
      ">>>>>>>>>> P and G calculate time used is: 92.08582592010498 seconds\n",
      "error: 0.11390420109213749\n",
      "constrain_error 3.201453879775329e-08\n",
      ">>>>>>>>>> optimization time used is: 234.96973586082458 seconds\n",
      "alpha max are: [1, 1, 1, 1, 1, 1]  for phonon cut-off in simulation\n",
      "./calculation results/data/\n",
      "segnum 20 (array([ 0.5       , -0.36326223, -0.3756395 ,  0.5       ,  0.08520048,\n",
      "       -0.5       , -0.27824779,  0.5       , -0.5       ,  0.5       ,\n",
      "       -0.13897112, -0.5       ,  0.5       ,  0.43463941, -0.5       ,\n",
      "       -0.5       ,  0.5       ,  0.03862488, -0.5       ,  0.10476327]), array([ 0.5       , -0.36326223, -0.3756395 ,  0.5       ,  0.08520048,\n",
      "       -0.5       , -0.27824779,  0.5       , -0.5       ,  0.5       ,\n",
      "       -0.13897112, -0.5       ,  0.5       ,  0.43463941, -0.5       ,\n",
      "       -0.5       ,  0.5       ,  0.03862488, -0.5       ,  0.10476327]))\n",
      "test theta tf.Tensor(\n",
      "[[ 0.25383278+0.j  0.39269907+0.j  0.        +0.j  0.        +0.j\n",
      "   0.        +0.j  0.        +0.j]\n",
      " [ 0.39269907+0.j -0.14258068+0.j  0.        +0.j  0.        +0.j\n",
      "   0.        +0.j  0.        +0.j]\n",
      " [ 0.        +0.j  0.        +0.j  0.        +0.j  0.        +0.j\n",
      "   0.        +0.j  0.        +0.j]\n",
      " [ 0.        +0.j  0.        +0.j  0.        +0.j  0.        +0.j\n",
      "   0.        +0.j  0.        +0.j]\n",
      " [ 0.        +0.j  0.        +0.j  0.        +0.j  0.        +0.j\n",
      "   0.        +0.j  0.        +0.j]\n",
      " [ 0.        +0.j  0.        +0.j  0.        +0.j  0.        +0.j\n",
      "   0.        +0.j  0.        +0.j]], shape=(6, 6), dtype=complex128)\n",
      "----- N 6 segNum 22 -----\n",
      "detuning [-0.07788970076518809, -0.05256538533855625, -0.018800173813920237, 0.01880017381392047, 0.053197296326655895, 0.07152832786304969]\n",
      "tau 330.0\n",
      "mode [[ 0.12350251 -0.38498356  0.58011618 -0.58011618  0.38498356 -0.12350251]\n",
      " [ 0.26231938 -0.57657119  0.31425181  0.31425181 -0.57657119  0.26231938]\n",
      " [-0.40165268  0.44185272  0.37873645 -0.37873645 -0.44185272  0.40165268]\n",
      " [ 0.5143169  -0.0299832  -0.4843337  -0.4843337  -0.0299832   0.5143169 ]\n",
      " [ 0.56870226  0.39566884  0.14150586 -0.14150586 -0.39566884 -0.56870226]\n",
      " [-0.40824829 -0.40824829 -0.40824829 -0.40824829 -0.40824829 -0.40824829]]\n",
      "k_list [0, 1, 2, 3, 4, 5]\n",
      "this ions should have laser shined:  [0 1]\n",
      ">>>>>>>>>> P and G calculate time used is: 101.0064651966095 seconds\n",
      "error: 5.823374157498601e-06\n",
      "constrain_error 9.952192746653932e-05\n",
      ">>>>>>>>>> optimization time used is: 266.4750258922577 seconds\n",
      "alpha max are: [1, 1, 1, 1, 1, 1]  for phonon cut-off in simulation\n",
      "./calculation results/data/\n",
      "segnum 22 (array([-0.20102684,  0.4831881 , -0.18523632, -0.39406072,  0.48083761,\n",
      "        0.26971765, -0.3249176 , -0.24342572,  0.32878303,  0.3787251 ,\n",
      "       -0.35454749, -0.43164118,  0.42418823,  0.39218939, -0.35152188,\n",
      "       -0.29633614,  0.35574351,  0.41139805, -0.41468146, -0.16589924,\n",
      "        0.49525331, -0.23334515]), array([-0.20102684,  0.4831881 , -0.18523632, -0.39406072,  0.48083761,\n",
      "        0.26971765, -0.3249176 , -0.24342572,  0.32878303,  0.3787251 ,\n",
      "       -0.35454749, -0.43164118,  0.42418823,  0.39218939, -0.35152188,\n",
      "       -0.29633614,  0.35574351,  0.41139805, -0.41468146, -0.16589924,\n",
      "        0.49525331, -0.23334515]))\n",
      "test theta tf.Tensor(\n",
      "[[ 0.25937467+0.j  0.39274884+0.j  0.        +0.j  0.        +0.j\n",
      "   0.        +0.j  0.        +0.j]\n",
      " [ 0.39274884+0.j -0.12589215+0.j  0.        +0.j  0.        +0.j\n",
      "   0.        +0.j  0.        +0.j]\n",
      " [ 0.        +0.j  0.        +0.j  0.        +0.j  0.        +0.j\n",
      "   0.        +0.j  0.        +0.j]\n",
      " [ 0.        +0.j  0.        +0.j  0.        +0.j  0.        +0.j\n",
      "   0.        +0.j  0.        +0.j]\n",
      " [ 0.        +0.j  0.        +0.j  0.        +0.j  0.        +0.j\n",
      "   0.        +0.j  0.        +0.j]\n",
      " [ 0.        +0.j  0.        +0.j  0.        +0.j  0.        +0.j\n",
      "   0.        +0.j  0.        +0.j]], shape=(6, 6), dtype=complex128)\n",
      "----- break -----\n",
      "[[-0.09260897093502764, -0.19992041717513245, 0.3147584441657767, -0.41999065869908053, 0.4994933007273969, 0.5325783260723567, -0.37796447300922986], [0.3006318323582681, 0.505429578638863, -0.5085536731966422, 0.27800738510936945, 0.09020266068118038, 0.4089655668410178, -0.3779644730092307], [-0.49091056091968455, -0.45229721183472854, -0.06850881714286437, 0.49630609549970794, -0.3338505957671197, 0.22160210228327407, -0.3779644730092292], [0.565775398992892, -2.6957602816679582e-15, 0.5246080923474625, -1.7156415177410622e-15, -0.5116907312829172, -5.297845495633169e-15, -0.37796447300922775], [-0.4909105609196908, 0.4522972118347273, -0.06850881714285725, -0.49630609549970406, -0.33385059576712006, -0.2216021022832791, -0.3779644730092251], [0.30063183235826746, -0.5054295786388528, -0.5085536731966532, -0.27800738510937206, 0.09020266068118113, -0.40896556684102187, -0.377964473009225], [-0.09260897093502707, 0.19992041717512682, 0.3147584441657795, 0.41999065869907853, 0.4994933007274008, -0.5325783260723606, -0.37796447300922326]]\n",
      "----- N 7 segNum 22 -----\n",
      "detuning [-0.06176556487943302, -0.04237116405159747, -0.01569707610050193, 0.015697076100501698, 0.04827110390087776, 0.07668505342234345, 0.09126696266455576]\n",
      "tau 330.0\n",
      "mode [[-9.26089709e-02  3.00631832e-01 -4.90910561e-01  5.65775399e-01\n",
      "  -4.90910561e-01  3.00631832e-01 -9.26089709e-02]\n",
      " [-1.99920417e-01  5.05429579e-01 -4.52297212e-01 -2.69576028e-15\n",
      "   4.52297212e-01 -5.05429579e-01  1.99920417e-01]\n",
      " [ 3.14758444e-01 -5.08553673e-01 -6.85088171e-02  5.24608092e-01\n",
      "  -6.85088171e-02 -5.08553673e-01  3.14758444e-01]\n",
      " [-4.19990659e-01  2.78007385e-01  4.96306095e-01 -1.71564152e-15\n",
      "  -4.96306095e-01 -2.78007385e-01  4.19990659e-01]\n",
      " [ 4.99493301e-01  9.02026607e-02 -3.33850596e-01 -5.11690731e-01\n",
      "  -3.33850596e-01  9.02026607e-02  4.99493301e-01]\n",
      " [ 5.32578326e-01  4.08965567e-01  2.21602102e-01 -5.29784550e-15\n",
      "  -2.21602102e-01 -4.08965567e-01 -5.32578326e-01]\n",
      " [-3.77964473e-01 -3.77964473e-01 -3.77964473e-01 -3.77964473e-01\n",
      "  -3.77964473e-01 -3.77964473e-01 -3.77964473e-01]]\n",
      "k_list [0, 1, 2, 3, 4, 5, 6]\n",
      "this ions should have laser shined:  [0 1]\n",
      ">>>>>>>>>> P and G calculate time used is: 141.500638961792 seconds\n",
      "error: 6.526518165293795e-06\n",
      "constrain_error 8.511442151082349e-07\n",
      ">>>>>>>>>> optimization time used is: 172.61084699630737 seconds\n",
      "alpha max are: [1, 1, 1, 1, 1, 1, 1]  for phonon cut-off in simulation\n",
      "./calculation results/data/\n",
      "segnum 22 (array([-0.39818537,  0.33382698, -0.04622429, -0.4546454 , -0.14165407,\n",
      "        0.40028189, -0.23532146, -0.49541628,  0.15482885,  0.42091812,\n",
      "       -0.39122979, -0.39187384,  0.42023796,  0.15600269, -0.49547291,\n",
      "       -0.23602216,  0.39966501, -0.13874237, -0.45848911, -0.04340322,\n",
      "        0.33263096, -0.39795723]), array([-0.39818537,  0.33382698, -0.04622429, -0.4546454 , -0.14165407,\n",
      "        0.40028189, -0.23532146, -0.49541628,  0.15482885,  0.42091812,\n",
      "       -0.39122979, -0.39187384,  0.42023796,  0.15600269, -0.49547291,\n",
      "       -0.23602216,  0.39966501, -0.13874237, -0.45848911, -0.04340322,\n",
      "        0.33263096, -0.39795723]))\n",
      "test theta tf.Tensor(\n",
      "[[0.44403699+0.j 0.39269951+0.j 0.        +0.j 0.        +0.j\n",
      "  0.        +0.j 0.        +0.j 0.        +0.j]\n",
      " [0.39269951+0.j 0.28727555+0.j 0.        +0.j 0.        +0.j\n",
      "  0.        +0.j 0.        +0.j 0.        +0.j]\n",
      " [0.        +0.j 0.        +0.j 0.        +0.j 0.        +0.j\n",
      "  0.        +0.j 0.        +0.j 0.        +0.j]\n",
      " [0.        +0.j 0.        +0.j 0.        +0.j 0.        +0.j\n",
      "  0.        +0.j 0.        +0.j 0.        +0.j]\n",
      " [0.        +0.j 0.        +0.j 0.        +0.j 0.        +0.j\n",
      "  0.        +0.j 0.        +0.j 0.        +0.j]\n",
      " [0.        +0.j 0.        +0.j 0.        +0.j 0.        +0.j\n",
      "  0.        +0.j 0.        +0.j 0.        +0.j]\n",
      " [0.        +0.j 0.        +0.j 0.        +0.j 0.        +0.j\n",
      "  0.        +0.j 0.        +0.j 0.        +0.j]], shape=(7, 7), dtype=complex128)\n",
      "----- break -----\n",
      "[[-0.07189136103769792, 0.1568275027350227, -0.25117114151686154, -0.34399251482754223, 0.42419843068525687, 0.48174088899378725, 0.5017971515278109, -0.35355339059327306], [0.23972116223422318, -0.43288002281921534, 0.5031876814112316, 0.3997134048319706, -0.14622342942289732, 0.16686545430875144, 0.4098226815842087, -0.35355339059327323], [-0.411993699085042, 0.49152132599599646, -0.16178175966710556, 0.3040626898865838, -0.482162212290692, -0.2023676523312666, 0.26759569352324486, -0.3535533905932773], [0.5173263848862226, -0.21546880591180972, -0.39691545344584905, -0.3597835798910116, -0.2572819487078563, -0.44623869097126556, 0.09293833001250344, -0.3535533905932751], [-0.5173263848862192, -0.2154688059118036, 0.39691545344585766, -0.3597835798910141, 0.25728194870786325, -0.4462386909712631, -0.09293833001249743, -0.35355339059327145], [0.41199369908503686, 0.4915213259960025, 0.16178175966709452, 0.30406268988658613, 0.48216221229069717, -0.20236765233126494, -0.26759569352324264, -0.3535533905932731], [-0.23972116223422335, -0.4328800228192278, -0.5031876814112217, 0.39971340483196566, 0.14622342942289737, 0.16686545430874772, -0.4098226815842139, -0.35355339059327395], [0.07189136103769976, 0.15682750273503046, 0.25117114151686093, -0.3439925148275417, -0.4241984306852607, 0.4817408889937761, -0.5017971515278167, -0.35355339059327334]]\n",
      "----- N 8 segNum 22 -----\n",
      "detuning [-0.0770438508066684, -0.06176382209748961, -0.04032912957828003, -0.014290155809006187, 0.014290155809005722, 0.0426159404317094, 0.06650044953990587, 0.07841103454960696]\n",
      "tau 330.0\n",
      "mode [[-0.07189136  0.23972116 -0.4119937   0.51732638 -0.51732638  0.4119937\n",
      "  -0.23972116  0.07189136]\n",
      " [ 0.1568275  -0.43288002  0.49152133 -0.21546881 -0.21546881  0.49152133\n",
      "  -0.43288002  0.1568275 ]\n",
      " [-0.25117114  0.50318768 -0.16178176 -0.39691545  0.39691545  0.16178176\n",
      "  -0.50318768  0.25117114]\n",
      " [-0.34399251  0.3997134   0.30406269 -0.35978358 -0.35978358  0.30406269\n",
      "   0.3997134  -0.34399251]\n",
      " [ 0.42419843 -0.14622343 -0.48216221 -0.25728195  0.25728195  0.48216221\n",
      "   0.14622343 -0.42419843]\n",
      " [ 0.48174089  0.16686545 -0.20236765 -0.44623869 -0.44623869 -0.20236765\n",
      "   0.16686545  0.48174089]\n",
      " [ 0.50179715  0.40982268  0.26759569  0.09293833 -0.09293833 -0.26759569\n",
      "  -0.40982268 -0.50179715]\n",
      " [-0.35355339 -0.35355339 -0.35355339 -0.35355339 -0.35355339 -0.35355339\n",
      "  -0.35355339 -0.35355339]]\n",
      "k_list [0, 1, 2, 3, 4, 5, 6, 7]\n",
      "this ions should have laser shined:  [0 1]\n",
      ">>>>>>>>>> P and G calculate time used is: 206.49475407600403 seconds\n",
      "error: 0.0024561012188859675\n",
      "constrain_error 3.271809201343956e-08\n",
      ">>>>>>>>>> optimization time used is: 333.1456458568573 seconds\n",
      "alpha max are: [1, 1, 1, 1, 1, 1, 1, 1]  for phonon cut-off in simulation\n",
      "./calculation results/data/\n",
      "segnum 22 (array([-0.08593712,  0.03485699,  0.26451805, -0.5       ,  0.05220308,\n",
      "        0.5       , -0.23710768, -0.5       ,  0.31154432,  0.5       ,\n",
      "       -0.43252901, -0.43987299,  0.5       ,  0.31515234, -0.5       ,\n",
      "       -0.23957779,  0.5       ,  0.05426077, -0.5       ,  0.26198042,\n",
      "        0.03717268, -0.08676608]), array([-0.08593712,  0.03485699,  0.26451805, -0.5       ,  0.05220308,\n",
      "        0.5       , -0.23710768, -0.5       ,  0.31154432,  0.5       ,\n",
      "       -0.43252901, -0.43987299,  0.5       ,  0.31515234, -0.5       ,\n",
      "       -0.23957779,  0.5       ,  0.05426077, -0.5       ,  0.26198042,\n",
      "        0.03717268, -0.08676608]))\n",
      "test theta tf.Tensor(\n",
      "[[ 0.33939062+0.j  0.39269907+0.j  0.        +0.j  0.        +0.j\n",
      "   0.        +0.j  0.        +0.j  0.        +0.j  0.        +0.j]\n",
      " [ 0.39269907+0.j -0.0022585 +0.j  0.        +0.j  0.        +0.j\n",
      "   0.        +0.j  0.        +0.j  0.        +0.j  0.        +0.j]\n",
      " [ 0.        +0.j  0.        +0.j  0.        +0.j  0.        +0.j\n",
      "   0.        +0.j  0.        +0.j  0.        +0.j  0.        +0.j]\n",
      " [ 0.        +0.j  0.        +0.j  0.        +0.j  0.        +0.j\n",
      "   0.        +0.j  0.        +0.j  0.        +0.j  0.        +0.j]\n",
      " [ 0.        +0.j  0.        +0.j  0.        +0.j  0.        +0.j\n",
      "   0.        +0.j  0.        +0.j  0.        +0.j  0.        +0.j]\n",
      " [ 0.        +0.j  0.        +0.j  0.        +0.j  0.        +0.j\n",
      "   0.        +0.j  0.        +0.j  0.        +0.j  0.        +0.j]\n",
      " [ 0.        +0.j  0.        +0.j  0.        +0.j  0.        +0.j\n",
      "   0.        +0.j  0.        +0.j  0.        +0.j  0.        +0.j]\n",
      " [ 0.        +0.j  0.        +0.j  0.        +0.j  0.        +0.j\n",
      "   0.        +0.j  0.        +0.j  0.        +0.j  0.        +0.j]], shape=(8, 8), dtype=complex128)\n",
      "----- N 8 segNum 24 -----\n",
      "detuning [-0.0770438508066684, -0.06176382209748961, -0.04032912957828003, -0.014290155809006187, 0.014290155809005722, 0.0426159404317094, 0.06650044953990587, 0.07841103454960696]\n",
      "tau 360.0\n",
      "mode [[-0.07189136  0.23972116 -0.4119937   0.51732638 -0.51732638  0.4119937\n",
      "  -0.23972116  0.07189136]\n",
      " [ 0.1568275  -0.43288002  0.49152133 -0.21546881 -0.21546881  0.49152133\n",
      "  -0.43288002  0.1568275 ]\n",
      " [-0.25117114  0.50318768 -0.16178176 -0.39691545  0.39691545  0.16178176\n",
      "  -0.50318768  0.25117114]\n",
      " [-0.34399251  0.3997134   0.30406269 -0.35978358 -0.35978358  0.30406269\n",
      "   0.3997134  -0.34399251]\n",
      " [ 0.42419843 -0.14622343 -0.48216221 -0.25728195  0.25728195  0.48216221\n",
      "   0.14622343 -0.42419843]\n",
      " [ 0.48174089  0.16686545 -0.20236765 -0.44623869 -0.44623869 -0.20236765\n",
      "   0.16686545  0.48174089]\n",
      " [ 0.50179715  0.40982268  0.26759569  0.09293833 -0.09293833 -0.26759569\n",
      "  -0.40982268 -0.50179715]\n",
      " [-0.35355339 -0.35355339 -0.35355339 -0.35355339 -0.35355339 -0.35355339\n",
      "  -0.35355339 -0.35355339]]\n",
      "k_list [0, 1, 2, 3, 4, 5, 6, 7]\n",
      "this ions should have laser shined:  [0 1]\n",
      ">>>>>>>>>> P and G calculate time used is: 286.8399510383606 seconds\n",
      "error: 1.6176669363847536e-06\n",
      "constrain_error 4.897084297383891e-05\n",
      ">>>>>>>>>> optimization time used is: 634.147433757782 seconds\n",
      "alpha max are: [1, 1, 1, 1, 1, 1, 1, 1]  for phonon cut-off in simulation\n",
      "./calculation results/data/\n",
      "segnum 24 (array([ 0.18913744, -0.44909925,  0.45840607,  0.11115609, -0.48352002,\n",
      "        0.12757087,  0.49824694, -0.21542072, -0.44229882,  0.33016221,\n",
      "        0.40506644, -0.35233641, -0.35928794,  0.39749897,  0.33775475,\n",
      "       -0.43308803, -0.22872351,  0.49483207,  0.14025302, -0.48153659,\n",
