[phonon]
partialpos = [0.00e+00 5.00e-06 1.00e-05 1.50e-05 2.00e-05 2.50e-05 3.00e-05 3.50e-05
	 4.00e-05 4.50e-05 5.00e-05 5.50e-05 6.00e-05 6.50e-05 7.00e-05 7.50e-05
	 8.00e-05 8.50e-05 9.00e-05 9.50e-05 1.00e-04 1.05e-04 1.10e-04 1.15e-04
	 1.20e-04 1.25e-04 1.30e-04]
z_freqcal = [2016893.3974086447, 2018379.7563155887, 2020598.2652459738, 2023532.309106534, 2027162.0838657408, 2031464.055395384, 2036410.7733720448, 2041970.7559921339, 2048108.386104599, 2054783.7925384904, 2061952.7013933489, 2069566.2374018352, 2077570.6615394545, 2085907.0137287232, 2094510.6416819103, 2103310.55618801, 2112228.580918166, 2121178.167812506, 2130062.8121299655, 2138773.749590701, 2147186.7611022713, 2155157.1411659843, 2162512.190101504, 2169037.3675069767, 2174452.2548280684, 2178344.0567762735, 2180000.0]
z_modes = [[0.006653610816166072, -0.014863213831103006, -0.024844622758159032, 0.036309763882425884, -0.04903030643997019, 0.06280530332388749, -0.07744588462227564, 0.09276744531766784, 0.10858672932618944, -0.12471967693183884, 0.14098211381070352, -0.15718889340540185, 0.17315634111619285, -0.18870112976088182, 0.20364426405940922, -0.21780840994882292, 0.23102410572114582, -0.24312339000892583, 0.2539503978939815, -0.2633458957478658, 0.2711685794766254, -0.2772519139027112, 0.28145828375614795, 0.2835017655064648, 0.2831331068474955, -0.2773021757197497, -0.19245008972986474], [-0.024076651714919184, 0.05291666272795244, 0.08630141740298776, -0.12200138299161542, 0.157919419328403, -0.19205623266022384, 0.22253346786401307, -0.2476442345455339, -0.26591091567934855, 0.27614338990205617, -0.2774878699532077, 0.2694671718871318, -0.25200316586727217, 0.22542793129120317, -0.1904719111617285, 0.14824334168966766, -0.10018104596580801, 0.0480077296310748, 0.00634843249902569, -0.06081133864778547, 0.11326110978175746, -0.16156813539136394, 0.2037288677904887, 0.23774486816192525, 0.26186313813760914, -0.27168181968978894, -0.1924500897298648], [0.04809546201387943, -0.10264542370105265, -0.15997633501236108, 0.21232426682547204, -0.252798801491037, 0.2758542705397617, -0.27776008529084584, 0.2569572590233313, 0.2142318115140597, -0.1526657881915066, 0.07736411881540045, 0.005028033322905903, -0.08696596297773583, 0.1607524133313591, -0.21930388070271148, 0.2568765907874365, -0.2696551076545412, 0.25617432016947544, -0.21748793156417298, 0.15712553077482544, -0.0807554206387469, -0.004279346008712101, 0.0897082929178748, 0.16688631152117553, 0.2277670360762173, -0.26252161314799227, -0.1924500897298676], [-0.07619013592962737, 0.1556369184096785, 0.2261710875083239, -0.27086131916917394, 0.27801236116862005, -0.24307716825598366, 0.1694791852038979, -0.06807425235507723, 0.044729912494862516, -0.14989371679246727, 0.22919986240092688, -0.26861185283457906, 0.26092665677396015, -0.20721196335488462, 0.1167608952423266, -0.005532311737902941, -0.1066302594684131, 0.1995438010434715, -0.2563049941719121, 0.2663984037586855, -0.22761935493766725, 0.14661925190470745, -0.03772176892090043, 0.07930382373251606, 0.18288155842349027, -0.25006136096855464, -0.1924500897298701], [0.10668743894518587, -0.2053221167132634, -0.2698598697187003, 0.2746677597726265, -0.21221216130593057, 0.09520426043269352, 0.04686455104453486, -0.17603014654302535, -0.2567430811353806, 0.26624602138263925, -0.20141987370200318, 0.08006343397823132, 0.06385929524445588, -0.1897010914646092, 0.2616780665606077, -0.2591454927158434, 0.18264956807750704, -0.05392340423374242, -0.09017146039612327, 0.20814923938335275, -0.26573903590488, 0.2458612925997075, -0.15357411657285977, -0.015119110698486652, 0.1295828680198527, -0.23452035409740465, -0.19245008972987007], [-0.13813169887082732, 0.24600243249056908, 0.2806099598082887, -0.21680605427916072, 0.07221532929769062, 0.09974734338623589, -0.2317875840855716, 0.27078394925229754, 0.20039116243650934, -0.048641759336783316, -0.12286446827670325, 0.24394090654204834, -0.26470589313605175, 0.17638511759496706, -0.015234161005963677, -0.15220028407219113, 0.25654087905752854, -0.25437675489089734, 0.14647478417098053, 0.022345317415854087, -0.18159363771065096, 0.26442674352871126, -0.23541802614128832, -0.10590441512181484, 0.07057296139264777, -0.2161262155779442, -0.1924500897298679], [0.169229295121963, -0.273102597707009, -0.2539456121598448, 0.1078595476149059, 0.0937354220037455, -0.2438050571267698, 0.2602541356628003, -0.1333252909910786, 0.06728890332004439, -0.2302686003345175, 0.2646077673202218, -0.15086503391758316, -0.04740918432320165, 0.21895634369708158, -0.26723600045346213, 0.1649279512154541, 0.030405660321344116, -0.2085320661416546, 0.2687352310016655, -0.17682383862587384, -0.01517874532901823, 0.1982350984953704, -0.267691914870455, -0.18307004181141973, 0.008787965737166514, -0.19512474655785317, -0.19245008972986846], [-0.19879379467505295, 0.2833412823924374, 0.1917677284811446, 0.0271804182163769, -0.22511652083924324, 0.26234739821131714, -0.1116445704936204, -0.11912988011108405, -0.2634062290842786, 0.21648024039984942, -0.012230189023599645, -0.20078213408150547, 0.2672347035457514, -0.13850929262363984, -0.09140286711889008, 0.25432248423838444, -0.23088906945578438, 0.038196376170307085, 0.18248234974550923, -0.2691058618006419, 0.15796886291046514, 0.06922148242214739, -0.24470820431490833, -0.2382036729643759, -0.05272611485424801, -0.17178304759676669, -0.1924500897298687], [0.22575845130774533, -0.27495179438465617, -0.10201438160769709, -0.15547115626282074, 0.2727398799512844, -0.14487077416145056, -0.11330766009440815, 0.26820724682753017, 0.17907413163267857, 0.07305612456940046, -0.2582776755854526, 0.2073941842020588, 0.033131163604551525, -0.24319614419979393, 0.23038105407059953, -0.00639336655352159, -0.22334053695302783, 0.24797471558142223, -0.04483470208592447, -0.1994335264919127, 0.2602395436772113, -0.08156194376996646, -0.17172485214025476, -0.2653776611274717, -0.11095172519414169, -0.14638965966505685, -0.1924500897298674], [-0.24918081273347284, 0.24776858826448664, -0.0026674144732243246, 0.2450201506570735, -0.21824587534805906, -0.048042420934374094, 0.2603907308775399, -0.18404122645714163, 0.09628818530005369, -0.2692894922629126, 0.14264556369728135, 0.14266239478287068, -0.2688419453474587, 0.09527896973944523, 0.1844566008122421, -0.2582496244603602, 0.043756106584833206, 0.21948545981957784, -0.23736724282096267, -0.01006921210673773, 0.2461552238534036, -0.20669505452673825, -0.06386121718896917, -0.26179543975573494, -0.16304085636338425, -0.11925313879327332, -0.19245008972986632], [0.2682626630478247, -0.2032231410039176, 0.1069366426929017, -0.27312271249010156, 0.08168185446843862, 0.21581993180945142, -0.2282150211790117, -0.060423290815430734, -0.268721025327825, 0.12139818149698456, 0.1864169975651972, -0.2470974665529422, -0.019642552217683792, 0.26016868703395873, -0.15557460966283718, -0.1553207649166786, 0.26000530559734225, -0.019593958625922718, -0.2466706473562645, 0.18523472434282706, 0.12225033209756443, -0.26705606592224257, 0.05693074461645682, -0.22809418158198255, -0.20645009986815102, -0.0906996986434447, -0.1924500897298646], [-0.28236295889353324, 0.14420340461363887, -0.1952207177553006, 0.23243675062283753, 0.08567632327599034, -0.2705515187885134, 0.038701178077352634, 0.25216471493745607, 0.15374922218811138, 0.18171338708420784, -0.2363073703754806, -0.0740511835391186, 0.2697820540843714, -0.048535735134938196, -0.24758112843955177, 0.1608262514752146, 0.17454549599973518, -0.23985585884125168, -0.0657781525553855, 0.2694742204723671, -0.05609053821547443, -0.24388152499634752, 0.16624154470593336, -0.16826845049726852, -0.23906216040762404, -0.06107025065210476, -0.19245008972986513], [0.29101373075946535, -0.07480821618633497, 0.2541923312059937, -0.13304548371674738, -0.22064766447298836, 0.18339950769291583, 0.17750690804157643, -0.22379222138014354, 0.12575154685754358, -0.2523158184649775, -0.06778138907402756, 0.2675907341560127, 0.006519038951616039, -0.2688962010609908, 0.05492238426261312, 0.25620574551896336, -0.1133472823647705, -0.230224517997626, 0.1657985746573969, 0.19230430413027488, -0.20937958195938877, -0.1445033335883773, 0.24205958545018103, -0.0892224417162293, -0.25928743810118043, -0.030717038388606566, -0.1924500897298684], [-0.29392919838959847, 3.360040322364198e-14, -0.2749004272287048, 9.709926996021428e-15, 0.27214148080611233, -8.546733498970185e-15, -0.27113870201198426, 3.7723740804800747e-14, -0.27062070768644964, 4.589816483898106e-15, 0.27030482476149476, -7.984379460468885e-15, -0.2700810989030121, 7.653947033949049e-15, 0.2699225870746889, -7.159533813934076e-15, -0.2697676389941868, -3.0884184642476895e-15, 0.26965072196437945, 3.404192417290729e-15, -0.26937467420239086, -7.769479506903753e-15, 0.2691455618251239, -5.581970106217186e-15, -0.26614047969141646, -1.5587510290370028e-14, -0.19245008972986993], [0.2910137307594784, 0.07480821618626655, 0.254192331206008, 0.13304548371672426, -0.22064766447299575, -0.18339950769289917, 0.17750690804163, 0.22379222138009855, 0.1257515468575606, 0.25231581846497264, -0.06778138907405379, -0.2675907341560091, 0.006519038951637046, 0.26889620106099016, 0.054922384262607475, -0.2562057455189653, -0.11334728236476611, 0.23022451799762095, 0.1657985746574067, -0.1923043041302706, -0.20937958195938974, 0.14450333358836648, 0.24205958545018702, 0.08922244171621778, -0.2592874381011885, 0.030717038388573915, -0.19245008972987093], [-0.28236295889355706, -0.14420340461357503, -0.1952207177553263, -0.23243675062281802, 0.08567632327600282, 0.2705515187885087, 0.038701178077282385, -0.25216471493748127, 0.15374922218809722, -0.18171338708421286, -0.23630737037546892, 0.0740511835391356, 0.26978205408437383, 0.04853573513492156, -0.2475811284395587, -0.16082625147520002, 0.1745454959997454, 0.23985585884125196, -0.06577815255537935, -0.2694742204723659, -0.0560905382154705, 0.24388152499634094, 0.16624154470594085, 0.16826845049725545, -0.2390621604076384, 0.06107025065206856, -0.19245008972987196], [0.2682626630478611, 0.20322314100386754, 0.10693664269293138, 0.2731227124900949, 0.08168185446843035, -0.2158199318094636, -0.22821502117897577, 0.06042329081550574, -0.2687210253278306, -0.1213981814969751, 0.18641699756521685, 0.24709746655293074, -0.019642552217706517, -0.26016868703395984, -0.15557460966282965, 0.15532076491668872, 0.26000530559733903, 0.019593958625926212, -0.24667064735626126, -0.1852347243428264, 0.1222503320975689, 0.26705606592223985, 0.05693074461646036, 0.22809418158197184, -0.20645009986816673, 0.09069969864341214, -0.19245008972987462], [-0.24918081273352058, -0.24776858826445342, -0.0026674144732533197, -0.24502015065707736, -0.21824587534805728, 0.04804242093439063, 0.26039073087756104, 0.18404122645708737, 0.09628818530007181, 0.26928949226291327, 0.14264556369725903, -0.14266239478288448, -0.2688419453474567, -0.09527896973942734, 0.18445660081224985, 0.25824962446035093, 0.043756106584822395, -0.219485459819575, -0.23736724282096852, 0.01006921210673658, 0.2461552238534107, 0.20669505452674194, -0.06386121718896887, 0.261795439755728, -0.16304085636339993, 0.11925313879324381, -0.19245008972987787], [0.22575845130779637, 0.27495179438463846, -0.10201438160767573, 0.15547115626282818, 0.27273987995128474, 0.14487077416143646, -0.11330766009446515, -0.2682072468275321, 0.17907413163266378, -0.07305612456940092, -0.25827767558544895, -0.20739418420204103, 0.03313116360456758, 0.24319614419979083, 0.23038105407059115, 0.0063933665535086505, -0.22334053695302963, -0.2479747155814207, -0.0448347020859324, 0.19943352649191085, 0.260239543677212, 0.08156194376997283, -0.17172485214025557, 0.2653776611274669, -0.11095172519415707, 0.14638965966502995, -0.19245008972988037], [-0.19879379467509772, -0.2833412823924239, 0.19176772848112894, -0.027180418216376366, -0.22511652083923142, -0.26234739821130787, -0.1116445704935744, 0.11912988011112688, -0.26340622908427747, -0.21648024039986033, -0.012230189023596384, 0.2007821340815078, 0.2672347035457565, 0.13850929262363215, -0.09140286711889754, -0.2543224842383874, -0.23088906945577684, -0.03819637617030699, 0.18248234974550517, 0.26910586180064056, 0.15796886291046275, -0.06922148242213962, -0.244708204314914, 0.23820367296437728, -0.05272611485426306, 0.17178304759674345, -0.19245008972988256], [0.16922929512200238, 0.27310259770700296, -0.2539456121598389, -0.10785954761491369, 0.09373542200372854, 0.24380505712677314, 0.2602541356627992, 0.13332529099103219, 0.06728890332006157, 0.2302686003345316, 0.2646077673202211, 0.1508650339175694, -0.0474091843232152, -0.21895634369708164, -0.26723600045346163, -0.16492795121544324, 0.030405660321352616, 0.2085320661416515, 0.2687352310016656, 0.1768238386258709, -0.015178745329023385, -0.19823509849536428, -0.267691914870464, 0.18307004181142367, 0.008787965737152646, 0.19512474655783368, -0.1924500897298856], [-0.13813169887086207, -0.2460024324905684, 0.28060995980828557, 0.21680605427916128, 0.0722153292976963, -0.09974734338624977, -0.23178758408560557, -0.27078394925227506, 0.20039116243648458, 0.048641759336780055, -0.12286446827670824, -0.24394090654204514, -0.2647058931360501, -0.17638511759495468, -0.01523416100595343, 0.15220028407220015, 0.2565408790575275, 0.2543767548908914, 0.14647478417098211, -0.02234531741585609, -0.18159363771065273, -0.26442674352870316, -0.23541802614129687, 0.10590441512182103, 0.07057296139263379, 0.21612621557792758, -0.19245008972988734], [0.1066874389452106, 0.20532211671326073, -0.26985986971869236, -0.2746677597726148, -0.2122121613059251, -0.09520426043268508, 0.04686455104456911, 0.17603014654303428, -0.2567430811353658, -0.26624602138265063, -0.20141987370200798, -0.08006343397822586, 0.06385929524446748, 0.1897010914646144, 0.26167806656061454, 0.2591454927158437, 0.1826495680775024, 0.05392340423373941, -0.09017146039612561, -0.20814923938335642, -0.26573903590488057, -0.2458612925996998, -0.15357411657286354, 0.015119110698492876, 0.1295828680198405, 0.2345203540973891, -0.1924500897298891], [-0.07619013592964315, -0.15563691840967386, 0.22617108750831413, 0.2708613191691602, 0.27801236116861744, 0.2430771682559989, 0.16947918520389751, 0.06807425235504888, 0.044729912494875464, 0.14989371679248342, 0.22919986240094, 0.2686118528345793, 0.26092665677396165, 0.20721196335487288, 0.11676089524231589, 0.005532311737891173, -0.10663025946841814, -0.19954380104346958, -0.25630499417191777, -0.2663984037586902, -0.22761935493766797, -0.14661925190470393, -0.03772176892090078, -0.07930382373250895, 0.18288155842348053, 0.25006136096854303, -0.19245008972989155], [0.04809546201388723, 0.10264542370104757, -0.15997633501235403, -0.2123242668254654, -0.2527988014910453, -0.27585427053979844, -0.2777600852908785, -0.25695725902330036, 0.21423181151402249, 0.15266578819149587, 0.07736411881539018, -0.005028033322914452, -0.08696596297774453, -0.16075241333136117, -0.219303880702717, -0.25687659078743835, -0.2696551076545353, -0.25617432016946606, -0.21748793156417498, -0.15712553077482744, -0.08075542063874738, 0.004279346008709703, 0.0897082929178773, -0.16688631152116676, 0.2277670360762096, 0.26252161314798483, -0.1924500897298918], [-0.024076651714922976, -0.05291666272794906, 0.08630141740298304, 0.12200138299161259, 0.15791941932841225, 0.19205623266025595, 0.22253346786404835, 0.24764423454551457, -0.2659109156793156, -0.27614338990205833, -0.27748786995321245, -0.26946717188712876, -0.25200316586727506, -0.2254279312911964, -0.1904719111617262, -0.1482433416896631, -0.10018104596580114, -0.048007729631068585, 0.006348432499028954, 0.0608113386477878, 0.11326110978175902, 0.1615681353913577, 0.2037288677904957, -0.23774486816191692, 0.26186313813760415, 0.27168181968978405, -0.1924500897298914], [0.00665361081616687, 0.014863213831102002, -0.02484462275815772, -0.03630976388242529, -0.0490303064399739, -0.0628053033238993, -0.07744588462228973, -0.0927674453176629, 0.10858672932617906, 0.1247196769318439, 0.14098211381071027, 0.15718889340540407, 0.17315634111619965, 0.1887011297608807, 0.2036442640594115, 0.21780840994882325, 0.23102410572114154, 0.24312339000891794, 0.2539503978939833, 0.2633458957478673, 0.27116857947662565, 0.2772519139027004, 0.28145828375615656, -0.28350176550645545, 0.2831331068474911, 0.2773021757197457, -0.19245008972989203]]

