[shined]
shined = [0, 1]

[amplitude]
pulse_type = AM
shape = rectangular
mu = 2125697.5423471257
delta_t = 1.4999999999999999e-05
segnum = 15
amp_list0 = [-0.12272606213000588, -0.4938211883643676, 0.17271487071957406, 0.49938822324205145, -0.2806614504664396, -0.4998427609527035, 0.345953481602096, 0.49992781941128067, 0.49942119748233826, -0.49614761522857986, -0.3899585232298882, 0.49933752140948434, 0.25337311065058554, -0.49476453397297315, -0.15676542227046183]
amp_list1 = [-0.12272606213000588, -0.4938211883643676, 0.17271487071957406, 0.49938822324205145, -0.2806614504664396, -0.4998427609527035, 0.345953481602096, 0.49992781941128067, 0.49942119748233826, -0.49614761522857986, -0.3899585232298882, 0.49933752140948434, 0.25337311065058554, -0.49476453397297315, -0.15676542227046183]

