[phonon]
partialpos = [0.00e+00 5.00e-06 1.00e-05 1.50e-05 2.00e-05 2.50e-05 3.00e-05 3.50e-05
	 4.00e-05 4.50e-05 5.00e-05 5.50e-05 6.00e-05 6.50e-05 7.00e-05 7.50e-05
	 8.00e-05 8.50e-05 9.00e-05 9.50e-05 1.00e-04 1.05e-04 1.10e-04 1.15e-04
	 1.20e-04 1.25e-04 1.30e-04 1.35e-04 1.40e-04 1.45e-04]
z_freqcal = [2016745.9554144887, 2017952.9711593736, 2019757.0072814096, 2022146.8470725403, 2025109.245703911, 2028628.5184805947, 2032686.4098983887, 2037262.021312143, 2042331.7530891509, 2047869.2459282684, 2053845.3113830858, 2060227.8451462563, 2066981.7136169213, 2074068.6075357716, 2081446.8481931034, 2089071.1382050076, 2096892.2310317652, 2104856.5071444893, 2112905.4063125206, 2120974.6945188264, 2128993.4567084247, 2136882.7688034168, 2144553.783503047, 2151905.100947723, 2158818.6429112838, 2165153.540054829, 2170734.8614076274, 2175334.1551911454, 2178615.4633707786, 2179999.9999999995]
z_modes = [[-0.0054004272638939295, 0.012063567225965644, 0.020169107925047274, -0.029492480026040525, 0.03986109990950244, -0.051127638835147135, -0.06315660168161319, -0.07581798641408861, -0.08898367486965464, 0.10252615335147053, -0.11631733588469248, 0.1302290286925308, 0.14413236731569617, 0.1578992235815835, -0.17140151639389384, 0.18451344995167807, -0.19711010079321623, -0.20907076543501127, 0.2202759394051486, -0.23061259759090022, 0.23996772027684504, -0.24823759916981855, -0.25531303573598213, 0.26109858178994316, -0.2654723395061136, 0.2683357211590168, 0.2694496024145118, 0.2686059355825651, -0.26299079281761545, 0.1825741858350279], [0.01957203301817722, -0.0431483050118914, -0.07071682327615116, 0.10066742124688369, -0.131507675967294, 0.16181202915330395, 0.19021960548335937, 0.2154549236307942, 0.23635890380210878, -0.25192187692943213, 0.26131643413351757, -0.2639250895091135, -0.25936389649385116, -0.24749682277359578, 0.22844482669377836, -0.20258294617368228, 0.1705331190563368, 0.13314288731162893, -0.09146364618080166, 0.04671220773800144, -0.00023992610511845008, -0.04652043031314025, -0.09208373434615492, 0.13497970800779352, -0.1737544602377885, 0.20706383937699807, 0.23353433868491608, 0.2519587806615984, -0.2586006665059438, 0.18257418583502794], [-0.0392047359850993, 0.08440271034462624, 0.13337542382852016, -0.18055328776297663, 0.22085326831822555, -0.24990263920433997, -0.2643109573229812, -0.26191775559356134, -0.24196681790422758, 0.2051806967311954, -0.15371963061644273, 0.09102605867028636, 0.021560722071723853, -0.049545810980816014, 0.11690477430080763, -0.17530370231101142, 0.22013782496940487, 0.24779060624659738, -0.2559475857539, 0.2437962090511873, -0.21212246285198175, 0.1632579011843717, 0.10093422579565207, -0.029981720812743085, -0.04398564807480897, 0.11505158299491684, 0.17724753385889558, 0.225154155709806, -0.2514425751507615, 0.18257418583502838], [0.062356568941219506, -0.12960004584227974, -0.19372766469105254, 0.2421183174280038, -0.2649605612775236, 0.25647561575768973, 0.21571771544641033, 0.14674108297066052, 0.05805501702396511, 0.038584580425614454, -0.12988339423654838, 0.20297512568608994, 0.2473528181157889, 0.25648019693179186, -0.22883068407343168, 0.16819863392650408, -0.08321624568271534, 0.013847653479601105, -0.10885408387514321, 0.187844091962799, -0.23910347532484272, 0.2548903755887393, 0.23263165427493504, -0.17531683791370345, 0.09116983539015697, 0.007567280262978822, 0.1061457262645601, 0.1895691523614817, -0.24169209969646863, 0.1825741858350261], [-0.08778466751790943, 0.1739684390326927, 0.24048408135642013, -0.2663857913668897, 0.24097592278944915, -0.16616412001309674, -0.056084646990959656, 0.06609732987252918, 0.17354187371494714, -0.2420402471701655, 0.2558019384735421, -0.21134167020860975, -0.1185216316795035, 0.0015442739859996427, -0.12126379201592, 0.21293195056548947, -0.2551927480078904, -0.23808802389044662, 0.1654686529525674, -0.054201876201471065, -0.06970307936647033, 0.1771129552079595, 0.2426075178292995, -0.2504300549712779, 0.1983201761112753, -0.09807179504740124, 0.026838082769427816, 0.14677760474765408, -0.2295024226788676, 0.18257418583502463], [0.11442463696554604, -0.2132815345775938, -0.26492614419585125, 0.24361339744045402, -0.14965875420068847, 0.009408837260114366, -0.13349985093613356, -0.23287798112979816, -0.2558229406582123, 0.1942690823011868, -0.0682245555887315, -0.08053254808253424, -0.20227920819931994, -0.25605697032490726, 0.22359885568136495, -0.11567686745284607, -0.03135870934222582, -0.16777375033495442, 0.24726908359026625, -0.24275307090208859, 0.15564327644286777, -0.015542858402286376, 0.1297360189804374, -0.2303348160201483, 0.2514190600872728, -0.1850630717130097, -0.05345822040636027, 0.09857015486548991, -0.2150277582215129, 0.1825741858350256], [-0.14133606732115742, 0.2439655176577098, 0.26178000980624677, -0.17508308906942752, 0.01489031336210529, 0.1510577094680663, 0.24948586199206574, 0.2358263195137886, 0.11563941439043686, 0.05696196097367229, -0.20347987332545917, 0.25685368681832044, 0.19242074715203866, 0.039584977103466305, 0.13142648230711237, -0.24178182954996916, 0.24045331831248712, 0.1279324433352802, 0.04380529511347684, -0.19523456592966532, 0.2560764279918027, -0.19799291613312633, -0.047884772233737646, -0.12433618161746762, 0.2381515097606934, -0.23973322936608646, -0.12751121528439202, 0.04691553391567831, -0.19843181801776966, 0.18257418583502516], [0.16764971397218065, -0.2631707667227867, -0.229652129310868, 0.07252595917639204, 0.12423782090491255, -0.24822155303565435, -0.22665938792638962, -0.0715842759388995, 0.1256712939364791, -0.24800746639598706, 0.22237258064202606, -0.06385862620511518, 0.13281227349497768, 0.24976402238577955, -0.21670882349112833, 0.05340079117514403, 0.14198567341415902, 0.2517877824666773, -0.20976388642998292, 0.0411714210582885, 0.15226080587675145, -0.2536559826026825, -0.2016047939350632, 0.02756691493412756, 0.16291745241383518, -0.25369175966181773, -0.18870019298548585, -0.006102299184305288, -0.17989102572419363, 0.1825741858350265], [-0.19256992724879388, 0.26892261333724116, 0.17117150585313795, 0.04439619751829385, -0.22584653637884766, 0.24047125370865444, 0.07688182044510058, -0.14363461349392406, -0.2564060652994418, 0.17677858577485153, 0.03561975293437832, -0.2210525981157192, -0.23975316885905862, -0.07751608203288189, -0.1432093673837918, 0.25559364948627217, -0.17457413287874807, 0.03857394194280971, -0.22242448676377316, 0.23759837017920568, -0.0725345719425047, -0.14756182463911807, -0.25552878773350807, 0.16927445331649094, 0.04563321469359411, -0.2251492203177211, -0.2315992746997626, -0.058358646198085416, -0.1595954397642759, 0.1825741858350297], [0.215372046805205, -0.260205226274309, -0.09259250717992498, -0.15235602998215816, 0.25873068374548136, -0.13049969561475588, 0.11611446011788776, 0.2560328013928273, 0.1610269663219391, 0.0817737209543271, -0.24911111147091936, 0.18685740759761327, -0.04764815906191875, -0.23805101923028946, 0.20852120843457222, 0.013691381721069177, -0.2231675947124441, -0.22614329820057685, 0.01984046688590709, 0.2047447100505677, -0.23958504379457413, 0.05235164217009699, -0.1833670393344037, 0.24890319633137123, -0.08335380152507138, -0.15917814573622507, -0.2524589371737052, -0.10776753634663519, -0.13774849680201937, 0.18257418583503418], [-0.23541310452468042, 0.23701543115915347, 0.0029798234164153015, 0.2293557685013918, -0.21243949403382703, -0.03516282309447486, -0.24354150658884988, -0.18480057093592875, 0.07658154676461794, -0.2534806123713882, 0.15136813392576054, 0.11731883932579186, 0.25655762873494814, 0.11286334099352476, 0.15525285568830896, -0.25191116586441265, 0.07041341770654092, -0.1887910586480242, 0.23933985954453602, -0.025389734804350975, -0.21653477333195714, 0.21887929064610406, -0.020928792822925132, 0.2374963732945064, -0.19095653764495593, -0.06687096694208833, -0.24953907940417702, -0.15236143984383568, -0.11456606770307513, 0.18257418583503768], [0.2521386976756751, -0.20034373535596794, 0.08698242699424513, -0.259482824806744, 0.10088814588316977, 0.18575102867742738, 0.23319565690208294, -0.019175055437310178, -0.24642170868003457, 0.15583989977143156, 0.13561703029675914, -0.2518117347200514, -0.04279818145456453, 0.22137221023046516, -0.1993503661146799, -0.08033576097034122, 0.25602991103708067, 0.10052871974477806, 0.18496108654484958, -0.2310482555178341, -0.021876629502288997, 0.24634429010468306, 0.15173632659696631, 0.13938162612818938, -0.24970706190297745, 0.03647047526802018, -0.2232621498818032, -0.19036731371589008, -0.0902750740049802, 0.18257418583504118], [-0.26509328366194185, 0.152102074004611, -0.16637432807130034, 0.23636222514361793, 0.04173652651577968, -0.25665111596870754, -0.09075311333951791, 0.20934176488365644, 0.19807079689914503, 0.1075024543819036, -0.2529085033064713, 0.02199760407372911, -0.24147190128938578, -0.14535586003113388, -0.16711540377127815, 0.2305825471474156, 0.04940744039988351, 0.25567657038685787, -0.08093696242193144, -0.21435223938881467, 0.19008828887224372, 0.11745366735551778, 0.24973606346940871, -0.009541456336058882, -0.24467630002352989, 0.13382197728167594, -0.17617177624907748, -0.22027557490919808, -0.06511180549131472, 0.18257418583504345], [0.27392727642142184, -0.09498688010866374, 0.2254608831861621, -0.16460577342062788, -0.17147123029822287, 0.21731097269524982, -0.10314254097125602, -0.24883305730608385, 0.02575070977967496, -0.2564606610238993, 0.053645454897894844, 0.239641209092436, 0.12764173894326616, -0.20007380247508497, 0.1893056909443321, 0.1415937694061904, -0.232871759939323, 0.06976945443368507, -0.2542687633873492, 0.00853426050147404, 0.25154278764458554, -0.08594150149489568, 0.22497397164116562, -0.15493767560328744, -0.177212156933626, 0.20919908947434948, -0.11270023544754994, -0.24089905196386346, -0.039320027960159036, 0.18257418583504756], [-0.27840404468145646, 0.032296141131463556, -0.25695270246514396, 0.05891998997978449, 0.24821595696398738, -0.08455786095430623, 0.23851076664670884, 0.10914707398531268, -0.2267440305603093, 0.1324937292252107, 0.21277166892971117, -0.15437669311564625, 0.1966528069456766, 0.17458812263609214, 0.1785190337632996, -0.192913901057492, -0.15854463481822617, -0.20918316283889882, -0.13692699776008804, 0.22319106979360626, 0.11389337929781267, -0.23483700950239755, 0.08967496585247522, -0.2438221105277237, -0.06455673124417816, 0.25024822296631655, -0.03876554580820652, -0.25141945568240887, -0.013148944033533, 0.18257418583505303], [0.2784040446814495, 0.03229614113158144, 0.2569527024651254, 0.058919989979944715, -0.24821595696395896, -0.08455786095437798, -0.23851076664669224, 0.10914707398538995, 0.22674403056029746, 0.13249372922521255, -0.21277166892968485, -0.15437669311566177, -0.19665280694566173, 0.17458812263611045, -0.17851903376328856, -0.19291390105750006, 0.158544634818201, -0.2091831628389041, 0.1369269977600818, 0.22319106979359857, -0.11389337929780904, -0.23483700950240666, -0.08967496585246272, -0.24382211052773256, 0.06455673124414432, 0.2502482229663242, 0.038765545808190166, -0.2514194556824114, 0.013148944033464548, 0.18257418583505544], [-0.27392727642140025, -0.09498688010876989, -0.2254608831861059, -0.16460577342074548, 0.17147123029814149, 0.21731097269527896, 0.10314254097120863, -0.2488330573060891, -0.025750709779642927, -0.25646066102388476, -0.05364545489794643, 0.23964120909241826, -0.12764173894329123, -0.2000738024750629, -0.18930569094434746, 0.14159376940617646, 0.23287175993933978, 0.06976945443367297, 0.2542687633873518, 0.00853426050146014, -0.25154278764458615, -0.08594150149491529, -0.22497397164116067, -0.1549376756033063, 0.17721215693360412, 0.20919908947436994, 0.11270023544753431, -0.24089905196387573, 0.03932002796008594, 0.1825741858350557], [0.2650932836619018, 0.15210207400469836, 0.16637432807121202, 0.23636222514367325, -0.041736526515669385, -0.256651115968692, 0.09075311333957482, 0.20934176488360023, -0.19807079689917995, 0.10750245438189704, 0.252908503306496, 0.021997604073752713, 0.24147190128938859, -0.14535586003115553, 0.16711540377127523, 0.2305825471474205, -0.04940744039986061, 0.2556765703868557, 0.08093696242193021, -0.21435223938882225, -0.1900882888722378, 0.11745366735550235, -0.24973606346940588, -0.009541456336077425, 0.24467630002351703, 0.13382197728170125, 0.17617177624906477, -0.2202755749092186, 0.06511180549124178, 0.1825741858350588], [-0.25213869767562147, -0.20034373535603536, -0.08698242699413758, -0.2594828248067327, -0.1008881458832764, 0.18575102867738, -0.23319565690212127, -0.01917505543724099, 0.24642170868005148, 0.15583989977141924, -0.13561703029674113, -0.25181173472005186, 0.0427981814545799, 0.22137221023045014, 0.19935036611469012, -0.08033576097032825, -0.25602991103708617, 0.10052871974479077, -0.18496108654485197, -0.23104825551783242, 0.02187662950229192, 0.24634429010468492, -0.1517363265969737, 0.13938162612817748, 0.2497070619029822, 0.03647047526804548, 0.22326214988179482, -0.19036731371591095, 0.09027507400491393, 0.18257418583506524], [0.23541310452462158, 0.23701543115920173, -0.0029798234165220247, 0.22935576850132502, 0.21243949403389542, -0.035162823094423944, 0.24354150658884993, -0.1848005709359529, -0.07658154676461042, -0.2534806123713675, -0.15136813392578705, 0.11731883932577723, -0.25655762873495375, 0.11286334099353836, -0.1552528556883108, -0.2519111658644082, -0.07041341770655589, -0.18879105864801565, -0.2393398595445314, -0.025389734804336973, 0.21653477333195204, 0.21887929064611453, 0.020928792822915758, 0.23749637329450557, 0.1909565376449775, -0.06687096694206408, 0.249539079404172, -0.1523614398438565, 0.11456606770301489, 0.1825741858350697], [-0.21537204680514865, -0.26020522627434467, 0.09259250718002048, -0.1523560299820571, -0.2587306837455029, -0.1304996956147947, -0.11611446011785549, 0.25603280139279916, -0.16102696632196875, 0.08177372095432271, 0.24911111147092685, 0.1868574075976246, 0.047648159061909084, -0.23805101923028243, -0.20852120843458208, 0.013691381721063229, 0.22316759471244446, -0.22614329820058024, -0.019840466885896656, 0.20474471005058273, 0.23958504379456402, 0.05235164217010694, 0.1833670393343969, 0.24890319633137567, 0.08335380152509445, -0.15917814573620956, 0.25245893717370194, -0.10776753634665323, 0.13774849680196324, 0.18257418583507262], [0.19256992724874084, 0.26892261333726425, -0.17117150585321478, 0.044396197518179185, 0.22584653637882499, 0.24047125370867412, -0.07688182044514513, -0.14363461349387743, 0.2564060652994795, 0.17677858577483402, -0.03561975293436674, -0.221052598115713, 0.23975316885906056, -0.07751608203289333, 0.14320936738378742, 0.255593649486259, 0.17457413287875997, 0.0385739419427993, 0.2224244867637751, 0.2375983701792011, 0.07253457194249412, -0.14756182463911158, 0.2555287877335013, 0.1692744533164992, -0.045633214693569395, -0.22514922031771276, 0.23159927469976313, -0.058358646198102576, 0.15959543976422474, 0.18257418583507645], [-0.1676497139721255, -0.2631707667227881, 0.22965212931091014, 0.07252595917649442, -0.12423782090484885, -0.24822155303563748, 0.22665938792641432, -0.07158427593893331, -0.12567129393648205, -0.24800746639595816, -0.2223725806420428, -0.06385862620513814, -0.1328122734949585, 0.24976402238576925, 0.21670882349114268, 0.053400791175158245, -0.14198567341414345, 0.25178778246667083, 0.20976388642997698, 0.04117142105827472, -0.1522608058767511, -0.25365598260268746, 0.20160479393506728, 0.02756691493414229, -0.1629174524138143, -0.25369175966182095, 0.18870019298549293, -0.006102299184323017, 0.17989102572414908, 0.18257418583508125], [0.14133606732110124, 0.2439655176576882, -0.2617800098062465, -0.17508308906949227, -0.01489031336218506, 0.15105770946802238, -0.24948586199205466, 0.23582631951378416, -0.11563941439047366, 0.056961960973660825, 0.20347987332546388, 0.2568536868183348, -0.192420747152053, 0.039584977103479725, -0.13142648230710893, -0.24178182954995414, -0.24045331831249508, 0.1279324433352907, -0.043805295113480816, -0.19523456592967353, -0.25607642799178654, -0.19799291613312942, 0.047884772233741324, -0.12433618161745637, -0.2381515097606801, -0.23973322936609684, 0.12751121528440096, 0.04691553391566268, 0.19843181801772924, 0.182574185835085], [-0.11442463696549636, -0.21328153457756155, 0.264926144195819, 0.2436133974404759, 0.1496587542007627, 0.00940883726016087, 0.13349985093610683, -0.23287798112977387, 0.2558229406582646, 0.19426908230116693, 0.06822455558873748, -0.08053254808252844, 0.20227920819931672, -0.25605697032490893, -0.2235988556813831, -0.11567686745285313, 0.03135870934221465, -0.16777375033495087, -0.2472690835902726, -0.2427530709020881, -0.15564327644284853, -0.01554285840228142, -0.129736018980439, -0.2303348160201429, -0.2514190600872651, -0.18506307171301895, 0.05345822040636741, 0.09857015486547695, 0.21502775822147396, 0.18257418583508733], [0.0877846675178715, 0.1739684390326609, -0.24048408135637334, -0.2663857913668786, -0.24097592278950417, -0.16616412001312628, 0.056084646990979134, 0.06609732987251665, -0.17354187371498409, -0.2420402471701417, -0.2558019384735471, -0.21134167020861827, 0.11852163167951187, 0.0015442739859905827, 0.12126379201591761, 0.2129319505654733, 0.25519274800789066, -0.23808802389045067, -0.1654686529525673, -0.054201876201462815, 0.06970307936647531, 0.17711295520796552, -0.24260751782930007, -0.2504300549712746, -0.1983201761112711, -0.09807179504740714, -0.026838082769423035, 0.1467776047476427, 0.22950242267883036, 0.18257418583508903], [-0.062356568941190654, -0.12960004584225093, 0.19372766469100466, 0.2421183174279768, 0.26496056127756057, 0.25647561575770134, -0.21571771544641527, 0.14674108297065153, -0.05805501702397286, 0.03858458042561728, 0.1298833942365558, 0.20297512568609738, -0.2473528181157922, 0.25648019693179425, 0.22883068407344775, 0.16819863392650405, 0.08321624568272144, 0.0138476534796016, 0.10885408387515355, 0.18784409196280794, 0.2391034753248296, 0.2548903755887426, -0.2326316542749345, -0.1753168379137016, -0.09116983539015601, 0.007567280262978414, -0.10614572626455722, 0.18956915236147, 0.24169209969642969, 0.1825741858350901], [0.03920473598507948, 0.0844027103446046, -0.13337542382848397, -0.18055328776295415, -0.22085326831825525, -0.2499026392043522, 0.2643109573229911, -0.26191775559355257, 0.24196681790427862, 0.2051806967311648, 0.1537196306164345, 0.09102605867028292, -0.021560722071723885, -0.04954581098081282, -0.11690477430080769, -0.17530370231099732, -0.22013782496940645, 0.24779060624660723, 0.2559475857539132, 0.24379620905118896, 0.2121224628519605, 0.16325790118436864, -0.10093422579564887, -0.02998172081274177, 0.04398564807480798, 0.11505158299492249, -0.17724753385889397, 0.22515415570979241, 0.251442575150719, 0.18257418583509036], [-0.019572033018166915, -0.043148305011880314, 0.07071682327613259, 0.1006674212468717, 0.1315076759673114, 0.16181202915331103, -0.19021960548336697, 0.21545492363078939, -0.2363589038021624, -0.25192187692939816, -0.26131643413350714, -0.2639250895091061, 0.2593638964938444, -0.24749682277359045, -0.22844482669378682, -0.20258294617367442, -0.17053311905634497, 0.13314288731164015, 0.09146364618080988, 0.04671220773800303, 0.0002399261051178445, -0.046520430313138385, 0.09208373434615101, 0.1349797080077878, 0.17375446023778185, 0.20706383937700787, -0.23353433868491685, 0.25195878066158667, 0.2586006665059031, 0.1825741858350916], [0.005400427263890843, 0.012063567225962421, -0.020169107925042163, -0.02949248002603686, -0.03986109990950641, -0.0511276388351469, 0.06315660168161279, -0.07581798641408488, 0.08898367486967447, 0.10252615335145797, 0.11631733588468825, 0.13022902869252428, -0.14413236731568657, 0.15789922358157413, 0.17140151639389575, 0.1845134499516664, 0.19711010079321867, -0.20907076543501993, -0.22027593940516407, -0.23061259759091085, -0.2399677202768323, -0.2482375991698197, 0.25531303573597786, 0.2610985817899364, 0.26547233950610677, 0.26833572115903265, -0.26944960241451643, 0.26860593558255585, 0.26299079281757637, 0.18257418583509286]]

