[phonon]
partialpos = [0.0e+00 5.0e-06 1.0e-05 1.5e-05 2.0e-05 2.5e-05 3.0e-05 3.5e-05 4.0e-05
	 4.5e-05 5.0e-05 5.5e-05 6.0e-05 6.5e-05 7.0e-05 7.5e-05 8.0e-05 8.5e-05]
z_freqcal = [2017855.063181894, 2021148.6447402106, 2026023.347755351, 2032403.517471336, 2040196.3434976914, 2049290.0470336739, 2059552.7858189824, 2070831.426694213, 2082949.7751730527, 2095705.9610634162, 2108868.3312588357, 2122169.27534704, 2135295.0633322294, 2147869.8902431056, 2159425.9819940506, 2169349.9541778886, 2176735.281641814, 2179999.9999999995]
z_modes = [[-0.014826397837293198, 0.033083222255615066, -0.055135977149995886, 0.08015008522849183, -0.10736712847079206, 0.13605156551035738, -0.16546626114098334, 0.1948749264387698, 0.22353840469402692, 0.2507358251584527, -0.2757545546899388, 0.2979288995417641, -0.3165925472436077, 0.33116080730541037, 0.34089808025036, 0.34516963910507675, 0.33967791097577504, -0.23570226039553516], [0.05311281543883387, -0.11426061061859598, 0.18006335113273078, -0.24238207190727135, 0.2937094697548826, -0.32764046936982205, 0.33939047048230137, -0.3262231133217135, -0.2877418165844063, -0.22595185774823803, 0.14514749040085478, -0.05152532214358159, -0.04727474542553132, 0.14291691526248895, 0.22681280098810036, 0.2910940504016395, 0.32521220627312786, -0.2357022603955357], [-0.10419925263932228, 0.20956172633262468, -0.29641320593314646, 0.33985553322308243, -0.32494164199892145, 0.24984939848737056, -0.12645211939792053, -0.022010218180445847, -0.1658168219673443, -0.2751442948208495, 0.32665699401428133, -0.308720666816187, 0.22429564872596278, -0.09050058173471902, 0.064419490544898, 0.2071573890150178, 0.3017384611006546, -0.23570226039553419], [0.16073208765672722, -0.29137562088698415, 0.34325028548906794, -0.28348080882305166, 0.1248569984798448, 0.07856200428771007, -0.2521742446445072, 0.33018004374307175, 0.2820321334679023, 0.12546578924214696, 0.07944928339597282, -0.25303208003878264, 0.32702313669831123, -0.27132461435079774, -0.10671095994875902, 0.10299771391050967, 0.2701437467867507, -0.2357022603955333], [-0.21718260785517246, 0.3391775398060655, -0.29184785401542823, 0.08450092960878351, 0.16970137358213672, -0.32230851653778303, 0.28157257743791825, -0.07104514215392678, 0.1822741631755852, 0.3242231466731555, -0.26774676173453005, 0.047172148388280495, 0.2019694907238808, -0.3254030943580018, -0.24562414793767035, -0.009970332710297744, 0.2313866378533398, -0.2357022603955281], [0.2686951370457418, -0.33987786734157643, 0.15050635138559268, 0.158652536673614, -0.33043556470989893, 0.21781803729725516, 0.08265592216290725, -0.31053040380814384, -0.2672134706560881, 0.00968086231307586, -0.27777537461681184, 0.30183456455881247, -0.06057264685186598, -0.23322183442872282, -0.3195306282304994, -0.11955239759069451, 0.18654766698952002, -0.23570226039552217], [-0.31118476385005306, 0.28972680505554005, 0.03875067144109816, -0.3163584602405546, 0.22784549784238053, 0.12394446696810398, -0.3301757897324259, 0.15057028074746426, -0.20472649129790235, -0.3195881913230291, 0.05943753431345678, 0.27024320814605324, -0.2819102146740408, -0.03776923616317473, -0.3115941247478487, -0.21399062687893972, 0.13683121266229425, -0.2357022603955187], [0.3414001765079184, -0.19453132044622906, -0.21532686105574214, 0.30229671151328247, 0.05739580844359477, -0.3297769780937971, 0.11084912190621345, 0.2725332995122616, 0.24874909601502532, -0.14616342582691297, 0.322187778139748, -0.01646737424595949, -0.31343793562316397, 0.17425785119547774, -0.22493031690119758, -0.28317968364121054, 0.08354873807593304, -0.23570226039551487], [-0.35708755076520377, 0.06849612584352, 0.3211869597798244, -0.12323445527636515, -0.29637246496787, 0.17350049145059943, 0.26539468536714256, -0.21834967297733826, 0.22755642682834165, 0.2567421463321897, 0.1835466676264581, -0.2874333773903897, -0.13455169321181956, 0.3098837872720596, -0.08180319057454181, -0.31972575161113675, 0.02809295679807199, -0.23570226039551215], [0.3570875507651855, 0.06849612584359989, -0.32118695977982753, -0.1232344552763979, 0.29637246496785474, 0.17350049145061744, -0.26539468536713323, -0.21834967297733912, -0.227556426828337, 0.256742146332201, -0.18354666762644734, -0.2874333773903931, 0.13455169321181554, 0.30988378727205573, 0.0818031905745401, -0.319725751611137, -0.02809295679810267, -0.23570226039551012], [-0.3414001765078598, -0.19453132044629584, 0.21532686105575005, 0.3022967115132933, -0.05739580844356431, -0.3297769780937964, -0.11084912190622596, 0.2725332995122622, -0.24874909601502918, -0.1461634258268992, -0.32218777813975225, -0.01646737424596604, 0.3134379356231644, 0.17425785119546902, 0.2249303169011982, -0.2831796836412142, -0.08354873807596251, -0.2357022603955082], [0.3111847638499737, 0.28972680505559545, -0.038750671441112564, -0.3163584602405487, -0.2278454978424052, 0.12394446696809346, 0.3301757897324302, 0.1505702807474612, 0.20472649129790452, -0.31958819132303484, -0.05943753431346466, 0.27024320814605335, 0.2819102146740415, -0.03776923616319057, 0.31159412474785064, -0.21399062687894235, -0.1368312126623221, -0.23570226039550568], [-0.26869513704566317, -0.33987786734163056, -0.15050635138557691, 0.15865253667361204, 0.330435564709912, 0.21781803729725932, -0.08265592216291245, -0.3105304038081495, 0.26721347065608164, 0.009680862313071694, 0.27777537461680957, 0.30183456455880986, 0.06057264685186322, -0.23322183442873326, 0.319530628230496, -0.11955239759069461, -0.186547666989546, -0.2357022603955048], [0.21718260785510568, 0.33917753980612014, 0.29184785401541874, 0.0845009296087737, -0.16970137358213658, -0.3223085165377788, -0.2815725774379164, -0.07104514215391876, -0.1822741631755878, 0.3242231466731583, 0.2677467617345373, 0.04717214838828131, -0.20196949072388498, -0.32540309435800313, 0.24562414793766246, -0.009970332710293218, -0.2313866378533636, -0.23570226039550451], [-0.1607320876566783, -0.2913756208870349, -0.34325028548906655, -0.2834808088230316, -0.12485699847985525, 0.07856200428770377, 0.25217424464451166, 0.3301800437430748, -0.2820321334678945, 0.12546578924214932, -0.07944928339596882, -0.25303208003878214, -0.32702313669831595, -0.2713246143507943, 0.10671095994875286, 0.10299771391051378, -0.2701437467867709, -0.23570226039550407], [0.10419925263929004, 0.2095617263326626, 0.2964132059331475, 0.3398555332230554, 0.3249416419989304, 0.24984939848737353, 0.1264521193979218, -0.022010218180447277, 0.16581682196734018, -0.2751442948208466, -0.32665699401428455, -0.3087206668161903, -0.2242956487259688, -0.09050058173471805, -0.06441949054489583, 0.20715738901502145, -0.3017384611006748, -0.23570226039550374], [-0.05311281543881673, -0.11426061061861616, -0.1800633511327307, -0.24238207190725033, -0.2937094697548883, -0.32764046936982383, -0.33939047048230897, -0.3262231133217169, 0.2877418165843993, -0.22595185774823853, -0.145147490400859, -0.051525322143583255, 0.04727474542553115, 0.14291691526248948, -0.22681280098809242, 0.29109405040164416, -0.325212206273149, -0.23570226039550463], [0.014826397837288008, 0.03308322225562039, 0.05513597714999537, 0.0801500852284845, 0.10736712847079408, 0.13605156551035913, 0.16546626114098922, 0.19487492643877194, -0.2235384046940175, 0.2507358251584447, 0.27575455468993654, 0.29792889954176566, 0.3165925472436152, 0.33116080730541225, -0.3408980802503497, 0.3451696391050841, -0.3396779109757985, -0.23570226039550546]]

