[shined]
shined = [3, 8]

[amplitude]
pulse_type = AM
shape = rectangular
mu = 2094329.3491198844
delta_t = 1.4999999999999999e-05
segnum = 44
amp_list0 = [0.09942567571177452, -0.4208248446401222, 0.6442425827561273, -0.24577274048389233, -0.5218299623460999, 0.48451082027596337, 0.4110267395898962, -0.6257752028870429, -0.36455616512293004, 0.729508435175977, 0.34262113218948226, -0.8101795447641276, -0.3537670197645441, 0.8898819951493356, 0.38643018700977094, -0.9429736529211716, -0.4140727946657209, 0.9963189792736048, 0.45686146962209107, -0.9881180038585652, -0.4963232223502044, 0.9913758238478013, 0.5510535280447688, -0.9676964453351783, -0.579465074896621, 0.9263808776961922, 0.5905205273605175, -0.8688093113996128, -0.620656226689654, 0.8267892453241723, 0.5975420786122384, -0.7941128770346895, -0.5360878083002332, 0.7404595802252378, 0.46810754308308655, -0.696403759676222, -0.3694688013508417, 0.6991532688107779, 0.20949218202293393, -0.6625139932221455, 0.030220872821839415, 0.6436689903049219, -0.5616980248113497, 0.19222706998256386]
amp_list1 = [0.09942567571177452, -0.4208248446401222, 0.6442425827561273, -0.24577274048389233, -0.5218299623460999, 0.48451082027596337, 0.4110267395898962, -0.6257752028870429, -0.36455616512293004, 0.729508435175977, 0.34262113218948226, -0.8101795447641276, -0.3537670197645441, 0.8898819951493356, 0.38643018700977094, -0.9429736529211716, -0.4140727946657209, 0.9963189792736048, 0.45686146962209107, -0.9881180038585652, -0.4963232223502044, 0.9913758238478013, 0.5510535280447688, -0.9676964453351783, -0.579465074896621, 0.9263808776961922, 0.5905205273605175, -0.8688093113996128, -0.620656226689654, 0.8267892453241723, 0.5975420786122384, -0.7941128770346895, -0.5360878083002332, 0.7404595802252378, 0.46810754308308655, -0.696403759676222, -0.3694688013508417, 0.6991532688107779, 0.20949218202293393, -0.6625139932221455, 0.030220872821839415, 0.6436689903049219, -0.5616980248113497, 0.19222706998256386]

