[phonon]
partialpos = [0.0e+00 5.0e-06 1.0e-05 1.5e-05 2.0e-05 2.5e-05 3.0e-05 3.5e-05 4.0e-05
	 4.5e-05 5.0e-05 5.5e-05]
z_freqcal = [2019972.691270464, 2027165.388769255, 2037628.6604251747, 2051019.1604591995, 2066904.4021691417, 2084750.9852836353, 2103907.7129561333, 2123576.3160496796, 2142752.409922915, 2160111.070632411, 2173686.253824462, 2179999.9999999995]
z_modes = [[0.0328519455647842, 0.07289616248154862, -0.1202115729513473, 0.1719111112658305, -0.22509780600822063, -0.27688774434257174, 0.3244013610628868, 0.3649501142855802, 0.3958152033488277, 0.41466127996389923, 0.414602203165794, -0.288675134594816], [-0.11508179734623336, -0.23513317383503518, 0.3405763190791494, -0.4040294467788402, 0.40661993614789205, 0.3416814659252833, -0.2164422458123433, -0.050798012685984245, 0.1258966236897207, 0.28073582086154397, 0.3777922348333693, -0.2886751345948169], [0.21679923458023073, 0.3777473528259521, -0.4113032412262629, 0.28328645717400974, -0.03740074835284719, 0.22323877913759096, -0.38324230511621327, -0.3687798132054245, -0.18407481036648232, 0.08881601287363665, 0.31885846299354964, -0.2886751345948138], [-0.3146487140198595, -0.41870794772241365, 0.22587250255444655, 0.13568051786967997, -0.38598778198773254, -0.32434050252837254, -0.00032077748365643837, -0.32295556920437785, -0.3776316150946963, -0.11594851008477866, 0.24163090012333918, -0.28867513459481087], [0.3908346632117695, 0.32603643189065495, 0.11080456171674283, -0.4025279829303766, 0.19242526758108708, -0.2565235403030905, 0.38165485933432, 0.026545594677555243, -0.3599735886914027, -0.28605793010901787, 0.15067088412294993, -0.2886751345948109], [-0.4323418488596732, -0.12283882564071004, -0.37025741594249023, 0.21567934339969563, 0.31077055496388706, 0.2928315421111543, 0.23533234411310922, 0.35103768613264896, -0.14632227395581404, -0.3822066735053018, 0.0511870470945876, -0.28867513459480815], [0.4323418488596592, -0.12283882564070196, 0.37025741594248035, 0.21567934339970904, -0.31077055496389067, 0.29283154211116336, -0.2353323441131153, 0.3510376861326533, 0.14632227395580982, -0.3822066735053042, -0.05118704709458793, -0.2886751345948099], [-0.39083466321175503, 0.3260364318906609, -0.110804561716736, -0.4025279829303906, -0.19242526758107545, -0.2565235403030957, -0.38165485933431703, 0.026545594677550775, 0.359973588691405, -0.28605793010901415, -0.15067088412295537, -0.28867513459481337], [0.31464871401985495, -0.41870794772243347, -0.22587250255443372, 0.13568051786968738, 0.3859877819877222, -0.324340502528368, 0.0003207774836630096, -0.3229555692043735, 0.3776316150946966, -0.11594851008477527, -0.24163090012334285, -0.28867513459481353], [-0.2167992345802275, 0.3777473528259696, 0.41130324122623785, 0.2832864571740249, 0.037400748352847304, 0.22323877913759535, 0.3832423051162167, -0.3687798132054177, 0.18407481036648032, 0.08881601287363962, -0.31885846299354914, -0.28867513459481303], [0.115081797346231, -0.23513317383504445, -0.3405763190791251, -0.4040294467788608, -0.40661993614788744, 0.34168146592528653, 0.2164422458123441, -0.05079801268598245, -0.12589662368972357, 0.2807358208615456, -0.37779223483336555, -0.288675134594814], [-0.03285194556478306, 0.07289616248155072, 0.12021157295133776, 0.1719111112658384, 0.22509780600821566, -0.2768877443425725, -0.32440136106288886, 0.3649501142855757, -0.3958152033488324, 0.414661279963903, -0.4146022031657914, -0.28867513459481425]]

