[result]
infid = 0.03705777043296421
tracedist = 0.07373161250972293
infid_ideal = -3.56347403085433e-05
bound_eq26 = 0.155399520699364

