[shined]
shined = [0, 1]

[amplitude]
pulse_type = AM
shape = rectangular
mu = 2089327.868272301
delta_t = 1.4999999999999999e-05
segnum = 36
amp_list0 = [-0.07869190549458993, 0.20982119706334645, -0.17314279544398198, -0.0892433904200095, 0.15753879094434595, 0.1097865475713232, -0.17337313663716938, -0.13114568294351645, 0.15176251876076444, 0.17090871591859993, -0.10987687747363314, -0.2085480863753289, 0.04686238759209407, 0.228138268204215, 0.02624527874752348, -0.20797068859276427, -0.12106764732659807, 0.18088566355843572, 0.1816876862950392, -0.1195391280776839, -0.21021382694101695, 0.02690553647522358, 0.2284577009697239, 0.04686877455535569, -0.20863679917901912, -0.1099966088840778, 0.1708149073001767, 0.15193616154754422, -0.13094439947971664, -0.17359049702099916, 0.10955525300996262, 0.1578001548026159, -0.08900833494145961, -0.17364884912007997, 0.21014122024701487, -0.07876923774609058]
amp_list1 = [-0.07869190549458993, 0.20982119706334645, -0.17314279544398198, -0.0892433904200095, 0.15753879094434595, 0.1097865475713232, -0.17337313663716938, -0.13114568294351645, 0.15176251876076444, 0.17090871591859993, -0.10987687747363314, -0.2085480863753289, 0.04686238759209407, 0.228138268204215, 0.02624527874752348, -0.20797068859276427, -0.12106764732659807, 0.18088566355843572, 0.1816876862950392, -0.1195391280776839, -0.21021382694101695, 0.02690553647522358, 0.2284577009697239, 0.04686877455535569, -0.20863679917901912, -0.1099966088840778, 0.1708149073001767, 0.15193616154754422, -0.13094439947971664, -0.17359049702099916, 0.10955525300996262, 0.1578001548026159, -0.08900833494145961, -0.17364884912007997, 0.21014122024701487, -0.07876923774609058]

