[phonon]
partialpos = [0.0e+00 5.0e-06 1.0e-05 1.5e-05 2.0e-05 2.5e-05 3.0e-05 3.5e-05 4.0e-05
	 4.5e-05 5.0e-05 5.5e-05 6.0e-05 6.5e-05 7.0e-05 7.5e-05 8.0e-05 8.5e-05]
z_freqcal = [2017855.063462356, 2021148.6450147426, 2026023.3480211266, 2032403.517725684, 2040196.3437381343, 2049290.0472579612, 2059552.786025128, 2070831.4268805329, 2082949.7753381955, 2095705.9612064066, 2108868.3313791147, 2122169.2754445164, 2135295.0634073466, 2147869.8902969346, 2159425.982028426, 2169349.9541956414, 2176735.281647247, 2179999.9999999995]
z_modes = [[-0.014826397837292468, 0.03308322225561994, -0.05513597715000027, 0.08015008522849604, -0.10736712847079463, 0.13605156551035663, -0.16546626114098484, 0.1948749264387716, -0.22353840469401992, 0.25073582515844806, -0.2757545546899351, 0.29792889954176266, -0.31659254724360947, 0.3311608073054151, -0.3408980802503619, 0.3451696391050903, -0.3396779109757734, -0.2357022603955166], [0.05311281543883063, -0.11426061061861179, 0.18006335113274313, -0.2423820719072822, 0.29370946975488826, -0.32764046936981794, 0.3393904704823029, -0.3262231133217141, 0.28774181658439546, -0.22595185774823315, 0.14514749040085156, -0.051525322143579834, -0.0472747454255313, 0.14291691526249142, -0.22681280098810067, 0.29109405040164793, -0.3252122062731238, -0.23570226039551537], [-0.10419925263931207, 0.20956172633264658, -0.2964132059331547, 0.33985553322308376, -0.32494164199891434, 0.24984939848735088, -0.12645211939790618, -0.022010218180461723, 0.1658168219673517, -0.2751442948208532, 0.3266569940142824, -0.30872066681618676, 0.22429564872596305, -0.09050058173471484, -0.06441949054490397, 0.20715738901502936, -0.3017384611006578, -0.23570226039552014], [0.16073208765670682, -0.2913756208870072, 0.34325028548906367, -0.2834808088230382, 0.12485699847982806, 0.07856200428772829, -0.25217424464452015, 0.3301800437430788, -0.2820321334678915, 0.12546578924214083, 0.07944928339597791, -0.25303208003878586, 0.3270231366983122, -0.2713246143507944, 0.10671095994874923, 0.10299771391052143, -0.2701437467867588, -0.23570226039552422], [-0.21718260785514168, 0.3391775398060886, -0.2918478540154116, 0.0845009296087621, 0.16970137358215098, -0.32230851653778403, 0.28157257743791664, -0.07104514215391493, -0.18227416317559245, 0.32422314667315943, -0.26774676173453144, 0.0471721483882789, 0.20196949072388154, -0.3254030943580043, 0.24562414793766424, -0.009970332710289069, -0.2313866378533536, -0.23570226039552594], [0.26869513704570547, -0.33987786734160585, 0.15050635138557544, 0.1586525366736285, -0.3304355647099036, 0.21781803729724636, 0.08265592216291143, -0.31053040380815, 0.26721347065607914, 0.009680862313076147, -0.2777753746168117, 0.3018345645588116, -0.06057264685186799, -0.2332218344287265, 0.3195306282304931, -0.11955239759068913, -0.1865476669895362, -0.2357022603955232], [-0.3111847638500109, 0.28972680505557274, 0.03875067144111137, -0.31635846024055625, 0.22784549784237684, 0.12394446696811146, -0.3301757897324275, 0.15057028074745643, 0.204726491297907, -0.3195881913230322, 0.05943753431345847, 0.27024320814605346, -0.28191021467404287, -0.03776923616317917, 0.31159412474784276, -0.2139906268789361, -0.1368312126623117, -0.23570226039552158], [0.3414001765078781, -0.19453132044626784, -0.21532686105574914, 0.30229671151328025, 0.05739580844359883, -0.3297769780938015, 0.11084912190621875, 0.27253329951227007, -0.24874909601502332, -0.14616342582690953, 0.32218777813975197, -0.0164673742459624, -0.31343793562316286, 0.17425785119547657, 0.22493031690119097, -0.28317968364120855, -0.08354873807595078, -0.23570226039551803], [-0.3570875507651788, 0.0684961258435677, 0.3211869597798293, -0.1232344552763727, -0.2963724649678727, 0.17350049145060784, 0.26539468536713734, -0.21834967297733926, -0.22755642682834087, 0.2567421463321971, 0.1835466676264557, -0.28743337739039243, -0.1345516932118142, 0.30988378727206023, 0.08180319057453658, -0.3197257516111346, -0.028092956798087775, -0.23570226039551662], [0.3570875507651847, 0.06849612584354815, -0.3211869597798374, -0.12323445527638334, 0.29637246496786274, 0.17350049145060992, -0.2653946853671404, -0.2183496729773404, 0.22755642682833693, 0.256742146332193, -0.18354666762645494, -0.2874333773903893, 0.13455169321182403, 0.3098837872720577, -0.08180319057454379, -0.31972575161113514, 0.028092956798086852, -0.23570226039551292], [-0.34140017650788584, -0.19453132044624954, 0.215326861055765, 0.3022967115132837, -0.0573958084435743, -0.3297769780938003, -0.11084912190621615, 0.2725332995122618, 0.24874909601502812, -0.14616342582690686, -0.32218777813975236, -0.0164673742459623, 0.31343793562316574, 0.1742578511954709, -0.22493031690119805, -0.2831796836412079, 0.08354873807595252, -0.23570226039551345], [0.3111847638500166, 0.28972680505555815, -0.03875067144112586, -0.31635846024054814, -0.2278454978424006, 0.12394446696810409, 0.330175789732431, 0.15057028074746384, -0.20472649129790232, -0.31958819132303085, -0.05943753431346096, 0.2702432081460534, 0.2819102146740397, -0.03776923616318589, -0.311594124747849, -0.21399062687893544, 0.13683121266231582, -0.2357022603955128], [-0.26869513704571274, -0.3398778673415979, -0.15050635138556423, 0.15865253667361548, 0.33043556470990776, 0.2178180372972536, -0.08265592216291406, -0.3105304038081453, -0.2672134706560865, 0.009680862313074884, 0.27777537461681273, 0.30183456455881186, 0.06057264685186154, -0.23322183442872835, -0.3195306282304987, -0.1195523975906929, 0.1865476669895397, -0.23570226039551184], [0.21718260785515606, 0.3391775398060941, 0.29184785401540725, 0.08450092960876876, -0.16970137358213763, -0.32230851653778597, -0.28157257743791697, -0.07104514215392017, 0.18227416317558978, 0.32422314667315766, 0.26774676173453316, 0.04717214838827781, -0.20196949072388654, -0.3254030943580009, -0.2456241479376666, -0.009970332710295458, 0.23138663785335672, -0.23570226039551082], [-0.16073208765672, -0.291375620887017, -0.34325028548906156, -0.28348080882303, -0.12485699847984778, 0.07856200428771495, 0.25217424464451066, 0.3301800437430688, 0.2820321334679012, 0.1254657892421488, -0.07944928339597171, -0.2530320800387853, -0.32702313669831534, -0.2713246143507935, -0.10671095994875485, 0.1029977139105101, 0.27014374678676506, -0.23570226039551048], [0.10419925263932017, 0.20956172633265113, 0.296413205933147, 0.3398555332230619, 0.3249416419989278, 0.24984939848736973, 0.12645211939791723, -0.022010218180450028, -0.1658168219673452, -0.2751442948208466, -0.32665699401428144, -0.30872066681619054, -0.2242956487259677, -0.09050058173471799, 0.06441949054489808, 0.20715738901501698, 0.3017384611006693, -0.23570226039550987], [-0.05311281543883301, -0.11426061061861183, -0.1800633511327344, -0.24238207190725802, -0.2937094697548866, -0.32764046936982466, -0.33939047048230364, -0.32622311332170956, -0.2877418165844052, -0.2259518577482375, -0.14514749040085617, -0.05152532214358354, 0.04727474542552998, 0.1429169152624886, 0.22681280098810006, 0.2910940504016402, 0.325212206273144, -0.2357022603955105], [0.014826397837293621, 0.033083222255619917, 0.05513597714999703, 0.0801500852284881, 0.1073671284707945, 0.1360515655103597, 0.16546626114098503, 0.194874926438768, 0.22353840469402594, 0.25073582515844933, 0.27575455468993537, 0.2979288995417626, 0.3165925472436104, 0.3311608073054095, 0.3408980802503603, 0.34516963910507986, 0.33967791097579314, -0.23570226039551073]]

