[shined]
shined = [0, 1]

[amplitude]
pulse_type = AM
shape = rectangular
mu = 2141842.400881019
delta_t = 1.4999999999999999e-05
segnum = 10
amp_list0 = [-0.45381406530610047, 0.3524410499438186, 0.4726373553891201, 0.2618739707970702, -0.4846915481539543, -0.4814733010932354, 0.2307873106802788, 0.4969030137742891, 0.3492908748439889, -0.4511041512262786]
amp_list1 = [-0.45381406530610047, 0.3524410499438186, 0.4726373553891201, 0.2618739707970702, -0.4846915481539543, -0.4814733010932354, 0.2307873106802788, 0.4969030137742891, 0.3492908748439889, -0.4511041512262786]

