[shined]
shined = [0, 1]

[amplitude]
pulse_type = AM
shape = rectangular
mu = 2141842.400881019
delta_t = 1.4999999999999999e-05
segnum = 6
amp_list0 = [-0.7570882486731594, 0.7157248468175429, 0.736705296282921, -0.7367052962829225, -0.7157248468175412, 0.7570882486731604]
amp_list1 = [-0.7570882486731594, 0.7157248468175429, 0.736705296282921, -0.7367052962829225, -0.7157248468175412, 0.7570882486731604]

