[phonon]
partialpos = [0.e+00 5.e-06]
z_freqcal = [2103684.801762038, 2180000.0]
z_modes = [[-0.7071067811865475, 0.7071067811865475], [0.7071067811865475, 0.7071067811865475]]

