[phonon]
partialpos = [0.0e+00 5.0e-06 1.0e-05 1.5e-05 2.0e-05 2.5e-05 3.0e-05]
z_freqcal = [2026967.4724560108, 2046361.8732838463, 2073035.9612349418, 2104430.1134359455, 2137004.1412363215, 2165418.090757787, 2179999.9999999995]
z_modes = [[-0.09260897093502764, -0.19992041717513245, 0.3147584441657767, -0.41999065869908053, 0.4994933007273969, 0.5325783260723567, -0.37796447300922986], [0.3006318323582681, 0.505429578638863, -0.5085536731966422, 0.27800738510936945, 0.09020266068118038, 0.4089655668410178, -0.3779644730092307], [-0.49091056091968455, -0.45229721183472854, -0.06850881714286437, 0.49630609549970794, -0.3338505957671197, 0.22160210228327407, -0.3779644730092292], [0.565775398992892, -2.6957602816679582e-15, 0.5246080923474625, -1.7156415177410622e-15, -0.5116907312829172, -5.297845495633169e-15, -0.37796447300922775], [-0.4909105609196908, 0.4522972118347273, -0.06850881714285725, -0.49630609549970406, -0.33385059576712006, -0.2216021022832791, -0.3779644730092251], [0.30063183235826746, -0.5054295786388528, -0.5085536731966532, -0.27800738510937206, 0.09020266068118113, -0.40896556684102187, -0.377964473009225], [-0.09260897093502707, 0.19992041717512682, 0.3147584441657795, 0.41999065869907853, 0.4994933007274008, -0.5325783260723606, -0.37796447300922326]]

