python script
[[0.03891829192721616, 0.08615297061260357, 0.14149096754821375, -0.20108584414799482, -0.261082557907121, 0.3175946583309644, -0.36692867892046627, 0.4054014051578765, -0.4298323211311707, 0.43234879742352855, -0.30151134457774986], [-0.13530046243403926, -0.27145617467705513, -0.381305872309762, 0.4308442888651742, 0.4002489041761976, -0.28883514339227173, 0.11555542572472763, 0.08445270103255283, -0.2680266479092553, 0.3874619274352475, -0.30151134457774853], [0.251375087543486, 0.4157350070382964, 0.4061743130715393, -0.20474860857175314, 0.09727767077227287, -0.34688327703727373, 0.4118689964197012, -0.2551170357984772, -0.04271868925461508, 0.3159583855004966, -0.3015113445777517], [-0.35714659667217136, -0.42039935046219506, -0.1280764004028659, -0.27362262981719865, -0.41615893691946354, 0.16529270159889137, 0.2409439221109502, -0.4138564370349868, 0.1840962217322586, 0.2231506551765725, -0.301511344577759], [0.4303994924672914, 0.2632831193566272, -0.25078329191092963, 0.39641688381727885, -0.030138790991148783, 0.40994903079678835, -0.1926056144019572, -0.30357139119887955, 0.35064177881643527, 0.11542034431069388, -0.30151134457776496], [-0.4564916256635657, -1.316075627655598e-14, 0.42500056800761216, 1.1355148738028408e-15, 0.4197074217385323, 1.6473817689115276e-15, -0.4176681018658852, -1.694344926306202e-15, 0.4116793154926435, 1.436059324877034e-14, -0.3015113445777669], [0.43039949246729564, -0.2632831193566094, -0.2507832919109379, -0.39641688381728074, -0.030138790991146813, -0.40994903079678974, -0.19260561440196408, 0.30357139119887994, 0.35064177881643516, -0.11542034431066787, -0.301511344577769], [-0.3571465966721829, 0.4203993504621957, -0.12807640040285562, 0.2736226298171955, -0.4161589369194616, -0.1652927015988969, 0.2409439221109415, 0.4138564370349903, 0.18409622173226117, -0.22315065517655133, -0.30151134457777046], [0.25137508754349513, -0.4157350070383038, 0.4061743130715272, 0.2047486085717567, 0.0972776707722645, 0.3468832770372666, 0.41186899641969793, 0.2551170357984856, -0.04271868925460682, -0.3159583855004815, -0.3015113445777718], [-0.13530046243404376, 0.27145617467705985, -0.38130587230974977, -0.43084428886517295, 0.4002489041762011, 0.288835143392275, 0.11555542572472967, -0.08445270103255227, -0.26802664790924685, -0.3874619274352368, -0.3015113445777729], [0.038918291927217685, -0.08615297061260559, 0.14149096754820967, 0.20108584414799405, -0.26108255790712137, -0.3175946583309635, -0.366928678920465, -0.4054014051578843, -0.42983232113116004, -0.4323487974235177, -0.30151134457777456]]
----- N 11 segNum 36 -----
2022-04-14 22:27:56.656427: I tensorflow/compiler/jit/xla_cpu_device.cc:41] Not creating XLA devices, tf_xla_enable_xla_devices not set
2022-04-14 22:27:56.731197: I tensorflow/core/platform/cpu_feature_guard.cc:142] This TensorFlow binary is optimized with oneAPI Deep Neural Network Library (oneDNN) to use the following CPU instructions in performance-critical operations:  SSE4.1 SSE4.2 AVX AVX2 FMA
To enable them in other operations, rebuild TensorFlow with the appropriate compiler flags.
2022-04-14 22:27:56.779270: I tensorflow/core/common_runtime/process_util.cc:146] Creating new thread pool with default inter op setting: 2. Tune using inter_op_parallelism_threads for best performance.
detuning [-0.07786067674400866, -0.06938079314042558, -0.05711464365207823, -0.041536770507917736, -0.02324918657216476, -0.0030021253984281794, 0.018273332754501142, 0.03939845805860171, 0.05881393810781743, 0.07420331796536873, 0.08145514912873134]
tau 539.9999999999999
mode [[ 3.89182919e-02 -1.35300462e-01  2.51375088e-01 -3.57146597e-01
   4.30399492e-01 -4.56491626e-01  4.30399492e-01 -3.57146597e-01
   2.51375088e-01 -1.35300462e-01  3.89182919e-02]
 [ 8.61529706e-02 -2.71456175e-01  4.15735007e-01 -4.20399350e-01
   2.63283119e-01 -1.31607563e-14 -2.63283119e-01  4.20399350e-01
  -4.15735007e-01  2.71456175e-01 -8.61529706e-02]
 [ 1.41490968e-01 -3.81305872e-01  4.06174313e-01 -1.28076400e-01
  -2.50783292e-01  4.25000568e-01 -2.50783292e-01 -1.28076400e-01
   4.06174313e-01 -3.81305872e-01  1.41490968e-01]
 [-2.01085844e-01  4.30844289e-01 -2.04748609e-01 -2.73622630e-01
   3.96416884e-01  1.13551487e-15 -3.96416884e-01  2.73622630e-01
   2.04748609e-01 -4.30844289e-01  2.01085844e-01]
 [-2.61082558e-01  4.00248904e-01  9.72776708e-02 -4.16158937e-01
  -3.01387910e-02  4.19707422e-01 -3.01387910e-02 -4.16158937e-01
   9.72776708e-02  4.00248904e-01 -2.61082558e-01]
 [ 3.17594658e-01 -2.88835143e-01 -3.46883277e-01  1.65292702e-01
   4.09949031e-01  1.64738177e-15 -4.09949031e-01 -1.65292702e-01
   3.46883277e-01  2.88835143e-01 -3.17594658e-01]
 [-3.66928679e-01  1.15555426e-01  4.11868996e-01  2.40943922e-01
  -1.92605614e-01 -4.17668102e-01 -1.92605614e-01  2.40943922e-01
   4.11868996e-01  1.15555426e-01 -3.66928679e-01]
 [ 4.05401405e-01  8.44527010e-02 -2.55117036e-01 -4.13856437e-01
  -3.03571391e-01 -1.69434493e-15  3.03571391e-01  4.13856437e-01
   2.55117036e-01 -8.44527010e-02 -4.05401405e-01]
 [-4.29832321e-01 -2.68026648e-01 -4.27186893e-02  1.84096222e-01
   3.50641779e-01  4.11679315e-01  3.50641779e-01  1.84096222e-01
  -4.27186893e-02 -2.68026648e-01 -4.29832321e-01]
 [ 4.32348797e-01  3.87461927e-01  3.15958386e-01  2.23150655e-01
   1.15420344e-01  1.43605932e-14 -1.15420344e-01 -2.23150655e-01
  -3.15958386e-01 -3.87461927e-01 -4.32348797e-01]
 [-3.01511345e-01 -3.01511345e-01 -3.01511345e-01 -3.01511345e-01
  -3.01511345e-01 -3.01511345e-01 -3.01511345e-01 -3.01511345e-01
  -3.01511345e-01 -3.01511345e-01 -3.01511345e-01]]
k_list [0, 1, 2, 3, 4, 5, 6, 7, 8, 9, 10]
this ions should have laser shined:  [0 1]
>>>>>>>>>> P and G calculate time used is: 1172.155066728592 seconds
error: 0.00025116000266507937
constrain_error 6.101253496726411e-05
>>>>>>>>>> optimization time used is: 1130.9705805778503 seconds
alpha max are: [1, 1, 1, 1, 1, 1, 1, 1, 1, 1, 1]  for phonon cut-off in simulation
./calculation results/data/
segnum 36 (array([-0.05215783,  0.22938968, -0.43125376,  0.33516509,  0.14942894,
       -0.49665802,  0.15929648,  0.4828592 , -0.49718616, -0.16676297,
        0.49998564, -0.00734075, -0.49919177,  0.24044686,  0.30288895,
       -0.29176811, -0.09130132,  0.11832849,  0.15083801, -0.06071348,
       -0.32964323,  0.27242723,  0.29770216, -0.49980852, -0.04163187,
        0.49801147, -0.16906184, -0.37659156,  0.25390092,  0.33384971,
       -0.49706965,  0.02712194,  0.45328329, -0.48570803,  0.24053642,
       -0.05233282]), array([-0.05215783,  0.22938968, -0.43125376,  0.33516509,  0.14942894,
       -0.49665802,  0.15929648,  0.4828592 , -0.49718616, -0.16676297,
        0.49998564, -0.00734075, -0.49919177,  0.24044686,  0.30288895,
       -0.29176811, -0.09130132,  0.11832849,  0.15083801, -0.06071348,
       -0.32964323,  0.27242723,  0.29770216, -0.49980852, -0.04163187,
        0.49801147, -0.16906184, -0.37659156,  0.25390092,  0.33384971,
       -0.49706965,  0.02712194,  0.45328329, -0.48570803,  0.24053642,
       -0.05233282]))
test theta tf.Tensor(
[[0.36834371+0.j 0.39272959+0.j 0.        +0.j 0.        +0.j
  0.        +0.j 0.        +0.j 0.        +0.j 0.        +0.j
  0.        +0.j 0.        +0.j 0.        +0.j]
 [0.39272959+0.j 0.02724733+0.j 0.        +0.j 0.        +0.j
  0.        +0.j 0.        +0.j 0.        +0.j 0.        +0.j
  0.        +0.j 0.        +0.j 0.        +0.j]
 [0.        +0.j 0.        +0.j 0.        +0.j 0.        +0.j
  0.        +0.j 0.        +0.j 0.        +0.j 0.        +0.j
  0.        +0.j 0.        +0.j 0.        +0.j]
 [0.        +0.j 0.        +0.j 0.        +0.j 0.        +0.j
  0.        +0.j 0.        +0.j 0.        +0.j 0.        +0.j
  0.        +0.j 0.        +0.j 0.        +0.j]
 [0.        +0.j 0.        +0.j 0.        +0.j 0.        +0.j
  0.        +0.j 0.        +0.j 0.        +0.j 0.        +0.j
  0.        +0.j 0.        +0.j 0.        +0.j]
 [0.        +0.j 0.        +0.j 0.        +0.j 0.        +0.j
  0.        +0.j 0.        +0.j 0.        +0.j 0.        +0.j
  0.        +0.j 0.        +0.j 0.        +0.j]
 [0.        +0.j 0.        +0.j 0.        +0.j 0.        +0.j
  0.        +0.j 0.        +0.j 0.        +0.j 0.        +0.j
  0.        +0.j 0.        +0.j 0.        +0.j]
 [0.        +0.j 0.        +0.j 0.        +0.j 0.        +0.j
  0.        +0.j 0.        +0.j 0.        +0.j 0.        +0.j
  0.        +0.j 0.        +0.j 0.        +0.j]
 [0.        +0.j 0.        +0.j 0.        +0.j 0.        +0.j
  0.        +0.j 0.        +0.j 0.        +0.j 0.        +0.j
  0.        +0.j 0.        +0.j 0.        +0.j]
 [0.        +0.j 0.        +0.j 0.        +0.j 0.        +0.j
  0.        +0.j 0.        +0.j 0.        +0.j 0.        +0.j
  0.        +0.j 0.        +0.j 0.        +0.j]
 [0.        +0.j 0.        +0.j 0.        +0.j 0.        +0.j
  0.        +0.j 0.        +0.j 0.        +0.j 0.        +0.j
  0.        +0.j 0.        +0.j 0.        +0.j]], shape=(11, 11), dtype=complex128)
----- N 11 segNum 37 -----
detuning [-0.07786067674400866, -0.06938079314042558, -0.05711464365207823, -0.041536770507917736, -0.02324918657216476, -0.0030021253984281794, 0.018273332754501142, 0.03939845805860171, 0.05881393810781743, 0.07420331796536873, 0.08145514912873134]
tau 555.0
mode [[ 3.89182919e-02 -1.35300462e-01  2.51375088e-01 -3.57146597e-01
   4.30399492e-01 -4.56491626e-01  4.30399492e-01 -3.57146597e-01
   2.51375088e-01 -1.35300462e-01  3.89182919e-02]
 [ 8.61529706e-02 -2.71456175e-01  4.15735007e-01 -4.20399350e-01
   2.63283119e-01 -1.31607563e-14 -2.63283119e-01  4.20399350e-01
  -4.15735007e-01  2.71456175e-01 -8.61529706e-02]
 [ 1.41490968e-01 -3.81305872e-01  4.06174313e-01 -1.28076400e-01
  -2.50783292e-01  4.25000568e-01 -2.50783292e-01 -1.28076400e-01
   4.06174313e-01 -3.81305872e-01  1.41490968e-01]
 [-2.01085844e-01  4.30844289e-01 -2.04748609e-01 -2.73622630e-01
   3.96416884e-01  1.13551487e-15 -3.96416884e-01  2.73622630e-01
   2.04748609e-01 -4.30844289e-01  2.01085844e-01]
 [-2.61082558e-01  4.00248904e-01  9.72776708e-02 -4.16158937e-01
  -3.01387910e-02  4.19707422e-01 -3.01387910e-02 -4.16158937e-01
   9.72776708e-02  4.00248904e-01 -2.61082558e-01]
 [ 3.17594658e-01 -2.88835143e-01 -3.46883277e-01  1.65292702e-01
   4.09949031e-01  1.64738177e-15 -4.09949031e-01 -1.65292702e-01
   3.46883277e-01  2.88835143e-01 -3.17594658e-01]
 [-3.66928679e-01  1.15555426e-01  4.11868996e-01  2.40943922e-01
  -1.92605614e-01 -4.17668102e-01 -1.92605614e-01  2.40943922e-01
   4.11868996e-01  1.15555426e-01 -3.66928679e-01]
 [ 4.05401405e-01  8.44527010e-02 -2.55117036e-01 -4.13856437e-01
  -3.03571391e-01 -1.69434493e-15  3.03571391e-01  4.13856437e-01
   2.55117036e-01 -8.44527010e-02 -4.05401405e-01]
 [-4.29832321e-01 -2.68026648e-01 -4.27186893e-02  1.84096222e-01
   3.50641779e-01  4.11679315e-01  3.50641779e-01  1.84096222e-01
  -4.27186893e-02 -2.68026648e-01 -4.29832321e-01]
 [ 4.32348797e-01  3.87461927e-01  3.15958386e-01  2.23150655e-01
   1.15420344e-01  1.43605932e-14 -1.15420344e-01 -2.23150655e-01
  -3.15958386e-01 -3.87461927e-01 -4.32348797e-01]
 [-3.01511345e-01 -3.01511345e-01 -3.01511345e-01 -3.01511345e-01
  -3.01511345e-01 -3.01511345e-01 -3.01511345e-01 -3.01511345e-01
  -3.01511345e-01 -3.01511345e-01 -3.01511345e-01]]
k_list [0, 1, 2, 3, 4, 5, 6, 7, 8, 9, 10]
this ions should have laser shined:  [0 1]
>>>>>>>>>> P and G calculate time used is: 1373.8237161636353 seconds
error: 9.734879719591485e-05
constrain_error 3.099263912298422e-05
>>>>>>>>>> optimization time used is: 1228.1270632743835 seconds
alpha max are: [1, 1, 1, 1, 1, 1, 1, 1, 1, 1, 1]  for phonon cut-off in simulation
./calculation results/data/
segnum 37 (array([ 0.0309692 , -0.16906892,  0.39928997, -0.4490598 ,  0.04883209,
        0.5       , -0.48495798, -0.13810469,  0.45848011,  0.00504617,
       -0.43348796,  0.08768214,  0.38045437, -0.1415918 , -0.29628677,
        0.13050088,  0.22346004, -0.08272307, -0.14054053, -0.079874  ,
        0.22485076,  0.12805541, -0.29904035, -0.13995456,  0.38456401,
        0.08725997, -0.43912121,  0.00379114,  0.46648341, -0.1343961 ,
       -0.49975961,  0.49652526,  0.08666467, -0.5       ,  0.43417974,
       -0.18201239,  0.0330496 ]), array([ 0.0309692 , -0.16906892,  0.39928997, -0.4490598 ,  0.04883209,
        0.5       , -0.48495798, -0.13810469,  0.45848011,  0.00504617,
       -0.43348796,  0.08768214,  0.38045437, -0.1415918 , -0.29628677,
        0.13050088,  0.22346004, -0.08272307, -0.14054053, -0.079874  ,
        0.22485076,  0.12805541, -0.29904035, -0.13995456,  0.38456401,
        0.08725997, -0.43912121,  0.00379114,  0.46648341, -0.1343961 ,
       -0.49975961,  0.49652526,  0.08666467, -0.5       ,  0.43417974,
       -0.18201239,  0.0330496 ]))
test theta tf.Tensor(
[[0.3691267 +0.j 0.39271458+0.j 0.        +0.j 0.        +0.j
  0.        +0.j 0.        +0.j 0.        +0.j 0.        +0.j
  0.        +0.j 0.        +0.j 0.        +0.j]
 [0.39271458+0.j 0.03764896+0.j 0.        +0.j 0.        +0.j
  0.        +0.j 0.        +0.j 0.        +0.j 0.        +0.j
  0.        +0.j 0.        +0.j 0.        +0.j]
 [0.        +0.j 0.        +0.j 0.        +0.j 0.        +0.j
  0.        +0.j 0.        +0.j 0.        +0.j 0.        +0.j
  0.        +0.j 0.        +0.j 0.        +0.j]
 [0.        +0.j 0.        +0.j 0.        +0.j 0.        +0.j
  0.        +0.j 0.        +0.j 0.        +0.j 0.        +0.j
  0.        +0.j 0.        +0.j 0.        +0.j]
 [0.        +0.j 0.        +0.j 0.        +0.j 0.        +0.j
  0.        +0.j 0.        +0.j 0.        +0.j 0.        +0.j
  0.        +0.j 0.        +0.j 0.        +0.j]
 [0.        +0.j 0.        +0.j 0.        +0.j 0.        +0.j
  0.        +0.j 0.        +0.j 0.        +0.j 0.        +0.j
  0.        +0.j 0.        +0.j 0.        +0.j]
 [0.        +0.j 0.        +0.j 0.        +0.j 0.        +0.j
  0.        +0.j 0.        +0.j 0.        +0.j 0.        +0.j
  0.        +0.j 0.        +0.j 0.        +0.j]
 [0.        +0.j 0.        +0.j 0.        +0.j 0.        +0.j
  0.        +0.j 0.        +0.j 0.        +0.j 0.        +0.j
  0.        +0.j 0.        +0.j 0.        +0.j]
 [0.        +0.j 0.        +0.j 0.        +0.j 0.        +0.j
  0.        +0.j 0.        +0.j 0.        +0.j 0.        +0.j
  0.        +0.j 0.        +0.j 0.        +0.j]
 [0.        +0.j 0.        +0.j 0.        +0.j 0.        +0.j
  0.        +0.j 0.        +0.j 0.        +0.j 0.        +0.j
  0.        +0.j 0.        +0.j 0.        +0.j]
 [0.        +0.j 0.        +0.j 0.        +0.j 0.        +0.j
  0.        +0.j 0.        +0.j 0.        +0.j 0.        +0.j
  0.        +0.j 0.        +0.j 0.        +0.j]], shape=(11, 11), dtype=complex128)
----- N 11 segNum 38 -----
detuning [-0.07786067674400866, -0.06938079314042558, -0.05711464365207823, -0.041536770507917736, -0.02324918657216476, -0.0030021253984281794, 0.018273332754501142, 0.03939845805860171, 0.05881393810781743, 0.07420331796536873, 0.08145514912873134]
tau 570.0
mode [[ 3.89182919e-02 -1.35300462e-01  2.51375088e-01 -3.57146597e-01
   4.30399492e-01 -4.56491626e-01  4.30399492e-01 -3.57146597e-01
   2.51375088e-01 -1.35300462e-01  3.89182919e-02]
 [ 8.61529706e-02 -2.71456175e-01  4.15735007e-01 -4.20399350e-01
   2.63283119e-01 -1.31607563e-14 -2.63283119e-01  4.20399350e-01
  -4.15735007e-01  2.71456175e-01 -8.61529706e-02]
 [ 1.41490968e-01 -3.81305872e-01  4.06174313e-01 -1.28076400e-01
  -2.50783292e-01  4.25000568e-01 -2.50783292e-01 -1.28076400e-01
   4.06174313e-01 -3.81305872e-01  1.41490968e-01]
 [-2.01085844e-01  4.30844289e-01 -2.04748609e-01 -2.73622630e-01
   3.96416884e-01  1.13551487e-15 -3.96416884e-01  2.73622630e-01
   2.04748609e-01 -4.30844289e-01  2.01085844e-01]
 [-2.61082558e-01  4.00248904e-01  9.72776708e-02 -4.16158937e-01
  -3.01387910e-02  4.19707422e-01 -3.01387910e-02 -4.16158937e-01
   9.72776708e-02  4.00248904e-01 -2.61082558e-01]
 [ 3.17594658e-01 -2.88835143e-01 -3.46883277e-01  1.65292702e-01
   4.09949031e-01  1.64738177e-15 -4.09949031e-01 -1.65292702e-01
   3.46883277e-01  2.88835143e-01 -3.17594658e-01]
 [-3.66928679e-01  1.15555426e-01  4.11868996e-01  2.40943922e-01
  -1.92605614e-01 -4.17668102e-01 -1.92605614e-01  2.40943922e-01
   4.11868996e-01  1.15555426e-01 -3.66928679e-01]
 [ 4.05401405e-01  8.44527010e-02 -2.55117036e-01 -4.13856437e-01
  -3.03571391e-01 -1.69434493e-15  3.03571391e-01  4.13856437e-01
   2.55117036e-01 -8.44527010e-02 -4.05401405e-01]
 [-4.29832321e-01 -2.68026648e-01 -4.27186893e-02  1.84096222e-01
   3.50641779e-01  4.11679315e-01  3.50641779e-01  1.84096222e-01
  -4.27186893e-02 -2.68026648e-01 -4.29832321e-01]
 [ 4.32348797e-01  3.87461927e-01  3.15958386e-01  2.23150655e-01
   1.15420344e-01  1.43605932e-14 -1.15420344e-01 -2.23150655e-01
  -3.15958386e-01 -3.87461927e-01 -4.32348797e-01]
 [-3.01511345e-01 -3.01511345e-01 -3.01511345e-01 -3.01511345e-01
  -3.01511345e-01 -3.01511345e-01 -3.01511345e-01 -3.01511345e-01
  -3.01511345e-01 -3.01511345e-01 -3.01511345e-01]]
k_list [0, 1, 2, 3, 4, 5, 6, 7, 8, 9, 10]
this ions should have laser shined:  [0 1]
>>>>>>>>>> P and G calculate time used is: 1443.7393143177032 seconds
error: 5.646285827741634e-06
constrain_error 0.001401866371488092
----- N 11 segNum 39 -----
detuning [-0.07786067674400866, -0.06938079314042558, -0.05711464365207823, -0.041536770507917736, -0.02324918657216476, -0.0030021253984281794, 0.018273332754501142, 0.03939845805860171, 0.05881393810781743, 0.07420331796536873, 0.08145514912873134]
tau 584.9999999999999
mode [[ 3.89182919e-02 -1.35300462e-01  2.51375088e-01 -3.57146597e-01
   4.30399492e-01 -4.56491626e-01  4.30399492e-01 -3.57146597e-01
   2.51375088e-01 -1.35300462e-01  3.89182919e-02]
 [ 8.61529706e-02 -2.71456175e-01  4.15735007e-01 -4.20399350e-01
   2.63283119e-01 -1.31607563e-14 -2.63283119e-01  4.20399350e-01
  -4.15735007e-01  2.71456175e-01 -8.61529706e-02]
 [ 1.41490968e-01 -3.81305872e-01  4.06174313e-01 -1.28076400e-01
  -2.50783292e-01  4.25000568e-01 -2.50783292e-01 -1.28076400e-01
   4.06174313e-01 -3.81305872e-01  1.41490968e-01]
 [-2.01085844e-01  4.30844289e-01 -2.04748609e-01 -2.73622630e-01
   3.96416884e-01  1.13551487e-15 -3.96416884e-01  2.73622630e-01
   2.04748609e-01 -4.30844289e-01  2.01085844e-01]
 [-2.61082558e-01  4.00248904e-01  9.72776708e-02 -4.16158937e-01
  -3.01387910e-02  4.19707422e-01 -3.01387910e-02 -4.16158937e-01
   9.72776708e-02  4.00248904e-01 -2.61082558e-01]
 [ 3.17594658e-01 -2.88835143e-01 -3.46883277e-01  1.65292702e-01
   4.09949031e-01  1.64738177e-15 -4.09949031e-01 -1.65292702e-01
   3.46883277e-01  2.88835143e-01 -3.17594658e-01]
 [-3.66928679e-01  1.15555426e-01  4.11868996e-01  2.40943922e-01
  -1.92605614e-01 -4.17668102e-01 -1.92605614e-01  2.40943922e-01
   4.11868996e-01  1.15555426e-01 -3.66928679e-01]
 [ 4.05401405e-01  8.44527010e-02 -2.55117036e-01 -4.13856437e-01
  -3.03571391e-01 -1.69434493e-15  3.03571391e-01  4.13856437e-01
   2.55117036e-01 -8.44527010e-02 -4.05401405e-01]
 [-4.29832321e-01 -2.68026648e-01 -4.27186893e-02  1.84096222e-01
   3.50641779e-01  4.11679315e-01  3.50641779e-01  1.84096222e-01
  -4.27186893e-02 -2.68026648e-01 -4.29832321e-01]
 [ 4.32348797e-01  3.87461927e-01  3.15958386e-01  2.23150655e-01
   1.15420344e-01  1.43605932e-14 -1.15420344e-01 -2.23150655e-01
  -3.15958386e-01 -3.87461927e-01 -4.32348797e-01]
 [-3.01511345e-01 -3.01511345e-01 -3.01511345e-01 -3.01511345e-01
  -3.01511345e-01 -3.01511345e-01 -3.01511345e-01 -3.01511345e-01
  -3.01511345e-01 -3.01511345e-01 -3.01511345e-01]]
k_list [0, 1, 2, 3, 4, 5, 6, 7, 8, 9, 10]
this ions should have laser shined:  [0 1]
>>>>>>>>>> P and G calculate time used is: 1507.456280708313 seconds
error: 1.563854493199316e-06
constrain_error 0.0005619661663810449
>>>>>>>>>> optimization time used is: 1309.3822910785675 seconds
alpha max are: [1, 1, 1, 1, 1, 1, 1, 1, 1, 1, 1]  for phonon cut-off in simulation
./calculation results/data/
segnum 39 (array([-0.05494348,  0.21498823, -0.3515305 ,  0.19850036,  0.17357538,
       -0.25393522, -0.12102202,  0.32125845,  0.05789383, -0.35714805,
       -0.00596344,  0.35670248,  0.01716196, -0.427417  ,  0.07724577,
        0.33343287,  0.0173795 , -0.39279954, -0.02051274,  0.43238354,
       -0.02038792, -0.39265979,  0.01755749,  0.33200081,  0.07930084,
       -0.42851329,  0.01715401,  0.35656712, -0.00536031, -0.35703672,
        0.05623302,  0.32373818, -0.12290058, -0.253433  ,  0.17422131,
        0.19747024, -0.35076252,  0.21465789, -0.05487739]), array([-0.05494348,  0.21498823, -0.3515305 ,  0.19850036,  0.17357538,
       -0.25393522, -0.12102202,  0.32125845,  0.05789383, -0.35714805,
       -0.00596344,  0.35670248,  0.01716196, -0.427417  ,  0.07724577,
        0.33343287,  0.0173795 , -0.39279954, -0.02051274,  0.43238354,
       -0.02038792, -0.39265979,  0.01755749,  0.33200081,  0.07930084,
       -0.42851329,  0.01715401,  0.35656712, -0.00536031, -0.35703672,
        0.05623302,  0.32373818, -0.12290058, -0.253433  ,  0.17422131,
        0.19747024, -0.35076252,  0.21465789, -0.05487739]))
test theta tf.Tensor(
[[0.37052123+0.j 0.39298006+0.j 0.        +0.j 0.        +0.j
  0.        +0.j 0.        +0.j 0.        +0.j 0.        +0.j
  0.        +0.j 0.        +0.j 0.        +0.j]
 [0.39298006+0.j 0.05250461+0.j 0.        +0.j 0.        +0.j
  0.        +0.j 0.        +0.j 0.        +0.j 0.        +0.j
  0.        +0.j 0.        +0.j 0.        +0.j]
 [0.        +0.j 0.        +0.j 0.        +0.j 0.        +0.j
  0.        +0.j 0.        +0.j 0.        +0.j 0.        +0.j
  0.        +0.j 0.        +0.j 0.        +0.j]
 [0.        +0.j 0.        +0.j 0.        +0.j 0.        +0.j
  0.        +0.j 0.        +0.j 0.        +0.j 0.        +0.j
  0.        +0.j 0.        +0.j 0.        +0.j]
 [0.        +0.j 0.        +0.j 0.        +0.j 0.        +0.j
  0.        +0.j 0.        +0.j 0.        +0.j 0.        +0.j
  0.        +0.j 0.        +0.j 0.        +0.j]
 [0.        +0.j 0.        +0.j 0.        +0.j 0.        +0.j
  0.        +0.j 0.        +0.j 0.        +0.j 0.        +0.j
  0.        +0.j 0.        +0.j 0.        +0.j]
 [0.        +0.j 0.        +0.j 0.        +0.j 0.        +0.j
  0.        +0.j 0.        +0.j 0.        +0.j 0.        +0.j
  0.        +0.j 0.        +0.j 0.        +0.j]
 [0.        +0.j 0.        +0.j 0.        +0.j 0.        +0.j
  0.        +0.j 0.        +0.j 0.        +0.j 0.        +0.j
  0.        +0.j 0.        +0.j 0.        +0.j]
 [0.        +0.j 0.        +0.j 0.        +0.j 0.        +0.j
  0.        +0.j 0.        +0.j 0.        +0.j 0.        +0.j
  0.        +0.j 0.        +0.j 0.        +0.j]
 [0.        +0.j 0.        +0.j 0.        +0.j 0.        +0.j
  0.        +0.j 0.        +0.j 0.        +0.j 0.        +0.j
  0.        +0.j 0.        +0.j 0.        +0.j]
 [0.        +0.j 0.        +0.j 0.        +0.j 0.        +0.j
  0.        +0.j 0.        +0.j 0.        +0.j 0.        +0.j
  0.        +0.j 0.        +0.j 0.        +0.j]], shape=(11, 11), dtype=complex128)
----- break -----
[[0.0328519455647842, 0.07289616248154862, -0.1202115729513473, 0.1719111112658305, -0.22509780600822063, -0.27688774434257174, 0.3244013610628868, 0.3649501142855802, 0.3958152033488277, 0.41466127996389923, 0.414602203165794, -0.288675134594816], [-0.11508179734623336, -0.23513317383503518, 0.3405763190791494, -0.4040294467788402, 0.40661993614789205, 0.3416814659252833, -0.2164422458123433, -0.050798012685984245, 0.1258966236897207, 0.28073582086154397, 0.3777922348333693, -0.2886751345948169], [0.21679923458023073, 0.3777473528259521, -0.4113032412262629, 0.28328645717400974, -0.03740074835284719, 0.22323877913759096, -0.38324230511621327, -0.3687798132054245, -0.18407481036648232, 0.08881601287363665, 0.31885846299354964, -0.2886751345948138], [-0.3146487140198595, -0.41870794772241365, 0.22587250255444655, 0.13568051786967997, -0.38598778198773254, -0.32434050252837254, -0.00032077748365643837, -0.32295556920437785, -0.3776316150946963, -0.11594851008477866, 0.24163090012333918, -0.28867513459481087], [0.3908346632117695, 0.32603643189065495, 0.11080456171674283, -0.4025279829303766, 0.19242526758108708, -0.2565235403030905, 0.38165485933432, 0.026545594677555243, -0.3599735886914027, -0.28605793010901787, 0.15067088412294993, -0.2886751345948109], [-0.4323418488596732, -0.12283882564071004, -0.37025741594249023, 0.21567934339969563, 0.31077055496388706, 0.2928315421111543, 0.23533234411310922, 0.35103768613264896, -0.14632227395581404, -0.3822066735053018, 0.0511870470945876, -0.28867513459480815], [0.4323418488596592, -0.12283882564070196, 0.37025741594248035, 0.21567934339970904, -0.31077055496389067, 0.29283154211116336, -0.2353323441131153, 0.3510376861326533, 0.14632227395580982, -0.3822066735053042, -0.05118704709458793, -0.2886751345948099], [-0.39083466321175503, 0.3260364318906609, -0.110804561716736, -0.4025279829303906, -0.19242526758107545, -0.2565235403030957, -0.38165485933431703, 0.026545594677550775, 0.359973588691405, -0.28605793010901415, -0.15067088412295537, -0.28867513459481337], [0.31464871401985495, -0.41870794772243347, -0.22587250255443372, 0.13568051786968738, 0.3859877819877222, -0.324340502528368, 0.0003207774836630096, -0.3229555692043735, 0.3776316150946966, -0.11594851008477527, -0.24163090012334285, -0.28867513459481353], [-0.2167992345802275, 0.3777473528259696, 0.41130324122623785, 0.2832864571740249, 0.037400748352847304, 0.22323877913759535, 0.3832423051162167, -0.3687798132054177, 0.18407481036648032, 0.08881601287363962, -0.31885846299354914, -0.28867513459481303], [0.115081797346231, -0.23513317383504445, -0.3405763190791251, -0.4040294467788608, -0.40661993614788744, 0.34168146592528653, 0.2164422458123441, -0.05079801268598245, -0.12589662368972357, 0.2807358208615456, -0.37779223483336555, -0.288675134594814], [-0.03285194556478306, 0.07289616248155072, 0.12021157295133776, 0.1719111112658384, 0.22509780600821566, -0.2768877443425725, -0.32440136106288886, 0.3649501142855757, -0.3958152033488324, 0.414661279963903, -0.4146022031657914, -0.28867513459481425]]
----- N 12 segNum 39 -----
detuning [-0.07765022970974213, -0.0704575322109512, -0.05999426055503148, -0.04660376052100677, -0.03071851881106454, -0.012871935696570901, 0.006284791975927073, 0.025953395069473424, 0.04512948894270882, 0.06248814965220494, 0.07606333284425595, 0.08237707901979331]
tau 584.9999999999999
mode [[ 3.28519456e-02 -1.15081797e-01  2.16799235e-01 -3.14648714e-01
   3.90834663e-01 -4.32341849e-01  4.32341849e-01 -3.90834663e-01
   3.14648714e-01 -2.16799235e-01  1.15081797e-01 -3.28519456e-02]
 [ 7.28961625e-02 -2.35133174e-01  3.77747353e-01 -4.18707948e-01
   3.26036432e-01 -1.22838826e-01 -1.22838826e-01  3.26036432e-01
  -4.18707948e-01  3.77747353e-01 -2.35133174e-01  7.28961625e-02]
 [-1.20211573e-01  3.40576319e-01 -4.11303241e-01  2.25872503e-01
   1.10804562e-01 -3.70257416e-01  3.70257416e-01 -1.10804562e-01
  -2.25872503e-01  4.11303241e-01 -3.40576319e-01  1.20211573e-01]
 [ 1.71911111e-01 -4.04029447e-01  2.83286457e-01  1.35680518e-01
  -4.02527983e-01  2.15679343e-01  2.15679343e-01 -4.02527983e-01
   1.35680518e-01  2.83286457e-01 -4.04029447e-01  1.71911111e-01]
 [-2.25097806e-01  4.06619936e-01 -3.74007484e-02 -3.85987782e-01
   1.92425268e-01  3.10770555e-01 -3.10770555e-01 -1.92425268e-01
   3.85987782e-01  3.74007484e-02 -4.06619936e-01  2.25097806e-01]
 [-2.76887744e-01  3.41681466e-01  2.23238779e-01 -3.24340503e-01
  -2.56523540e-01  2.92831542e-01  2.92831542e-01 -2.56523540e-01
  -3.24340503e-01  2.23238779e-01  3.41681466e-01 -2.76887744e-01]
 [ 3.24401361e-01 -2.16442246e-01 -3.83242305e-01 -3.20777484e-04
   3.81654859e-01  2.35332344e-01 -2.35332344e-01 -3.81654859e-01
   3.20777484e-04  3.83242305e-01  2.16442246e-01 -3.24401361e-01]
 [ 3.64950114e-01 -5.07980127e-02 -3.68779813e-01 -3.22955569e-01
   2.65455947e-02  3.51037686e-01  3.51037686e-01  2.65455947e-02
  -3.22955569e-01 -3.68779813e-01 -5.07980127e-02  3.64950114e-01]
 [ 3.95815203e-01  1.25896624e-01 -1.84074810e-01 -3.77631615e-01
  -3.59973589e-01 -1.46322274e-01  1.46322274e-01  3.59973589e-01
   3.77631615e-01  1.84074810e-01 -1.25896624e-01 -3.95815203e-01]
 [ 4.14661280e-01  2.80735821e-01  8.88160129e-02 -1.15948510e-01
  -2.86057930e-01 -3.82206674e-01 -3.82206674e-01 -2.86057930e-01
  -1.15948510e-01  8.88160129e-02  2.80735821e-01  4.14661280e-01]
 [ 4.14602203e-01  3.77792235e-01  3.18858463e-01  2.41630900e-01
   1.50670884e-01  5.11870471e-02 -5.11870471e-02 -1.50670884e-01
  -2.41630900e-01 -3.18858463e-01 -3.77792235e-01 -4.14602203e-01]
 [-2.88675135e-01 -2.88675135e-01 -2.88675135e-01 -2.88675135e-01
  -2.88675135e-01 -2.88675135e-01 -2.88675135e-01 -2.88675135e-01
  -2.88675135e-01 -2.88675135e-01 -2.88675135e-01 -2.88675135e-01]]
k_list [0, 1, 2, 3, 4, 5, 6, 7, 8, 9, 10, 11]
this ions should have laser shined:  [0 1]
>>>>>>>>>> P and G calculate time used is: 1984.6003561019897 seconds
error: 0.00020123724113244506
constrain_error 0.0004711697744403942
>>>>>>>>>> optimization time used is: 1538.7335269451141 seconds
alpha max are: [1, 1, 1, 1, 1, 1, 1, 1, 1, 1, 1, 1]  for phonon cut-off in simulation
./calculation results/data/
segnum 39 (array([-0.05007731,  0.22525659, -0.41643321,  0.28678059,  0.20871713,
       -0.47706687,  0.08508959,  0.37502002, -0.14852497, -0.32042725,
        0.15419326,  0.29615501, -0.13630703, -0.28878242,  0.10618232,
        0.28949454, -0.06856058, -0.29251738,  0.0265521 ,  0.29436508,
        0.01642671, -0.29499596, -0.05879401,  0.29438514,  0.09702269,
       -0.29603387, -0.12784892,  0.30579076,  0.14612128, -0.33279319,
       -0.13958654,  0.39135865,  0.0705755 , -0.5       ,  0.25867227,
        0.24666926, -0.40109695,  0.22370652, -0.05057558]), array([-0.05007731,  0.22525659, -0.41643321,  0.28678059,  0.20871713,
       -0.47706687,  0.08508959,  0.37502002, -0.14852497, -0.32042725,
        0.15419326,  0.29615501, -0.13630703, -0.28878242,  0.10618232,
        0.28949454, -0.06856058, -0.29251738,  0.0265521 ,  0.29436508,
        0.01642671, -0.29499596, -0.05879401,  0.29438514,  0.09702269,
       -0.29603387, -0.12784892,  0.30579076,  0.14612128, -0.33279319,
       -0.13958654,  0.39135865,  0.0705755 , -0.5       ,  0.25867227,
        0.24666926, -0.40109695,  0.22370652, -0.05057558]))
test theta tf.Tensor(
[[0.3792653 +0.j 0.39293467+0.j 0.        +0.j 0.        +0.j
  0.        +0.j 0.        +0.j 0.        +0.j 0.        +0.j
  0.        +0.j 0.        +0.j 0.        +0.j 0.        +0.j]
 [0.39293467+0.j 0.06725196+0.j 0.        +0.j 0.        +0.j
  0.        +0.j 0.        +0.j 0.        +0.j 0.        +0.j
  0.        +0.j 0.        +0.j 0.        +0.j 0.        +0.j]
 [0.        +0.j 0.        +0.j 0.        +0.j 0.        +0.j
  0.        +0.j 0.        +0.j 0.        +0.j 0.        +0.j
  0.        +0.j 0.        +0.j 0.        +0.j 0.        +0.j]
 [0.        +0.j 0.        +0.j 0.        +0.j 0.        +0.j
  0.        +0.j 0.        +0.j 0.        +0.j 0.        +0.j
  0.        +0.j 0.        +0.j 0.        +0.j 0.        +0.j]
 [0.        +0.j 0.        +0.j 0.        +0.j 0.        +0.j
  0.        +0.j 0.        +0.j 0.        +0.j 0.        +0.j
  0.        +0.j 0.        +0.j 0.        +0.j 0.        +0.j]
 [0.        +0.j 0.        +0.j 0.        +0.j 0.        +0.j
  0.        +0.j 0.        +0.j 0.        +0.j 0.        +0.j
  0.        +0.j 0.        +0.j 0.        +0.j 0.        +0.j]
 [0.        +0.j 0.        +0.j 0.        +0.j 0.        +0.j
  0.        +0.j 0.        +0.j 0.        +0.j 0.        +0.j
  0.        +0.j 0.        +0.j 0.        +0.j 0.        +0.j]
 [0.        +0.j 0.        +0.j 0.        +0.j 0.        +0.j
  0.        +0.j 0.        +0.j 0.        +0.j 0.        +0.j
  0.        +0.j 0.        +0.j 0.        +0.j 0.        +0.j]
 [0.        +0.j 0.        +0.j 0.        +0.j 0.        +0.j
  0.        +0.j 0.        +0.j 0.        +0.j 0.        +0.j
  0.        +0.j 0.        +0.j 0.        +0.j 0.        +0.j]
 [0.        +0.j 0.        +0.j 0.        +0.j 0.        +0.j
  0.        +0.j 0.        +0.j 0.        +0.j 0.        +0.j
  0.        +0.j 0.        +0.j 0.        +0.j 0.        +0.j]
 [0.        +0.j 0.        +0.j 0.        +0.j 0.        +0.j
  0.        +0.j 0.        +0.j 0.        +0.j 0.        +0.j
  0.        +0.j 0.        +0.j 0.        +0.j 0.        +0.j]
 [0.        +0.j 0.        +0.j 0.        +0.j 0.        +0.j
  0.        +0.j 0.        +0.j 0.        +0.j 0.        +0.j
  0.        +0.j 0.        +0.j 0.        +0.j 0.        +0.j]], shape=(12, 12), dtype=complex128)
----- N 12 segNum 40 -----
detuning [-0.07765022970974213, -0.0704575322109512, -0.05999426055503148, -0.04660376052100677, -0.03071851881106454, -0.012871935696570901, 0.006284791975927073, 0.025953395069473424, 0.04512948894270882, 0.06248814965220494, 0.07606333284425595, 0.08237707901979331]
tau 600.0
mode [[ 3.28519456e-02 -1.15081797e-01  2.16799235e-01 -3.14648714e-01
   3.90834663e-01 -4.32341849e-01  4.32341849e-01 -3.90834663e-01
   3.14648714e-01 -2.16799235e-01  1.15081797e-01 -3.28519456e-02]
 [ 7.28961625e-02 -2.35133174e-01  3.77747353e-01 -4.18707948e-01
   3.26036432e-01 -1.22838826e-01 -1.22838826e-01  3.26036432e-01
  -4.18707948e-01  3.77747353e-01 -2.35133174e-01  7.28961625e-02]
 [-1.20211573e-01  3.40576319e-01 -4.11303241e-01  2.25872503e-01
   1.10804562e-01 -3.70257416e-01  3.70257416e-01 -1.10804562e-01
  -2.25872503e-01  4.11303241e-01 -3.40576319e-01  1.20211573e-01]
 [ 1.71911111e-01 -4.04029447e-01  2.83286457e-01  1.35680518e-01
  -4.02527983e-01  2.15679343e-01  2.15679343e-01 -4.02527983e-01
   1.35680518e-01  2.83286457e-01 -4.04029447e-01  1.71911111e-01]
 [-2.25097806e-01  4.06619936e-01 -3.74007484e-02 -3.85987782e-01
   1.92425268e-01  3.10770555e-01 -3.10770555e-01 -1.92425268e-01
   3.85987782e-01  3.74007484e-02 -4.06619936e-01  2.25097806e-01]
 [-2.76887744e-01  3.41681466e-01  2.23238779e-01 -3.24340503e-01
  -2.56523540e-01  2.92831542e-01  2.92831542e-01 -2.56523540e-01
  -3.24340503e-01  2.23238779e-01  3.41681466e-01 -2.76887744e-01]
 [ 3.24401361e-01 -2.16442246e-01 -3.83242305e-01 -3.20777484e-04
   3.81654859e-01  2.35332344e-01 -2.35332344e-01 -3.81654859e-01
   3.20777484e-04  3.83242305e-01  2.16442246e-01 -3.24401361e-01]
 [ 3.64950114e-01 -5.07980127e-02 -3.68779813e-01 -3.22955569e-01
   2.65455947e-02  3.51037686e-01  3.51037686e-01  2.65455947e-02
  -3.22955569e-01 -3.68779813e-01 -5.07980127e-02  3.64950114e-01]
 [ 3.95815203e-01  1.25896624e-01 -1.84074810e-01 -3.77631615e-01
  -3.59973589e-01 -1.46322274e-01  1.46322274e-01  3.59973589e-01
   3.77631615e-01  1.84074810e-01 -1.25896624e-01 -3.95815203e-01]
 [ 4.14661280e-01  2.80735821e-01  8.88160129e-02 -1.15948510e-01
  -2.86057930e-01 -3.82206674e-01 -3.82206674e-01 -2.86057930e-01
  -1.15948510e-01  8.88160129e-02  2.80735821e-01  4.14661280e-01]
 [ 4.14602203e-01  3.77792235e-01  3.18858463e-01  2.41630900e-01
   1.50670884e-01  5.11870471e-02 -5.11870471e-02 -1.50670884e-01
  -2.41630900e-01 -3.18858463e-01 -3.77792235e-01 -4.14602203e-01]
 [-2.88675135e-01 -2.88675135e-01 -2.88675135e-01 -2.88675135e-01
  -2.88675135e-01 -2.88675135e-01 -2.88675135e-01 -2.88675135e-01
  -2.88675135e-01 -2.88675135e-01 -2.88675135e-01 -2.88675135e-01]]
k_list [0, 1, 2, 3, 4, 5, 6, 7, 8, 9, 10, 11]
this ions should have laser shined:  [0 1]
>>>>>>>>>> P and G calculate time used is: 2090.726889371872 seconds
error: 0.00044648219416566396
constrain_error 8.130621967961105e-05
>>>>>>>>>> optimization time used is: 1618.916546344757 seconds
alpha max are: [1, 1, 1, 1, 1, 1, 1, 1, 1, 1, 1, 1]  for phonon cut-off in simulation
./calculation results/data/
segnum 40 (array([ 0.07045019, -0.29645644,  0.5       , -0.28388687, -0.27075662,
        0.4115924 ,  0.13693719, -0.5       ,  0.05152879,  0.4269403 ,
       -0.15131964, -0.26024589,  0.1032354 ,  0.08929072,  0.13305042,
       -0.14881566, -0.22504795,  0.15125765,  0.39030544, -0.33480639,
       -0.31683376,  0.40591235,  0.12900394, -0.24045537, -0.12076113,
        0.15015816,  0.05327772,  0.08183609, -0.21379696, -0.1218874 ,
        0.36602379, -0.00819089, -0.34701548,  0.12140498,  0.18638995,
        0.01803928, -0.43061862,  0.5       , -0.26058397,  0.05734264]), array([ 0.07045019, -0.29645644,  0.5       , -0.28388687, -0.27075662,
        0.4115924 ,  0.13693719, -0.5       ,  0.05152879,  0.4269403 ,
       -0.15131964, -0.26024589,  0.1032354 ,  0.08929072,  0.13305042,
       -0.14881566, -0.22504795,  0.15125765,  0.39030544, -0.33480639,
       -0.31683376,  0.40591235,  0.12900394, -0.24045537, -0.12076113,
        0.15015816,  0.05327772,  0.08183609, -0.21379696, -0.1218874 ,
        0.36602379, -0.00819089, -0.34701548,  0.12140498,  0.18638995,
        0.01803928, -0.43061862,  0.5       , -0.26058397,  0.05734264]))
test theta tf.Tensor(
[[0.37912931+0.j 0.39273973+0.j 0.        +0.j 0.        +0.j
  0.        +0.j 0.        +0.j 0.        +0.j 0.        +0.j
  0.        +0.j 0.        +0.j 0.        +0.j 0.        +0.j]
 [0.39273973+0.j 0.06832561+0.j 0.        +0.j 0.        +0.j
  0.        +0.j 0.        +0.j 0.        +0.j 0.        +0.j
  0.        +0.j 0.        +0.j 0.        +0.j 0.        +0.j]
 [0.        +0.j 0.        +0.j 0.        +0.j 0.        +0.j
  0.        +0.j 0.        +0.j 0.        +0.j 0.        +0.j
  0.        +0.j 0.        +0.j 0.        +0.j 0.        +0.j]
 [0.        +0.j 0.        +0.j 0.        +0.j 0.        +0.j
  0.        +0.j 0.        +0.j 0.        +0.j 0.        +0.j
  0.        +0.j 0.        +0.j 0.        +0.j 0.        +0.j]
 [0.        +0.j 0.        +0.j 0.        +0.j 0.        +0.j
  0.        +0.j 0.        +0.j 0.        +0.j 0.        +0.j
  0.        +0.j 0.        +0.j 0.        +0.j 0.        +0.j]
 [0.        +0.j 0.        +0.j 0.        +0.j 0.        +0.j
  0.        +0.j 0.        +0.j 0.        +0.j 0.        +0.j
  0.        +0.j 0.        +0.j 0.        +0.j 0.        +0.j]
 [0.        +0.j 0.        +0.j 0.        +0.j 0.        +0.j
  0.        +0.j 0.        +0.j 0.        +0.j 0.        +0.j
  0.        +0.j 0.        +0.j 0.        +0.j 0.        +0.j]
 [0.        +0.j 0.        +0.j 0.        +0.j 0.        +0.j
  0.        +0.j 0.        +0.j 0.        +0.j 0.        +0.j
  0.        +0.j 0.        +0.j 0.        +0.j 0.        +0.j]
 [0.        +0.j 0.        +0.j 0.        +0.j 0.        +0.j
  0.        +0.j 0.        +0.j 0.        +0.j 0.        +0.j
  0.        +0.j 0.        +0.j 0.        +0.j 0.        +0.j]
 [0.        +0.j 0.        +0.j 0.        +0.j 0.        +0.j
  0.        +0.j 0.        +0.j 0.        +0.j 0.        +0.j
  0.        +0.j 0.        +0.j 0.        +0.j 0.        +0.j]
 [0.        +0.j 0.        +0.j 0.        +0.j 0.        +0.j
  0.        +0.j 0.        +0.j 0.        +0.j 0.        +0.j
  0.        +0.j 0.        +0.j 0.        +0.j 0.        +0.j]
 [0.        +0.j 0.        +0.j 0.        +0.j 0.        +0.j
  0.        +0.j 0.        +0.j 0.        +0.j 0.        +0.j
  0.        +0.j 0.        +0.j 0.        +0.j 0.        +0.j]], shape=(12, 12), dtype=complex128)
----- N 12 segNum 41 -----
detuning [-0.07765022970974213, -0.0704575322109512, -0.05999426055503148, -0.04660376052100677, -0.03071851881106454, -0.012871935696570901, 0.006284791975927073, 0.025953395069473424, 0.04512948894270882, 0.06248814965220494, 0.07606333284425595, 0.08237707901979331]
tau 615.0
mode [[ 3.28519456e-02 -1.15081797e-01  2.16799235e-01 -3.14648714e-01
   3.90834663e-01 -4.32341849e-01  4.32341849e-01 -3.90834663e-01
   3.14648714e-01 -2.16799235e-01  1.15081797e-01 -3.28519456e-02]
 [ 7.28961625e-02 -2.35133174e-01  3.77747353e-01 -4.18707948e-01
   3.26036432e-01 -1.22838826e-01 -1.22838826e-01  3.26036432e-01
