[shined]
shined = [0, 1]

[amplitude]
pulse_type = AM
shape = rectangular
mu = 2083254.8404017566
delta_t = 1.4999999999999999e-05
segnum = 36
amp_list0 = [-0.03367930520354774, 0.12474770153662472, -0.13567115907382554, -0.050450925235299995, 0.13980135046818415, 0.10943394049956423, -0.20974122535983464, -0.14023794085311378, 0.2137149902230269, 0.2120427164059092, -0.176582276722739, -0.29037436765804353, 0.09088188020545185, 0.3438046724876908, 0.033738298566102956, -0.34547204275927734, -0.17041819385448595, 0.2841613742074373, 0.2839807965561009, -0.17064985110462477, -0.34537129053001814, 0.03397594995742751, 0.34379038473949397, 0.09068008763668467, -0.29043106706275423, -0.17643846438289937, 0.21214043706032806, 0.21362726170289043, -0.14034240687686417, -0.20969288761270177, 0.10951909333236585, 0.13977383836049206, -0.05050456440731492, -0.13565187119804561, 0.12476995764976594, -0.03369197715052579]
amp_list1 = [-0.03367930520354774, 0.12474770153662472, -0.13567115907382554, -0.050450925235299995, 0.13980135046818415, 0.10943394049956423, -0.20974122535983464, -0.14023794085311378, 0.2137149902230269, 0.2120427164059092, -0.176582276722739, -0.29037436765804353, 0.09088188020545185, 0.3438046724876908, 0.033738298566102956, -0.34547204275927734, -0.17041819385448595, 0.2841613742074373, 0.2839807965561009, -0.17064985110462477, -0.34537129053001814, 0.03397594995742751, 0.34379038473949397, 0.09068008763668467, -0.29043106706275423, -0.17643846438289937, 0.21214043706032806, 0.21362726170289043, -0.14034240687686417, -0.20969288761270177, 0.10951909333236585, 0.13977383836049206, -0.05050456440731492, -0.13565187119804561, 0.12476995764976594, -0.03369197715052579]

