[phonon]
partialpos = [0.0e+00 5.0e-06 1.0e-05 1.5e-05 2.0e-05 2.5e-05 3.0e-05 3.5e-05 4.0e-05
	 4.5e-05 5.0e-05 5.5e-05 6.0e-05 6.5e-05 7.0e-05 7.5e-05 8.0e-05]
z_freqcal = [2018062.9055852005, 2021743.9124992213, 2027182.5116789634, 2034285.0275733673, 2042936.1381158677, 2052996.6372674226, 2064301.9326707935, 2076660.171064877, 2089849.5097386362, 2103613.7786750915, 2117655.839283742, 2131626.5132060195, 2145106.984667134, 2157575.6428445447, 2168348.157996605, 2176412.601698022, 2179999.9999999995]
z_modes = [[0.01659359811366744, -0.03701108444910633, 0.06162919231139026, -0.08946267011442692, 0.1196024709155637, -0.15115441507544908, 0.1832257734262372, 0.2149170674916152, -0.24534386723974125, 0.2736291243662361, 0.2989467880927517, -0.32047643251769, -0.33749277507443276, -0.3491266531579584, 0.3546298945627752, -0.34945979130927896, -0.24253562503633752], [-0.0593136047662216, 0.12698399262092716, -0.19855966188775415, 0.2642805045329641, -0.3152914976488629, 0.3443325714593058, -0.3464096872218934, -0.31933168268323253, 0.263965383995366, -0.18423339362288818, -0.08673402103074934, -0.019805725378674147, -0.12546312107912672, -0.2197875370664875, 0.2930571933175622, -0.3329451391377033, -0.2425356250363361], [0.11590788490797144, -0.23002235786723568, 0.31810407403955293, -0.35173307981952534, 0.31626211853144964, -0.21438585969806573, 0.06578303960315826, -0.09736247932418632, 0.23795817872835076, -0.3230300843647241, -0.33184340678441304, 0.2613472401257021, 0.12719906157807656, -0.03920761785359622, 0.19818867841042315, -0.30617765039184325, -0.24253562503633955], [-0.17775294383215265, 0.31353937465372683, -0.3504482993280801, 0.25782754089261334, -0.0640337630780261, -0.15507020834529914, 0.3088094494952493, 0.3316443423093937, -0.21291443547641578, 0.002862233383280583, -0.20799935955536497, 0.3278182080754532, 0.3032731676819161, 0.14381012220005251, 0.08204783658519609, -0.2702387078565562, -0.24253562503633672], [0.23829069187805924, -0.3540794332657675, 0.2687108098596146, -0.018177592389550058, -0.24166600649880693, 0.3406455653170529, -0.21199360338321974, 0.058851612620084266, -0.28950323381462667, 0.32349499678723553, 0.13740151947493245, 0.1420585923636536, 0.3231933744901756, 0.28061425020794334, -0.041225157211844755, -0.22631924921325666, -0.24253562503633413], [-0.29181159183836064, 0.3382981491309083, -0.09364684328590842, -0.2318135702410543, 0.33549530568879504, -0.11874988856467461, -0.21110671288119023, -0.33657209261914406, 0.13631396133818668, 0.19575760768685926, 0.3373491033114274, -0.1506726733981233, 0.18208089414676615, 0.3354341451185145, -0.15681270440516773, -0.17577019142880232, -0.24253562503633183], [0.3336296312813436, -0.2651341893792713, -0.11481150168145192, 0.342575051403544, -0.1322784058378062, -0.24612411361601, 0.3065492119332689, -0.02835317534927382, 0.3258591593247898, -0.20142361735879483, 0.1836514411325181, -0.33018828926556126, -0.04855826142724949, 0.29486629112091944, -0.25089064254038157, -0.12009706193310846, -0.24253562503632992], [-0.3601935905471318, 0.14551288439109886, 0.2814005016265109, -0.24603947496407955, -0.18859075331313246, 0.31282797217179453, 0.07491568485795397, 0.3388544229888578, -0.04693759145813594, -0.32138295481337953, -0.16171364808452626, -0.26311257559159174, -0.25539863756727876, 0.17140267585270139, -0.31223239420100146, -0.060932821326912606, -0.2425356250363301], [0.36929984960563744, 4.28914119658033e-15, -0.3447565433077584, 1.1762458366995597e-15, 0.34100106248164463, 6.957441285578874e-15, -0.339546311659126, 1.079521426645515e-14, -0.3387951107955414, 7.14818568434396e-16, -0.3381168331131567, 4.260620259578013e-15, -0.337667405497721, -2.218286877109492e-15, -0.3335254090351338, 5.755102429150584e-16, -0.24253562503633083], [-0.3601935905470978, -0.1455128843911096, 0.281400501626522, 0.2460394749640823, -0.1885907533131371, -0.31282797217180647, 0.07491568485794504, -0.33885442298886403, -0.04693759145814254, 0.32138295481338097, -0.16171364808451683, 0.26311257559159723, -0.25539863756727665, -0.17140267585270527, -0.3122323942010041, 0.06093282132691274, -0.24253562503633058], [0.33362963128129663, 0.26513418937929245, -0.11481150168148112, -0.3425750514035605, -0.13227840583779474, 0.24612411361601713, 0.30654921193327, 0.028353175349263376, 0.32585915932478987, 0.20142361735878833, 0.18365144113253032, 0.33018828926555743, -0.04855826142724328, -0.2948662911209215, -0.2508906425403837, 0.12009706193310905, -0.24253562503633094], [-0.29181159183831856, -0.3382981491309444, -0.09364684328586274, 0.2318135702410852, 0.3354953056887847, 0.1187498885646715, -0.21110671288118518, 0.3365720926191478, 0.1363139613381898, -0.19575760768686504, 0.3373491033114281, 0.15067267339811022, 0.18208089414677456, -0.3354341451185118, -0.15681270440516687, 0.17577019142880368, -0.24253562503633147], [0.23829069187802748, 0.3540794332658178, 0.268710809859571, 0.018177592389520627, -0.241666006498811, -0.34064556531705864, -0.21199360338322057, -0.05885161262007693, -0.28950323381462695, -0.32349499678723254, 0.13740151947491888, -0.14205859236366686, 0.32319337449018254, -0.28061425020793834, -0.04122515721184211, 0.22631924921325872, -0.24253562503633164], [-0.17775294383213278, -0.3135393746537841, -0.3504482993280527, -0.2578275408925998, -0.06403376307800888, 0.1550702083453058, 0.3088094494952415, -0.33164434230939527, -0.21291443547641828, -0.0028622333832742717, -0.20799935955537402, -0.32781820807545353, 0.3032731676819163, -0.14381012220004868, 0.08204783658519683, 0.27023870785655835, -0.24253562503633122], [0.11590788490796092, 0.2300223578672857, 0.3181040740395439, 0.35173307981953117, 0.3162621185314339, 0.21438585969806784, 0.06578303960316445, 0.09736247932417832, 0.23795817872835096, 0.3230300843647256, -0.33184340678441016, -0.26134724012569205, 0.1271990615780707, 0.03920761785359769, 0.19818867841042268, 0.3061776503918453, -0.2425356250363322], [-0.059313604766216346, -0.12698399262095522, -0.19855966188774915, -0.26428050453296886, -0.3152914976488458, -0.34433257145930213, -0.3464096872218821, 0.31933168268323686, 0.2639653839953766, 0.1842333936228939, -0.08673402103074941, 0.019805725378677197, -0.12546312107912963, 0.21978753706648446, 0.293057193317564, 0.3329451391377122, -0.2425356250363328], [0.0165935981136663, 0.03701108444911486, 0.06162919231138858, 0.08946267011442767, 0.11960247091555591, 0.1511544150754461, 0.18322577342623017, -0.21491706749161757, -0.24534386723975, -0.2736291243662433, 0.2989467880927561, 0.3204764325176886, -0.3374927750744326, 0.34912665315794916, 0.35462989456277416, 0.3494597913092858, -0.24253562503633277]]

