[result]
infid = 7.221518686184591e-05
tracedist = 0.0033448587512666856
infid_ideal = 0.3791299694303579

