[shined]
shined = [1, 3]

[amplitude]
pulse_type = AM
shape = rectangular
mu = 2092083.5354434014
delta_t = 1.4999999999999999e-05
segnum = 18
amp_list0 = [0.5730250103687432, -0.7746210585808135, -0.06022404162216422, 0.88993912564293, -0.18464207986216713, -0.8807548007304975, 0.4139674308014012, 0.8215699926466631, -0.5341579032685041, -0.5854498646527488, 0.7851261903301163, 0.49171368718250025, -0.8323000105637053, -0.26549728012972484, 0.872730017116051, 0.008864032233072831, -0.8039007156723562, 0.525435097863865]
amp_list1 = [0.5730250103687432, -0.7746210585808135, -0.06022404162216422, 0.88993912564293, -0.18464207986216713, -0.8807548007304975, 0.4139674308014012, 0.8215699926466631, -0.5341579032685041, -0.5854498646527488, 0.7851261903301163, 0.49171368718250025, -0.8323000105637053, -0.26549728012972484, 0.872730017116051, 0.008864032233072831, -0.8039007156723562, 0.525435097863865]

