[result]
infid = 0.013826891946606468
tracedist = 0.029902479796192188
infid_ideal = -5.240211640389347e-06
bound_eq26 = 0.0566795788389724

