-------- N 10 segNum 36 --------
init
Z_freq [2.02161032 2.03174945 2.04630852 2.0646114  2.08579167 2.10875364
 2.13209655 2.15395903 2.1715716  2.18      ]
detuning [-0.07803489589483048, -0.0678957710976924, -0.053336699964738, -0.03503381584309073, -0.013853550911083534, 0.009108424675877469, 0.032451331160158414, 0.05431381218583553, 0.07192638301245635, 0.08035478267711094]
tau 539.9999999999999
mode [[-0.04681987  0.10330985 -0.16870564  0.2377656  -0.30514688 -0.36566378
  -0.41417233  0.44618897  0.45243007 -0.31622777]
 [ 0.16116683 -0.31558963  0.42518803 -0.44825847  0.36747022  0.19515505
  -0.02879842  0.24775399  0.39670729 -0.31622777]
 [-0.29400233  0.45283534 -0.37535085  0.08292433  0.25635679  0.43328658
   0.33429891 -0.0180679   0.30854465 -0.31622777]
 [ 0.40603911 -0.39932699 -0.01250798  0.40106646 -0.34147481  0.09876445
   0.42441105 -0.26444136  0.19556585 -0.31622777]
 [-0.46960411  0.15877143  0.38692225 -0.27349792 -0.29921091 -0.3615423
   0.18908047 -0.4114337   0.06696679 -0.31622777]
 [ 0.46960411  0.15877143 -0.38692225 -0.27349792  0.29921091 -0.3615423
  -0.18908047 -0.4114337  -0.06696679 -0.31622777]
 [-0.40603911 -0.39932699  0.01250798  0.40106646  0.34147481  0.09876445
  -0.42441105 -0.26444136 -0.19556585 -0.31622777]
 [ 0.29400233  0.45283534  0.37535085  0.08292433 -0.25635679  0.43328658
  -0.33429891 -0.0180679  -0.30854465 -0.31622777]
 [-0.16116683 -0.31558963 -0.42518803 -0.44825847 -0.36747022  0.19515505
   0.02879842  0.24775399 -0.39670729 -0.31622777]
 [ 0.04681987  0.10330985  0.16870564  0.2377656   0.30514688 -0.36566378
   0.41417233  0.44618897 -0.45243007 -0.31622777]]
this ions should have laser shined:  [0 1]
>>>>>>>>>> P and G calculate time used is: 1283.112174987793 seconds
error: 0.0003563665358289286
>>>>>>>>>> optimization time used is: 893.2702610492706 seconds
alpha max are: [1, 1, 1, 1, 1, 1, 1, 1, 1, 1]  for phonon cut-off in simulation
./calculation results/data/
segnum 36 (array([ 0.06310497, -0.18868296,  0.18717004,  0.0788863 , -0.28794599,
        0.06040179,  0.25227076, -0.03312529, -0.36615772,  0.11370557,
        0.42790615, -0.18651745, -0.5       ,  0.32232493,  0.47347445,
       -0.41566061, -0.36710024,  0.34845169,  0.46259784, -0.5       ,
       -0.32628097,  0.49399479,  0.25109569, -0.5       , -0.15732181,
        0.5       ,  0.03407792, -0.49249436,  0.19258858,  0.27533731,
       -0.22228379, -0.14508012,  0.30081786, -0.17895529,  0.03758211,
        0.00597881]), array([ 0.06310497, -0.18868296,  0.18717004,  0.0788863 , -0.28794599,
        0.06040179,  0.25227076, -0.03312529, -0.36615772,  0.11370557,
        0.42790615, -0.18651745, -0.5       ,  0.32232493,  0.47347445,
       -0.41566061, -0.36710024,  0.34845169,  0.46259784, -0.5       ,
       -0.32628097,  0.49399479,  0.25109569, -0.5       , -0.15732181,
        0.5       ,  0.03407792, -0.49249436,  0.19258858,  0.27533731,
       -0.22228379, -0.14508012,  0.30081786, -0.17895529,  0.03758211,
        0.00597881]))
-------- N 10 segNum 38 --------
init
Z_freq [2.02161032 2.03174945 2.04630852 2.0646114  2.08579167 2.10875364
 2.13209655 2.15395903 2.1715716  2.18      ]
detuning [-0.07803489589483048, -0.0678957710976924, -0.053336699964738, -0.03503381584309073, -0.013853550911083534, 0.009108424675877469, 0.032451331160158414, 0.05431381218583553, 0.07192638301245635, 0.08035478267711094]
tau 570.0
mode [[-0.04681987  0.10330985 -0.16870564  0.2377656  -0.30514688 -0.36566378
  -0.41417233  0.44618897  0.45243007 -0.31622777]
 [ 0.16116683 -0.31558963  0.42518803 -0.44825847  0.36747022  0.19515505
  -0.02879842  0.24775399  0.39670729 -0.31622777]
 [-0.29400233  0.45283534 -0.37535085  0.08292433  0.25635679  0.43328658
   0.33429891 -0.0180679   0.30854465 -0.31622777]
 [ 0.40603911 -0.39932699 -0.01250798  0.40106646 -0.34147481  0.09876445
   0.42441105 -0.26444136  0.19556585 -0.31622777]
 [-0.46960411  0.15877143  0.38692225 -0.27349792 -0.29921091 -0.3615423
   0.18908047 -0.4114337   0.06696679 -0.31622777]
 [ 0.46960411  0.15877143 -0.38692225 -0.27349792  0.29921091 -0.3615423
  -0.18908047 -0.4114337  -0.06696679 -0.31622777]
 [-0.40603911 -0.39932699  0.01250798  0.40106646  0.34147481  0.09876445
  -0.42441105 -0.26444136 -0.19556585 -0.31622777]
 [ 0.29400233  0.45283534  0.37535085  0.08292433 -0.25635679  0.43328658
  -0.33429891 -0.0180679  -0.30854465 -0.31622777]
 [-0.16116683 -0.31558963 -0.42518803 -0.44825847 -0.36747022  0.19515505
   0.02879842  0.24775399 -0.39670729 -0.31622777]
 [ 0.04681987  0.10330985  0.16870564  0.2377656   0.30514688 -0.36566378
   0.41417233  0.44618897 -0.45243007 -0.31622777]]
this ions should have laser shined:  [0 1]
>>>>>>>>>> P and G calculate time used is: 1397.5349278450012 seconds
error: 5.186564761470514e-06
>>>>>>>>>> optimization time used is: 1013.2999858856201 seconds
alpha max are: [1, 1, 1, 1, 1, 1, 1, 1, 1, 1]  for phonon cut-off in simulation
./calculation results/data/
segnum 38 (array([ 0.19741844, -0.49548908,  0.46406011,  0.12336201, -0.48915527,
        0.03437178,  0.49064303, -0.15376303, -0.38243808,  0.11638569,
        0.33392003, -0.02682811, -0.39808518,  0.1742049 , -0.00898206,
        0.36057695, -0.30019656, -0.30597529,  0.33658014,  0.33132385,
       -0.31360628, -0.29776074,  0.37025838, -0.00844982,  0.16270966,
       -0.40335836, -0.01079747,  0.34463498,  0.08319038, -0.37098977,
       -0.13789875,  0.48726917,  0.01401975, -0.4799415 ,  0.14636304,
        0.42956635, -0.47491612,  0.19230728]), array([ 0.19741844, -0.49548908,  0.46406011,  0.12336201, -0.48915527,
        0.03437178,  0.49064303, -0.15376303, -0.38243808,  0.11638569,
        0.33392003, -0.02682811, -0.39808518,  0.1742049 , -0.00898206,
        0.36057695, -0.30019656, -0.30597529,  0.33658014,  0.33132385,
       -0.31360628, -0.29776074,  0.37025838, -0.00844982,  0.16270966,
       -0.40335836, -0.01079747,  0.34463498,  0.08319038, -0.37098977,
       -0.13789875,  0.48726917,  0.01401975, -0.4799415 ,  0.14636304,
        0.42956635, -0.47491612,  0.19230728]))
-------- N 11 segNum 38 --------
init
Z_freq [2.02068417 2.02916406 2.04143021 2.05700808 2.07529566 2.09554273
 2.11681818 2.13794331 2.15735879 2.17274817 2.18      ]
detuning [-0.07786067674400865, -0.06938079314042556, -0.05711464365207819, -0.04153677050791771, -0.023249186572164682, -0.003002125398428035, 0.018273332754501492, 0.03939845805860198, 0.05881393810781743, 0.07420331796536894, 0.08145514912873164]
tau 570.0
mode [[ 3.89182919e-02  8.61529706e-02  1.41490968e-01 -2.01085844e-01
  -2.61082558e-01  3.17594658e-01 -3.66928679e-01  4.05401405e-01
  -4.29832321e-01  4.32348797e-01 -3.01511345e-01]
 [-1.35300462e-01 -2.71456175e-01 -3.81305872e-01  4.30844289e-01
   4.00248904e-01 -2.88835143e-01  1.15555426e-01  8.44527010e-02
  -2.68026648e-01  3.87461927e-01 -3.01511345e-01]
 [ 2.51375088e-01  4.15735007e-01  4.06174313e-01 -2.04748609e-01
   9.72776708e-02 -3.46883277e-01  4.11868996e-01 -2.55117036e-01
  -4.27186893e-02  3.15958386e-01 -3.01511345e-01]
 [-3.57146597e-01 -4.20399350e-01 -1.28076400e-01 -2.73622630e-01
  -4.16158937e-01  1.65292702e-01  2.40943922e-01 -4.13856437e-01
   1.84096222e-01  2.23150655e-01 -3.01511345e-01]
 [ 4.30399492e-01  2.63283119e-01 -2.50783292e-01  3.96416884e-01
  -3.01387910e-02  4.09949031e-01 -1.92605614e-01 -3.03571391e-01
   3.50641779e-01  1.15420344e-01 -3.01511345e-01]
 [-4.56491626e-01 -1.31607563e-14  4.25000568e-01  1.13551487e-15
   4.19707422e-01  1.64738177e-15 -4.17668102e-01 -1.69434493e-15
   4.11679315e-01  1.43605932e-14 -3.01511345e-01]
 [ 4.30399492e-01 -2.63283119e-01 -2.50783292e-01 -3.96416884e-01
  -3.01387910e-02 -4.09949031e-01 -1.92605614e-01  3.03571391e-01
   3.50641779e-01 -1.15420344e-01 -3.01511345e-01]
 [-3.57146597e-01  4.20399350e-01 -1.28076400e-01  2.73622630e-01
  -4.16158937e-01 -1.65292702e-01  2.40943922e-01  4.13856437e-01
   1.84096222e-01 -2.23150655e-01 -3.01511345e-01]
 [ 2.51375088e-01 -4.15735007e-01  4.06174313e-01  2.04748609e-01
   9.72776708e-02  3.46883277e-01  4.11868996e-01  2.55117036e-01
  -4.27186893e-02 -3.15958386e-01 -3.01511345e-01]
 [-1.35300462e-01  2.71456175e-01 -3.81305872e-01 -4.30844289e-01
   4.00248904e-01  2.88835143e-01  1.15555426e-01 -8.44527010e-02
  -2.68026648e-01 -3.87461927e-01 -3.01511345e-01]
 [ 3.89182919e-02 -8.61529706e-02  1.41490968e-01  2.01085844e-01
  -2.61082558e-01 -3.17594658e-01 -3.66928679e-01 -4.05401405e-01
  -4.29832321e-01 -4.32348797e-01 -3.01511345e-01]]
this ions should have laser shined:  [0 1]
>>>>>>>>>> P and G calculate time used is: 2074.2454171180725 seconds
error: 0.4538301221923095
>>>>>>>>>> optimization time used is: 525.2074358463287 seconds
alpha max are: [1, 1, 1, 1, 1, 1, 1, 1, 1, 1, 1]  for phonon cut-off in simulation
./calculation results/data/
segnum 38 (array([-0.5       , -0.01283427, -0.1289115 , -0.12323291,  0.00712849,
        0.12224592,  0.16381362,  0.10684734,  0.00818387, -0.09356816,
       -0.13785962, -0.11989265, -0.05897137,  0.01968472,  0.10263578,
        0.16181282,  0.1752749 ,  0.14365879,  0.10865735,  0.10800597,
        0.14179474,  0.17230853,  0.15766924,  0.09728205,  0.01369122,
       -0.06418698, -0.12267248, -0.13741777, -0.09068613,  0.01150652,
        0.10850476,  0.16252181,  0.11762511,  0.0012836 , -0.13094541,
       -0.13499619, -0.01633622, -0.5       ]), array([-0.5       , -0.01283427, -0.1289115 , -0.12323291,  0.00712849,
        0.12224592,  0.16381362,  0.10684734,  0.00818387, -0.09356816,
       -0.13785962, -0.11989265, -0.05897137,  0.01968472,  0.10263578,
        0.16181282,  0.1752749 ,  0.14365879,  0.10865735,  0.10800597,
        0.14179474,  0.17230853,  0.15766924,  0.09728205,  0.01369122,
       -0.06418698, -0.12267248, -0.13741777, -0.09068613,  0.01150652,
        0.10850476,  0.16252181,  0.11762511,  0.0012836 , -0.13094541,
       -0.13499619, -0.01633622, -0.5       ]))
-------- N 11 segNum 40 --------
init
Z_freq [2.02068417 2.02916406 2.04143021 2.05700808 2.07529566 2.09554273
 2.11681818 2.13794331 2.15735879 2.17274817 2.18      ]
detuning [-0.07786067674400865, -0.06938079314042556, -0.05711464365207819, -0.04153677050791771, -0.023249186572164682, -0.003002125398428035, 0.018273332754501492, 0.03939845805860198, 0.05881393810781743, 0.07420331796536894, 0.08145514912873164]
tau 600.0
mode [[ 3.89182919e-02  8.61529706e-02  1.41490968e-01 -2.01085844e-01
  -2.61082558e-01  3.17594658e-01 -3.66928679e-01  4.05401405e-01
  -4.29832321e-01  4.32348797e-01 -3.01511345e-01]
 [-1.35300462e-01 -2.71456175e-01 -3.81305872e-01  4.30844289e-01
   4.00248904e-01 -2.88835143e-01  1.15555426e-01  8.44527010e-02
  -2.68026648e-01  3.87461927e-01 -3.01511345e-01]
 [ 2.51375088e-01  4.15735007e-01  4.06174313e-01 -2.04748609e-01
   9.72776708e-02 -3.46883277e-01  4.11868996e-01 -2.55117036e-01
  -4.27186893e-02  3.15958386e-01 -3.01511345e-01]
 [-3.57146597e-01 -4.20399350e-01 -1.28076400e-01 -2.73622630e-01
  -4.16158937e-01  1.65292702e-01  2.40943922e-01 -4.13856437e-01
   1.84096222e-01  2.23150655e-01 -3.01511345e-01]
 [ 4.30399492e-01  2.63283119e-01 -2.50783292e-01  3.96416884e-01
  -3.01387910e-02  4.09949031e-01 -1.92605614e-01 -3.03571391e-01
   3.50641779e-01  1.15420344e-01 -3.01511345e-01]
 [-4.56491626e-01 -1.31607563e-14  4.25000568e-01  1.13551487e-15
   4.19707422e-01  1.64738177e-15 -4.17668102e-01 -1.69434493e-15
   4.11679315e-01  1.43605932e-14 -3.01511345e-01]
 [ 4.30399492e-01 -2.63283119e-01 -2.50783292e-01 -3.96416884e-01
  -3.01387910e-02 -4.09949031e-01 -1.92605614e-01  3.03571391e-01
   3.50641779e-01 -1.15420344e-01 -3.01511345e-01]
 [-3.57146597e-01  4.20399350e-01 -1.28076400e-01  2.73622630e-01
  -4.16158937e-01 -1.65292702e-01  2.40943922e-01  4.13856437e-01
   1.84096222e-01 -2.23150655e-01 -3.01511345e-01]
 [ 2.51375088e-01 -4.15735007e-01  4.06174313e-01  2.04748609e-01
   9.72776708e-02  3.46883277e-01  4.11868996e-01  2.55117036e-01
  -4.27186893e-02 -3.15958386e-01 -3.01511345e-01]
 [-1.35300462e-01  2.71456175e-01 -3.81305872e-01 -4.30844289e-01
   4.00248904e-01  2.88835143e-01  1.15555426e-01 -8.44527010e-02
  -2.68026648e-01 -3.87461927e-01 -3.01511345e-01]
 [ 3.89182919e-02 -8.61529706e-02  1.41490968e-01  2.01085844e-01
  -2.61082558e-01 -3.17594658e-01 -3.66928679e-01 -4.05401405e-01
  -4.29832321e-01 -4.32348797e-01 -3.01511345e-01]]
this ions should have laser shined:  [0 1]
>>>>>>>>>> P and G calculate time used is: 2052.067970275879 seconds
error: 0.3352704630821924
>>>>>>>>>> optimization time used is: 394.27233505249023 seconds
alpha max are: [1, 1, 1, 1, 1, 1, 1, 1, 1, 1, 1]  for phonon cut-off in simulation
./calculation results/data/
segnum 40 (array([ 0.5       ,  0.00210761,  0.07713685,  0.16504286,  0.0704827 ,
       -0.04696293, -0.10255596, -0.08478282, -0.04036565, -0.00677658,
        0.02312   ,  0.06290444,  0.09399884,  0.08799218,  0.03591774,
       -0.05639023, -0.12346699, -0.16440637, -0.16705734, -0.15897999,
       -0.15896961, -0.16704105, -0.16440916, -0.1234867 , -0.05638942,
        0.03596779,  0.08806147,  0.09401783,  0.06284903,  0.02304739,
       -0.0068091 , -0.040383  , -0.08482706, -0.10257404, -0.04688818,
        0.07057867,  0.16509402,  0.07710044,  0.00200021,  0.5       ]), array([ 0.5       ,  0.00210761,  0.07713685,  0.16504286,  0.0704827 ,
       -0.04696293, -0.10255596, -0.08478282, -0.04036565, -0.00677658,
        0.02312   ,  0.06290444,  0.09399884,  0.08799218,  0.03591774,
       -0.05639023, -0.12346699, -0.16440637, -0.16705734, -0.15897999,
       -0.15896961, -0.16704105, -0.16440916, -0.1234867 , -0.05638942,
        0.03596779,  0.08806147,  0.09401783,  0.06284903,  0.02304739,
       -0.0068091 , -0.040383  , -0.08482706, -0.10257404, -0.04688818,
        0.07057867,  0.16509402,  0.07710044,  0.00200021,  0.5       ]))
-------- N 11 segNum 42 --------
init
Z_freq [2.02068417 2.02916406 2.04143021 2.05700808 2.07529566 2.09554273
 2.11681818 2.13794331 2.15735879 2.17274817 2.18      ]
detuning [-0.07786067674400865, -0.06938079314042556, -0.05711464365207819, -0.04153677050791771, -0.023249186572164682, -0.003002125398428035, 0.018273332754501492, 0.03939845805860198, 0.05881393810781743, 0.07420331796536894, 0.08145514912873164]
tau 630.0
mode [[ 3.89182919e-02  8.61529706e-02  1.41490968e-01 -2.01085844e-01
  -2.61082558e-01  3.17594658e-01 -3.66928679e-01  4.05401405e-01
  -4.29832321e-01  4.32348797e-01 -3.01511345e-01]
 [-1.35300462e-01 -2.71456175e-01 -3.81305872e-01  4.30844289e-01
   4.00248904e-01 -2.88835143e-01  1.15555426e-01  8.44527010e-02
  -2.68026648e-01  3.87461927e-01 -3.01511345e-01]
 [ 2.51375088e-01  4.15735007e-01  4.06174313e-01 -2.04748609e-01
   9.72776708e-02 -3.46883277e-01  4.11868996e-01 -2.55117036e-01
  -4.27186893e-02  3.15958386e-01 -3.01511345e-01]
 [-3.57146597e-01 -4.20399350e-01 -1.28076400e-01 -2.73622630e-01
  -4.16158937e-01  1.65292702e-01  2.40943922e-01 -4.13856437e-01
   1.84096222e-01  2.23150655e-01 -3.01511345e-01]
 [ 4.30399492e-01  2.63283119e-01 -2.50783292e-01  3.96416884e-01
  -3.01387910e-02  4.09949031e-01 -1.92605614e-01 -3.03571391e-01
   3.50641779e-01  1.15420344e-01 -3.01511345e-01]
 [-4.56491626e-01 -1.31607563e-14  4.25000568e-01  1.13551487e-15
   4.19707422e-01  1.64738177e-15 -4.17668102e-01 -1.69434493e-15
   4.11679315e-01  1.43605932e-14 -3.01511345e-01]
 [ 4.30399492e-01 -2.63283119e-01 -2.50783292e-01 -3.96416884e-01
  -3.01387910e-02 -4.09949031e-01 -1.92605614e-01  3.03571391e-01
   3.50641779e-01 -1.15420344e-01 -3.01511345e-01]
 [-3.57146597e-01  4.20399350e-01 -1.28076400e-01  2.73622630e-01
  -4.16158937e-01 -1.65292702e-01  2.40943922e-01  4.13856437e-01
   1.84096222e-01 -2.23150655e-01 -3.01511345e-01]
 [ 2.51375088e-01 -4.15735007e-01  4.06174313e-01  2.04748609e-01
   9.72776708e-02  3.46883277e-01  4.11868996e-01  2.55117036e-01
  -4.27186893e-02 -3.15958386e-01 -3.01511345e-01]
 [-1.35300462e-01  2.71456175e-01 -3.81305872e-01 -4.30844289e-01
   4.00248904e-01  2.88835143e-01  1.15555426e-01 -8.44527010e-02
  -2.68026648e-01 -3.87461927e-01 -3.01511345e-01]
 [ 3.89182919e-02 -8.61529706e-02  1.41490968e-01  2.01085844e-01
  -2.61082558e-01 -3.17594658e-01 -3.66928679e-01 -4.05401405e-01
  -4.29832321e-01 -4.32348797e-01 -3.01511345e-01]]
this ions should have laser shined:  [0 1]
>>>>>>>>>> P and G calculate time used is: 2275.385640144348 seconds
error: 0.2031438574716804
>>>>>>>>>> optimization time used is: 497.32336616516113 seconds
alpha max are: [1, 1, 1, 1, 1, 1, 1, 1, 1, 1, 1]  for phonon cut-off in simulation
./calculation results/data/
segnum 42 (array([ 0.5       ,  0.05665821,  0.00471466,  0.20466122,  0.09841221,
       -0.02818078, -0.06684731, -0.02040087,  0.03134134,  0.01468166,
       -0.03747089, -0.04611215,  0.00752498,  0.07034371,  0.0786927 ,
        0.03813112, -0.01794323, -0.06513456, -0.12436407, -0.19254709,
       -0.24502527, -0.24504915, -0.19258636, -0.12436738, -0.06510346,
       -0.01792785,  0.03810532,  0.07866271,  0.07035654,  0.0075687 ,
       -0.04609734, -0.03751383,  0.01462102,  0.03132295, -0.02036536,
       -0.06679952, -0.02816309,  0.09839534,  0.20462219,  0.00466425,
        0.05673649,  0.5       ]), array([ 0.5       ,  0.05665821,  0.00471466,  0.20466122,  0.09841221,
       -0.02818078, -0.06684731, -0.02040087,  0.03134134,  0.01468166,
       -0.03747089, -0.04611215,  0.00752498,  0.07034371,  0.0786927 ,
        0.03813112, -0.01794323, -0.06513456, -0.12436407, -0.19254709,
       -0.24502527, -0.24504915, -0.19258636, -0.12436738, -0.06510346,
       -0.01792785,  0.03810532,  0.07866271,  0.07035654,  0.0075687 ,
       -0.04609734, -0.03751383,  0.01462102,  0.03132295, -0.02036536,
       -0.06679952, -0.02816309,  0.09839534,  0.20462219,  0.00466425,
        0.05673649,  0.5       ]))
-------- N 11 segNum 44 --------
init
Z_freq [2.02068417 2.02916406 2.04143021 2.05700808 2.07529566 2.09554273
 2.11681818 2.13794331 2.15735879 2.17274817 2.18      ]
detuning [-0.07786067674400865, -0.06938079314042556, -0.05711464365207819, -0.04153677050791771, -0.023249186572164682, -0.003002125398428035, 0.018273332754501492, 0.03939845805860198, 0.05881393810781743, 0.07420331796536894, 0.08145514912873164]
tau 660.0
mode [[ 3.89182919e-02  8.61529706e-02  1.41490968e-01 -2.01085844e-01
  -2.61082558e-01  3.17594658e-01 -3.66928679e-01  4.05401405e-01
  -4.29832321e-01  4.32348797e-01 -3.01511345e-01]
 [-1.35300462e-01 -2.71456175e-01 -3.81305872e-01  4.30844289e-01
   4.00248904e-01 -2.88835143e-01  1.15555426e-01  8.44527010e-02
  -2.68026648e-01  3.87461927e-01 -3.01511345e-01]
 [ 2.51375088e-01  4.15735007e-01  4.06174313e-01 -2.04748609e-01
   9.72776708e-02 -3.46883277e-01  4.11868996e-01 -2.55117036e-01
  -4.27186893e-02  3.15958386e-01 -3.01511345e-01]
 [-3.57146597e-01 -4.20399350e-01 -1.28076400e-01 -2.73622630e-01
  -4.16158937e-01  1.65292702e-01  2.40943922e-01 -4.13856437e-01
   1.84096222e-01  2.23150655e-01 -3.01511345e-01]
 [ 4.30399492e-01  2.63283119e-01 -2.50783292e-01  3.96416884e-01
  -3.01387910e-02  4.09949031e-01 -1.92605614e-01 -3.03571391e-01
   3.50641779e-01  1.15420344e-01 -3.01511345e-01]
 [-4.56491626e-01 -1.31607563e-14  4.25000568e-01  1.13551487e-15
   4.19707422e-01  1.64738177e-15 -4.17668102e-01 -1.69434493e-15
   4.11679315e-01  1.43605932e-14 -3.01511345e-01]
 [ 4.30399492e-01 -2.63283119e-01 -2.50783292e-01 -3.96416884e-01
  -3.01387910e-02 -4.09949031e-01 -1.92605614e-01  3.03571391e-01
   3.50641779e-01 -1.15420344e-01 -3.01511345e-01]
 [-3.57146597e-01  4.20399350e-01 -1.28076400e-01  2.73622630e-01
  -4.16158937e-01 -1.65292702e-01  2.40943922e-01  4.13856437e-01
   1.84096222e-01 -2.23150655e-01 -3.01511345e-01]
 [ 2.51375088e-01 -4.15735007e-01  4.06174313e-01  2.04748609e-01
   9.72776708e-02  3.46883277e-01  4.11868996e-01  2.55117036e-01
  -4.27186893e-02 -3.15958386e-01 -3.01511345e-01]
 [-1.35300462e-01  2.71456175e-01 -3.81305872e-01 -4.30844289e-01
   4.00248904e-01  2.88835143e-01  1.15555426e-01 -8.44527010e-02
  -2.68026648e-01 -3.87461927e-01 -3.01511345e-01]
 [ 3.89182919e-02 -8.61529706e-02  1.41490968e-01  2.01085844e-01
  -2.61082558e-01 -3.17594658e-01 -3.66928679e-01 -4.05401405e-01
  -4.29832321e-01 -4.32348797e-01 -3.01511345e-01]]
this ions should have laser shined:  [0 1]
>>>>>>>>>> P and G calculate time used is: 2483.8548719882965 seconds
error: 0.10137524626620925
>>>>>>>>>> optimization time used is: 549.6139121055603 seconds
alpha max are: [1, 1, 1, 1, 1, 1, 1, 1, 1, 1, 1]  for phonon cut-off in simulation
./calculation results/data/
segnum 44 (array([ 0.5       , -0.06942215,  0.0900044 ,  0.30340726,  0.10542199,
       -0.04869631, -0.03153604,  0.04474291,  0.0576479 ,  0.00343342,
       -0.03433767, -0.01625701,  0.01146869,  0.00644023, -0.00608857,
        0.01222908,  0.04565091,  0.03241634, -0.04815463, -0.15234824,
       -0.22118933, -0.24588485, -0.24530423, -0.22033814, -0.15249256,
       -0.04894861,  0.03234537,  0.04648263,  0.01264941, -0.00677241,
        0.00571605,  0.01183096, -0.01541744, -0.03435625,  0.00264648,
        0.05738667,  0.04537653, -0.03106277, -0.04913001,  0.10478385,
        0.30391753,  0.09088568, -0.07030312,  0.5       ]), array([ 0.5       , -0.06942215,  0.0900044 ,  0.30340726,  0.10542199,
       -0.04869631, -0.03153604,  0.04474291,  0.0576479 ,  0.00343342,
       -0.03433767, -0.01625701,  0.01146869,  0.00644023, -0.00608857,
        0.01222908,  0.04565091,  0.03241634, -0.04815463, -0.15234824,
       -0.22118933, -0.24588485, -0.24530423, -0.22033814, -0.15249256,
       -0.04894861,  0.03234537,  0.04648263,  0.01264941, -0.00677241,
        0.00571605,  0.01183096, -0.01541744, -0.03435625,  0.00264648,
        0.05738667,  0.04537653, -0.03106277, -0.04913001,  0.10478385,
        0.30391753,  0.09088568, -0.07030312,  0.5       ]))
-------- N 11 segNum 46 --------
init
Z_freq [2.02068417 2.02916406 2.04143021 2.05700808 2.07529566 2.09554273
 2.11681818 2.13794331 2.15735879 2.17274817 2.18      ]
detuning [-0.07786067674400865, -0.06938079314042556, -0.05711464365207819, -0.04153677050791771, -0.023249186572164682, -0.003002125398428035, 0.018273332754501492, 0.03939845805860198, 0.05881393810781743, 0.07420331796536894, 0.08145514912873164]
tau 690.0
mode [[ 3.89182919e-02  8.61529706e-02  1.41490968e-01 -2.01085844e-01
  -2.61082558e-01  3.17594658e-01 -3.66928679e-01  4.05401405e-01
  -4.29832321e-01  4.32348797e-01 -3.01511345e-01]
 [-1.35300462e-01 -2.71456175e-01 -3.81305872e-01  4.30844289e-01
   4.00248904e-01 -2.88835143e-01  1.15555426e-01  8.44527010e-02
  -2.68026648e-01  3.87461927e-01 -3.01511345e-01]
 [ 2.51375088e-01  4.15735007e-01  4.06174313e-01 -2.04748609e-01
   9.72776708e-02 -3.46883277e-01  4.11868996e-01 -2.55117036e-01
  -4.27186893e-02  3.15958386e-01 -3.01511345e-01]
 [-3.57146597e-01 -4.20399350e-01 -1.28076400e-01 -2.73622630e-01
  -4.16158937e-01  1.65292702e-01  2.40943922e-01 -4.13856437e-01
   1.84096222e-01  2.23150655e-01 -3.01511345e-01]
 [ 4.30399492e-01  2.63283119e-01 -2.50783292e-01  3.96416884e-01
  -3.01387910e-02  4.09949031e-01 -1.92605614e-01 -3.03571391e-01
   3.50641779e-01  1.15420344e-01 -3.01511345e-01]
 [-4.56491626e-01 -1.31607563e-14  4.25000568e-01  1.13551487e-15
   4.19707422e-01  1.64738177e-15 -4.17668102e-01 -1.69434493e-15
   4.11679315e-01  1.43605932e-14 -3.01511345e-01]
 [ 4.30399492e-01 -2.63283119e-01 -2.50783292e-01 -3.96416884e-01
  -3.01387910e-02 -4.09949031e-01 -1.92605614e-01  3.03571391e-01
   3.50641779e-01 -1.15420344e-01 -3.01511345e-01]
 [-3.57146597e-01  4.20399350e-01 -1.28076400e-01  2.73622630e-01
  -4.16158937e-01 -1.65292702e-01  2.40943922e-01  4.13856437e-01
   1.84096222e-01 -2.23150655e-01 -3.01511345e-01]
 [ 2.51375088e-01 -4.15735007e-01  4.06174313e-01  2.04748609e-01
   9.72776708e-02  3.46883277e-01  4.11868996e-01  2.55117036e-01
  -4.27186893e-02 -3.15958386e-01 -3.01511345e-01]
 [-1.35300462e-01  2.71456175e-01 -3.81305872e-01 -4.30844289e-01
   4.00248904e-01  2.88835143e-01  1.15555426e-01 -8.44527010e-02
  -2.68026648e-01 -3.87461927e-01 -3.01511345e-01]
 [ 3.89182919e-02 -8.61529706e-02  1.41490968e-01  2.01085844e-01
  -2.61082558e-01 -3.17594658e-01 -3.66928679e-01 -4.05401405e-01
  -4.29832321e-01 -4.32348797e-01 -3.01511345e-01]]
this ions should have laser shined:  [0 1]
>>>>>>>>>> P and G calculate time used is: 2706.80850481987 seconds
error: 0.013236501944910583
>>>>>>>>>> optimization time used is: 612.882227897644 seconds
alpha max are: [1, 1, 1, 1, 1, 1, 1, 1, 1, 1, 1]  for phonon cut-off in simulation
./calculation results/data/
segnum 46 (array([ 0.5       , -0.20325072,  0.14177307,  0.33142156,  0.15537924,
       -0.02065202,  0.00663916,  0.10856746,  0.08477553, -0.01862027,
       -0.05158625,  0.00495388,  0.04702928,  0.01808955, -0.02755959,
       -0.02350001,  0.01784513,  0.03107356, -0.03468401, -0.07516271,
       -0.14688185, -0.21142348, -0.23011639, -0.23061657, -0.21211811,
       -0.14661801, -0.07426848, -0.03449505,  0.03029409,  0.01735379,
       -0.02288301, -0.02678525,  0.01776009,  0.04607834,  0.00492793,
       -0.05058459, -0.01823027,  0.08385048,  0.1079384 ,  0.00760555,
       -0.01969058,  0.1543516 ,  0.33036626,  0.14373233, -0.20416416,
        0.5       ]), array([ 0.5       , -0.20325072,  0.14177307,  0.33142156,  0.15537924,
       -0.02065202,  0.00663916,  0.10856746,  0.08477553, -0.01862027,
       -0.05158625,  0.00495388,  0.04702928,  0.01808955, -0.02755959,
       -0.02350001,  0.01784513,  0.03107356, -0.03468401, -0.07516271,
       -0.14688185, -0.21142348, -0.23011639, -0.23061657, -0.21211811,
       -0.14661801, -0.07426848, -0.03449505,  0.03029409,  0.01735379,
       -0.02288301, -0.02678525,  0.01776009,  0.04607834,  0.00492793,
       -0.05058459, -0.01823027,  0.08385048,  0.1079384 ,  0.00760555,
       -0.01969058,  0.1543516 ,  0.33036626,  0.14373233, -0.20416416,
        0.5       ]))
-------- N 11 segNum 48 --------
init
Z_freq [2.02068417 2.02916406 2.04143021 2.05700808 2.07529566 2.09554273
 2.11681818 2.13794331 2.15735879 2.17274817 2.18      ]
detuning [-0.07786067674400865, -0.06938079314042556, -0.05711464365207819, -0.04153677050791771, -0.023249186572164682, -0.003002125398428035, 0.018273332754501492, 0.03939845805860198, 0.05881393810781743, 0.07420331796536894, 0.08145514912873164]
tau 720.0
mode [[ 3.89182919e-02  8.61529706e-02  1.41490968e-01 -2.01085844e-01
  -2.61082558e-01  3.17594658e-01 -3.66928679e-01  4.05401405e-01
  -4.29832321e-01  4.32348797e-01 -3.01511345e-01]
 [-1.35300462e-01 -2.71456175e-01 -3.81305872e-01  4.30844289e-01
   4.00248904e-01 -2.88835143e-01  1.15555426e-01  8.44527010e-02
  -2.68026648e-01  3.87461927e-01 -3.01511345e-01]
 [ 2.51375088e-01  4.15735007e-01  4.06174313e-01 -2.04748609e-01
   9.72776708e-02 -3.46883277e-01  4.11868996e-01 -2.55117036e-01
  -4.27186893e-02  3.15958386e-01 -3.01511345e-01]
 [-3.57146597e-01 -4.20399350e-01 -1.28076400e-01 -2.73622630e-01
  -4.16158937e-01  1.65292702e-01  2.40943922e-01 -4.13856437e-01
   1.84096222e-01  2.23150655e-01 -3.01511345e-01]
 [ 4.30399492e-01  2.63283119e-01 -2.50783292e-01  3.96416884e-01
  -3.01387910e-02  4.09949031e-01 -1.92605614e-01 -3.03571391e-01
   3.50641779e-01  1.15420344e-01 -3.01511345e-01]
 [-4.56491626e-01 -1.31607563e-14  4.25000568e-01  1.13551487e-15
   4.19707422e-01  1.64738177e-15 -4.17668102e-01 -1.69434493e-15
   4.11679315e-01  1.43605932e-14 -3.01511345e-01]
 [ 4.30399492e-01 -2.63283119e-01 -2.50783292e-01 -3.96416884e-01
  -3.01387910e-02 -4.09949031e-01 -1.92605614e-01  3.03571391e-01
   3.50641779e-01 -1.15420344e-01 -3.01511345e-01]
 [-3.57146597e-01  4.20399350e-01 -1.28076400e-01  2.73622630e-01
  -4.16158937e-01 -1.65292702e-01  2.40943922e-01  4.13856437e-01
   1.84096222e-01 -2.23150655e-01 -3.01511345e-01]
 [ 2.51375088e-01 -4.15735007e-01  4.06174313e-01  2.04748609e-01
   9.72776708e-02  3.46883277e-01  4.11868996e-01  2.55117036e-01
  -4.27186893e-02 -3.15958386e-01 -3.01511345e-01]
 [-1.35300462e-01  2.71456175e-01 -3.81305872e-01 -4.30844289e-01
   4.00248904e-01  2.88835143e-01  1.15555426e-01 -8.44527010e-02
  -2.68026648e-01 -3.87461927e-01 -3.01511345e-01]
 [ 3.89182919e-02 -8.61529706e-02  1.41490968e-01  2.01085844e-01
  -2.61082558e-01 -3.17594658e-01 -3.66928679e-01 -4.05401405e-01
  -4.29832321e-01 -4.32348797e-01 -3.01511345e-01]]
this ions should have laser shined:  [0 1]
>>>>>>>>>> P and G calculate time used is: 2949.514711856842 seconds
error: 5.334448909155465e-07
>>>>>>>>>> optimization time used is: 1461.6390891075134 seconds
alpha max are: [1, 1, 1, 1, 1, 1, 1, 1, 1, 1, 1]  for phonon cut-off in simulation
./calculation results/data/
segnum 48 (array([ 0.30132602, -0.10501999,  0.13411849,  0.29313614,  0.14301891,
        0.02236933,  0.06301016,  0.14805125,  0.09628658, -0.02777985,
       -0.04988508,  0.03574102,  0.07620814,  0.00463836, -0.06646697,
       -0.02805642,  0.05860161,  0.0558712 , -0.05482666, -0.09712076,
       -0.07990848, -0.08521855, -0.16654603, -0.26065895, -0.26040536,
       -0.16635373, -0.08548499, -0.08002461, -0.09688494, -0.05473678,
        0.05567857,  0.05850053, -0.02785449, -0.06637429,  0.00439752,
        0.07618686,  0.03597364, -0.04994649, -0.02794321,  0.09637942,
        0.14815403,  0.06292294,  0.02229839,  0.14312982,  0.29315369,
        0.13399136, -0.10491145,  0.30128435]), array([ 0.30132602, -0.10501999,  0.13411849,  0.29313614,  0.14301891,
        0.02236933,  0.06301016,  0.14805125,  0.09628658, -0.02777985,
       -0.04988508,  0.03574102,  0.07620814,  0.00463836, -0.06646697,
       -0.02805642,  0.05860161,  0.0558712 , -0.05482666, -0.09712076,
       -0.07990848, -0.08521855, -0.16654603, -0.26065895, -0.26040536,
       -0.16635373, -0.08548499, -0.08002461, -0.09688494, -0.05473678,
        0.05567857,  0.05850053, -0.02785449, -0.06637429,  0.00439752,
        0.07618686,  0.03597364, -0.04994649, -0.02794321,  0.09637942,
        0.14815403,  0.06292294,  0.02229839,  0.14312982,  0.29315369,
        0.13399136, -0.10491145,  0.30128435]))
-------- N 12 segNum 48 --------
init
Z_freq [2.01997269 2.02716539 2.03762866 2.05101916 2.0669044  2.08475099
 2.10390771 2.12357632 2.14275241 2.16011107 2.17368625 2.18      ]
detuning [-0.07765022970974167, -0.07045753221095064, -0.05999426055503099, -0.04660376052100634, -0.030718518811064133, -0.012871935696570524, 0.006284791975927462, 0.025953395069473917, 0.045129488942709184, 0.062488149652205394, 0.07606333284425659, 0.08237707901979396]
tau 720.0
mode [[ 3.28519456e-02  7.28961625e-02 -1.20211573e-01  1.71911111e-01
  -2.25097806e-01 -2.76887744e-01  3.24401361e-01  3.64950114e-01
   3.95815203e-01  4.14661280e-01  4.14602203e-01 -2.88675135e-01]
 [-1.15081797e-01 -2.35133174e-01  3.40576319e-01 -4.04029447e-01
   4.06619936e-01  3.41681466e-01 -2.16442246e-01 -5.07980127e-02
   1.25896624e-01  2.80735821e-01  3.77792235e-01 -2.88675135e-01]
 [ 2.16799235e-01  3.77747353e-01 -4.11303241e-01  2.83286457e-01
  -3.74007484e-02  2.23238779e-01 -3.83242305e-01 -3.68779813e-01
  -1.84074810e-01  8.88160129e-02  3.18858463e-01 -2.88675135e-01]
 [-3.14648714e-01 -4.18707948e-01  2.25872503e-01  1.35680518e-01
  -3.85987782e-01 -3.24340503e-01 -3.20777484e-04 -3.22955569e-01
  -3.77631615e-01 -1.15948510e-01  2.41630900e-01 -2.88675135e-01]
 [ 3.90834663e-01  3.26036432e-01  1.10804562e-01 -4.02527983e-01
   1.92425268e-01 -2.56523540e-01  3.81654859e-01  2.65455947e-02
  -3.59973589e-01 -2.86057930e-01  1.50670884e-01 -2.88675135e-01]
 [-4.32341849e-01 -1.22838826e-01 -3.70257416e-01  2.15679343e-01
   3.10770555e-01  2.92831542e-01  2.35332344e-01  3.51037686e-01
  -1.46322274e-01 -3.82206674e-01  5.11870471e-02 -2.88675135e-01]
 [ 4.32341849e-01 -1.22838826e-01  3.70257416e-01  2.15679343e-01
  -3.10770555e-01  2.92831542e-01 -2.35332344e-01  3.51037686e-01
   1.46322274e-01 -3.82206674e-01 -5.11870471e-02 -2.88675135e-01]
 [-3.90834663e-01  3.26036432e-01 -1.10804562e-01 -4.02527983e-01
  -1.92425268e-01 -2.56523540e-01 -3.81654859e-01  2.65455947e-02
   3.59973589e-01 -2.86057930e-01 -1.50670884e-01 -2.88675135e-01]
 [ 3.14648714e-01 -4.18707948e-01 -2.25872503e-01  1.35680518e-01
   3.85987782e-01 -3.24340503e-01  3.20777484e-04 -3.22955569e-01
   3.77631615e-01 -1.15948510e-01 -2.41630900e-01 -2.88675135e-01]
 [-2.16799235e-01  3.77747353e-01  4.11303241e-01  2.83286457e-01
   3.74007484e-02  2.23238779e-01  3.83242305e-01 -3.68779813e-01
   1.84074810e-01  8.88160129e-02 -3.18858463e-01 -2.88675135e-01]
 [ 1.15081797e-01 -2.35133174e-01 -3.40576319e-01 -4.04029447e-01
  -4.06619936e-01  3.41681466e-01  2.16442246e-01 -5.07980127e-02
  -1.25896624e-01  2.80735821e-01 -3.77792235e-01 -2.88675135e-01]
 [-3.28519456e-02  7.28961625e-02  1.20211573e-01  1.71911111e-01
   2.25097806e-01 -2.76887744e-01 -3.24401361e-01  3.64950114e-01
  -3.95815203e-01  4.14661280e-01 -4.14602203e-01 -2.88675135e-01]]
this ions should have laser shined:  [0 1]
>>>>>>>>>> P and G calculate time used is: 3832.7463891506195 seconds
error: 0.1116077126061908
>>>>>>>>>> optimization time used is: 599.4386332035065 seconds
alpha max are: [1, 1, 1, 1, 1, 1, 1, 1, 1, 1, 1, 1]  for phonon cut-off in simulation
./calculation results/data/
segnum 48 (array([ 0.5       , -0.07106261,  0.12964685,  0.30018922,  0.14068043,
       -0.01743718, -0.01956688,  0.03262724,  0.0272531 , -0.01794817,
       -0.02857692,  0.00957531,  0.0451474 ,  0.0393752 ,  0.00757755,
       -0.01661248, -0.02674049, -0.03659607, -0.04409499, -0.02540997,
        0.03348357,  0.1152809 ,  0.18883663,  0.22681773,  0.22681187,
        0.1888249 ,  0.11527444,  0.03348727, -0.02540287, -0.04409426,
       -0.03660148, -0.0267418 , -0.01660486,  0.00758281,  0.03936405,
        0.04512692,  0.00957211, -0.02855083, -0.01791882,  0.02725006,
        0.03259675, -0.01958204, -0.01742134,  0.1406881 ,  0.30017432,
        0.12967491, -0.07108436,  0.5       ]), array([ 0.5       , -0.07106261,  0.12964685,  0.30018922,  0.14068043,
       -0.01743718, -0.01956688,  0.03262724,  0.0272531 , -0.01794817,
       -0.02857692,  0.00957531,  0.0451474 ,  0.0393752 ,  0.00757755,
       -0.01661248, -0.02674049, -0.03659607, -0.04409499, -0.02540997,
        0.03348357,  0.1152809 ,  0.18883663,  0.22681773,  0.22681187,
        0.1888249 ,  0.11527444,  0.03348727, -0.02540287, -0.04409426,
       -0.03660148, -0.0267418 , -0.01660486,  0.00758281,  0.03936405,
        0.04512692,  0.00957211, -0.02855083, -0.01791882,  0.02725006,
        0.03259675, -0.01958204, -0.01742134,  0.1406881 ,  0.30017432,
        0.12967491, -0.07108436,  0.5       ]))
-------- N 12 segNum 50 --------
init
Z_freq [2.01997269 2.02716539 2.03762866 2.05101916 2.0669044  2.08475099
 2.10390771 2.12357632 2.14275241 2.16011107 2.17368625 2.18      ]
detuning [-0.07765022970974167, -0.07045753221095064, -0.05999426055503099, -0.04660376052100634, -0.030718518811064133, -0.012871935696570524, 0.006284791975927462, 0.025953395069473917, 0.045129488942709184, 0.062488149652205394, 0.07606333284425659, 0.08237707901979396]
tau 749.9999999999999
mode [[ 3.28519456e-02  7.28961625e-02 -1.20211573e-01  1.71911111e-01
  -2.25097806e-01 -2.76887744e-01  3.24401361e-01  3.64950114e-01
   3.95815203e-01  4.14661280e-01  4.14602203e-01 -2.88675135e-01]
 [-1.15081797e-01 -2.35133174e-01  3.40576319e-01 -4.04029447e-01
   4.06619936e-01  3.41681466e-01 -2.16442246e-01 -5.07980127e-02
   1.25896624e-01  2.80735821e-01  3.77792235e-01 -2.88675135e-01]
 [ 2.16799235e-01  3.77747353e-01 -4.11303241e-01  2.83286457e-01
  -3.74007484e-02  2.23238779e-01 -3.83242305e-01 -3.68779813e-01
  -1.84074810e-01  8.88160129e-02  3.18858463e-01 -2.88675135e-01]
 [-3.14648714e-01 -4.18707948e-01  2.25872503e-01  1.35680518e-01
  -3.85987782e-01 -3.24340503e-01 -3.20777484e-04 -3.22955569e-01
  -3.77631615e-01 -1.15948510e-01  2.41630900e-01 -2.88675135e-01]
 [ 3.90834663e-01  3.26036432e-01  1.10804562e-01 -4.02527983e-01
   1.92425268e-01 -2.56523540e-01  3.81654859e-01  2.65455947e-02
  -3.59973589e-01 -2.86057930e-01  1.50670884e-01 -2.88675135e-01]
 [-4.32341849e-01 -1.22838826e-01 -3.70257416e-01  2.15679343e-01
   3.10770555e-01  2.92831542e-01  2.35332344e-01  3.51037686e-01
  -1.46322274e-01 -3.82206674e-01  5.11870471e-02 -2.88675135e-01]
 [ 4.32341849e-01 -1.22838826e-01  3.70257416e-01  2.15679343e-01
  -3.10770555e-01  2.92831542e-01 -2.35332344e-01  3.51037686e-01
   1.46322274e-01 -3.82206674e-01 -5.11870471e-02 -2.88675135e-01]
 [-3.90834663e-01  3.26036432e-01 -1.10804562e-01 -4.02527983e-01
  -1.92425268e-01 -2.56523540e-01 -3.81654859e-01  2.65455947e-02
   3.59973589e-01 -2.86057930e-01 -1.50670884e-01 -2.88675135e-01]
 [ 3.14648714e-01 -4.18707948e-01 -2.25872503e-01  1.35680518e-01
   3.85987782e-01 -3.24340503e-01  3.20777484e-04 -3.22955569e-01
   3.77631615e-01 -1.15948510e-01 -2.41630900e-01 -2.88675135e-01]
 [-2.16799235e-01  3.77747353e-01  4.11303241e-01  2.83286457e-01
   3.74007484e-02  2.23238779e-01  3.83242305e-01 -3.68779813e-01
   1.84074810e-01  8.88160129e-02 -3.18858463e-01 -2.88675135e-01]
 [ 1.15081797e-01 -2.35133174e-01 -3.40576319e-01 -4.04029447e-01
  -4.06619936e-01  3.41681466e-01  2.16442246e-01 -5.07980127e-02
  -1.25896624e-01  2.80735821e-01 -3.77792235e-01 -2.88675135e-01]
 [-3.28519456e-02  7.28961625e-02  1.20211573e-01  1.71911111e-01
   2.25097806e-01 -2.76887744e-01 -3.24401361e-01  3.64950114e-01
  -3.95815203e-01  4.14661280e-01 -4.14602203e-01 -2.88675135e-01]]
this ions should have laser shined:  [0 1]
>>>>>>>>>> P and G calculate time used is: 4150.207762956619 seconds
error: 0.009483254150339007
>>>>>>>>>> optimization time used is: 1174.613242149353 seconds
alpha max are: [1, 1, 1, 1, 1, 1, 1, 1, 1, 1, 1, 1]  for phonon cut-off in simulation
./calculation results/data/
segnum 50 (array([ 0.5       , -0.00718533, -0.12231461,  0.5       ,  0.28272566,
       -0.06414657, -0.03989262,  0.14727783,  0.15989377, -0.00224121,
       -0.10157922, -0.02749723,  0.08315008,  0.0683636 , -0.03896676,
       -0.08120853, -0.00717678,  0.06507496,  0.02701226, -0.06147633,
       -0.05445855,  0.07407075,  0.19160782,  0.2235274 ,  0.17070595,
        0.17070474,  0.22352468,  0.1916052 ,  0.07406846, -0.05446142,
       -0.06148014,  0.02700935,  0.06507486, -0.00717497, -0.08120796,
       -0.0389687 ,  0.0683616 ,  0.08315093, -0.02749388, -0.10157505,
       -0.00223731,  0.15989512,  0.14727504, -0.03989207, -0.06413391,
        0.28272106,  0.5       , -0.12231025, -0.00719775,  0.5       ]), array([ 0.5       , -0.00718533, -0.12231461,  0.5       ,  0.28272566,
       -0.06414657, -0.03989262,  0.14727783,  0.15989377, -0.00224121,
       -0.10157922, -0.02749723,  0.08315008,  0.0683636 , -0.03896676,
       -0.08120853, -0.00717678,  0.06507496,  0.02701226, -0.06147633,
       -0.05445855,  0.07407075,  0.19160782,  0.2235274 ,  0.17070595,
        0.17070474,  0.22352468,  0.1916052 ,  0.07406846, -0.05446142,
       -0.06148014,  0.02700935,  0.06507486, -0.00717497, -0.08120796,
       -0.0389687 ,  0.0683616 ,  0.08315093, -0.02749388, -0.10157505,
       -0.00223731,  0.15989512,  0.14727504, -0.03989207, -0.06413391,
        0.28272106,  0.5       , -0.12231025, -0.00719775,  0.5       ]))
-------- N 12 segNum 52 --------
init
Z_freq [2.01997269 2.02716539 2.03762866 2.05101916 2.0669044  2.08475099
 2.10390771 2.12357632 2.14275241 2.16011107 2.17368625 2.18      ]
detuning [-0.07765022970974167, -0.07045753221095064, -0.05999426055503099, -0.04660376052100634, -0.030718518811064133, -0.012871935696570524, 0.006284791975927462, 0.025953395069473917, 0.045129488942709184, 0.062488149652205394, 0.07606333284425659, 0.08237707901979396]
tau 779.9999999999999
