-------- N 2 segNum 10 --------
init
Z_freq [2.1036848 2.18     ]
detuning [-0.03815759911898109, 0.03815759911898109]
tau 150.0
mode [[-0.70710678  0.70710678]
 [ 0.70710678  0.70710678]]
this ions should have laser shined:  [0 1]
>>>>>>>>>> P and G calculate time used is: 1.4788379669189453 seconds
error: 2.5012051275616455e-06
>>>>>>>>>> optimization time used is: 25.19121217727661 seconds
alpha max are: [1, 1]  for phonon cut-off in simulation
./calculation results/data/
segnum 10 (array([-0.45569536,  0.33143579,  0.49890812,  0.2164989 , -0.48389924,
       -0.48990122,  0.25164541,  0.47194069,  0.3356432 , -0.45946659]), array([-0.45569536,  0.33143579,  0.49890812,  0.2164989 , -0.48389924,
       -0.48990122,  0.25164541,  0.47194069,  0.3356432 , -0.45946659]))
-------- N 3 segNum 10 --------
init
Z_freq [2.06446957 2.13262305 2.18      ]
detuning [-0.06122796937035835, 0.006925511717484234, 0.05430245765287367]
tau 150.0
mode [[ 4.08248290e-01  7.07106781e-01 -5.77350269e-01]
 [-8.16496581e-01  1.19683070e-15 -5.77350269e-01]
 [ 4.08248290e-01 -7.07106781e-01 -5.77350269e-01]]
this ions should have laser shined:  [0 1]
>>>>>>>>>> P and G calculate time used is: 2.8607242107391357 seconds
error: 1.064641283555463
>>>>>>>>>> optimization time used is: 5.148438930511475 seconds
alpha max are: [1, 2, 1]  for phonon cut-off in simulation
./calculation results/data/
segnum 10 (array([-0.5       ,  0.05213643,  0.32206218,  0.28240187,  0.3220815 ,
        0.32244699,  0.28336348,  0.32348886,  0.05456728, -0.5       ]), array([-0.5       ,  0.05213643,  0.32206218,  0.28240187,  0.3220815 ,
        0.32244699,  0.28336348,  0.32348886,  0.05456728, -0.5       ]))
-------- N 3 segNum 12 --------
init
Z_freq [2.06446957 2.13262305 2.18      ]
detuning [-0.06122796937035835, 0.006925511717484234, 0.05430245765287367]
tau 180.0
mode [[ 4.08248290e-01  7.07106781e-01 -5.77350269e-01]
 [-8.16496581e-01  1.19683070e-15 -5.77350269e-01]
 [ 4.08248290e-01 -7.07106781e-01 -5.77350269e-01]]
this ions should have laser shined:  [0 1]
>>>>>>>>>> P and G calculate time used is: 4.020880937576294 seconds
error: 0.582906228358845
>>>>>>>>>> optimization time used is: 33.25811505317688 seconds
alpha max are: [1, 1, 1]  for phonon cut-off in simulation
./calculation results/data/
segnum 12 (array([ 0.5       ,  0.44808076,  0.04914387,  0.09941506, -0.05989234,
       -0.1882623 , -0.28085758, -0.30671324, -0.26649483, -0.27901279,
       -0.21934269,  0.5       ]), array([ 0.5       ,  0.44808076,  0.04914387,  0.09941506, -0.05989234,
       -0.1882623 , -0.28085758, -0.30671324, -0.26649483, -0.27901279,
       -0.21934269,  0.5       ]))
-------- N 3 segNum 14 --------
init
Z_freq [2.06446957 2.13262305 2.18      ]
detuning [-0.06122796937035835, 0.006925511717484234, 0.05430245765287367]
tau 210.0
mode [[ 4.08248290e-01  7.07106781e-01 -5.77350269e-01]
 [-8.16496581e-01  1.19683070e-15 -5.77350269e-01]
 [ 4.08248290e-01 -7.07106781e-01 -5.77350269e-01]]
this ions should have laser shined:  [0 1]
>>>>>>>>>> P and G calculate time used is: 5.481564044952393 seconds
error: 0.31611973214290084
>>>>>>>>>> optimization time used is: 11.10297703742981 seconds
alpha max are: [1, 1, 1]  for phonon cut-off in simulation
./calculation results/data/
segnum 14 (array([ 0.5       ,  0.25089254, -0.09008934,  0.11093441, -0.03982465,
       -0.23061401, -0.38863142, -0.38867562, -0.23067601, -0.03980282,
        0.11102123, -0.09005455,  0.25080984,  0.5       ]), array([ 0.5       ,  0.25089254, -0.09008934,  0.11093441, -0.03982465,
       -0.23061401, -0.38863142, -0.38867562, -0.23067601, -0.03980282,
        0.11102123, -0.09005455,  0.25080984,  0.5       ]))
-------- N 3 segNum 16 --------
init
Z_freq [2.06446957 2.13262305 2.18      ]
detuning [-0.06122796937035835, 0.006925511717484234, 0.05430245765287367]
tau 240.0
mode [[ 4.08248290e-01  7.07106781e-01 -5.77350269e-01]
 [-8.16496581e-01  1.19683070e-15 -5.77350269e-01]
 [ 4.08248290e-01 -7.07106781e-01 -5.77350269e-01]]
this ions should have laser shined:  [0 1]
>>>>>>>>>> P and G calculate time used is: 6.969754934310913 seconds
error: 0.06716869497942662
>>>>>>>>>> optimization time used is: 8.968878984451294 seconds
alpha max are: [1, 1, 1]  for phonon cut-off in simulation
./calculation results/data/
segnum 16 (array([ 0.5       ,  0.5       , -0.2233858 ,  0.10773266,  0.17892087,
        0.03071192, -0.36103993, -0.5       , -0.5       , -0.3618168 ,
        0.03147084,  0.179221  ,  0.10720484, -0.22321102,  0.5       ,
        0.5       ]), array([ 0.5       ,  0.5       , -0.2233858 ,  0.10773266,  0.17892087,
        0.03071192, -0.36103993, -0.5       , -0.5       , -0.3618168 ,
        0.03147084,  0.179221  ,  0.10720484, -0.22321102,  0.5       ,
        0.5       ]))
-------- N 3 segNum 18 --------
init
Z_freq [2.06446957 2.13262305 2.18      ]
detuning [-0.06122796937035835, 0.006925511717484234, 0.05430245765287367]
tau 269.99999999999994
mode [[ 4.08248290e-01  7.07106781e-01 -5.77350269e-01]
 [-8.16496581e-01  1.19683070e-15 -5.77350269e-01]
 [ 4.08248290e-01 -7.07106781e-01 -5.77350269e-01]]
this ions should have laser shined:  [0 1]
>>>>>>>>>> P and G calculate time used is: 9.17088270187378 seconds
error: 4.9370847806279885e-06
>>>>>>>>>> optimization time used is: 18.632476806640625 seconds
alpha max are: [1, 1, 1]  for phonon cut-off in simulation
./calculation results/data/
segnum 18 (array([ 0.33234634,  0.22809337,  0.11495494,  0.15967662,  0.15501991,
        0.11434629, -0.23013244, -0.34154836, -0.2834312 , -0.28330515,
       -0.34132602, -0.22996648,  0.11446807,  0.15503283,  0.15964477,
        0.11513181,  0.22829302,  0.33187069]), array([ 0.33234634,  0.22809337,  0.11495494,  0.15967662,  0.15501991,
        0.11434629, -0.23013244, -0.34154836, -0.2834312 , -0.28330515,
       -0.34132602, -0.22996648,  0.11446807,  0.15503283,  0.15964477,
        0.11513181,  0.22829302,  0.33187069]))
-------- N 4 segNum 18 --------
init
Z_freq [2.04605196 2.09394985 2.14748208 2.18      ]
detuning [-0.0708190100385826, -0.02292112533574997, 0.030611108082306604, 0.06312902729202641]
tau 269.99999999999994
mode [[ 0.25490142  0.5        -0.65956445 -0.5       ]
 [-0.65956445 -0.5        -0.25490142 -0.5       ]
 [ 0.65956445 -0.5         0.25490142 -0.5       ]
 [-0.25490142  0.5         0.65956445 -0.5       ]]
this ions should have laser shined:  [0 1]
>>>>>>>>>> P and G calculate time used is: 20.80455493927002 seconds
error: 0.12263636409940624
>>>>>>>>>> optimization time used is: 21.201422214508057 seconds
alpha max are: [1, 1, 1, 1]  for phonon cut-off in simulation
./calculation results/data/
segnum 18 (array([ 5.00000000e-01,  4.46078316e-04, -1.97935051e-01,  3.28310526e-01,
        2.23298504e-01,  4.89013452e-02,  1.18697529e-02,  1.70191588e-01,
        3.63797259e-01,  3.63784262e-01,  1.70169533e-01,  1.18656200e-02,
        4.89165978e-02,  2.23309017e-01,  3.28301089e-01, -1.97939148e-01,
        4.90380898e-04,  5.00000000e-01]), array([ 5.00000000e-01,  4.46078316e-04, -1.97935051e-01,  3.28310526e-01,
        2.23298504e-01,  4.89013452e-02,  1.18697529e-02,  1.70191588e-01,
        3.63797259e-01,  3.63784262e-01,  1.70169533e-01,  1.18656200e-02,
        4.89165978e-02,  2.23309017e-01,  3.28301089e-01, -1.97939148e-01,
        4.90380898e-04,  5.00000000e-01]))
-------- N 4 segNum 20 --------
init
Z_freq [2.04605196 2.09394985 2.14748208 2.18      ]
detuning [-0.0708190100385826, -0.02292112533574997, 0.030611108082306604, 0.06312902729202641]
tau 300.0
mode [[ 0.25490142  0.5        -0.65956445 -0.5       ]
 [-0.65956445 -0.5        -0.25490142 -0.5       ]
 [ 0.65956445 -0.5         0.25490142 -0.5       ]
 [-0.25490142  0.5         0.65956445 -0.5       ]]
this ions should have laser shined:  [0 1]
>>>>>>>>>> P and G calculate time used is: 25.664215803146362 seconds
error: 1.0798572558035237e-06
>>>>>>>>>> optimization time used is: 44.398491859436035 seconds
alpha max are: [1, 1, 1, 1]  for phonon cut-off in simulation
./calculation results/data/
segnum 20 (array([0.33267895, 0.06837948, 0.03101136, 0.11679548, 0.14514264,
       0.0819573 , 0.06858608, 0.08971345, 0.21131655, 0.27580308,
       0.27587007, 0.21134006, 0.08960509, 0.06858312, 0.08205876,
       0.14511573, 0.11671023, 0.03105504, 0.06846508, 0.33259081]), array([0.33267895, 0.06837948, 0.03101136, 0.11679548, 0.14514264,
       0.0819573 , 0.06858608, 0.08971345, 0.21131655, 0.27580308,
       0.27587007, 0.21134006, 0.08960509, 0.06858312, 0.08205876,
       0.14511573, 0.11671023, 0.03105504, 0.06846508, 0.33259081]))
-------- N 5 segNum 20 --------
init
Z_freq [2.03629824 2.07049482 2.11367225 2.15614805 2.18      ]
detuning [-0.07502443429270178, -0.04082785333594163, 0.0023495829042432526, 0.04482537538365161, 0.06867732934074944]
tau 300.0
mode [[-1.72308939e-01  3.55728185e-01  5.19913098e-01  6.11111658e-01
  -4.47213595e-01]
 [ 5.02392969e-01 -6.11111658e-01 -2.18177232e-01  3.55728185e-01
  -4.47213595e-01]
 [-6.60168061e-01 -3.96464796e-15 -6.03471732e-01  4.29387656e-15
  -4.47213595e-01]
 [ 5.02392969e-01  6.11111658e-01 -2.18177232e-01 -3.55728185e-01
  -4.47213595e-01]
 [-1.72308939e-01 -3.55728185e-01  5.19913098e-01 -6.11111658e-01
  -4.47213595e-01]]
this ions should have laser shined:  [0 1]
>>>>>>>>>> P and G calculate time used is: 49.71249580383301 seconds
error: 1.8585249102918306e-07
>>>>>>>>>> optimization time used is: 151.93749618530273 seconds
alpha max are: [1, 1, 1, 1, 1]  for phonon cut-off in simulation
./calculation results/data/
segnum 20 (array([ 0.47373746, -0.46342641, -0.14164204,  0.49485899,  0.20409869,
       -0.49433132, -0.28396126,  0.47561536,  0.23592049, -0.49668244,
       -0.49570871,  0.29386998,  0.39637195, -0.24493152, -0.49710516,
        0.20523479,  0.49566887, -0.15611378, -0.44570445,  0.46667   ]), array([ 0.47373746, -0.46342641, -0.14164204,  0.49485899,  0.20409869,
       -0.49433132, -0.28396126,  0.47561536,  0.23592049, -0.49668244,
       -0.49570871,  0.29386998,  0.39637195, -0.24493152, -0.49710516,
        0.20523479,  0.49566887, -0.15611378, -0.44570445,  0.46667   ]))
-------- N 6 segNum 20 --------
init
Z_freq [2.03058197 2.05590629 2.0896715  2.12727185 2.16166897 2.18      ]
detuning [-0.07693479044618146, -0.05161047501954963, -0.017845263494913777, 0.019755084132926815, 0.05415220664566256, 0.07248323818205638]
tau 300.0
mode [[-0.12350251  0.26231938 -0.40165268  0.5143169   0.56870226 -0.40824829]
 [ 0.38498356 -0.57657119  0.44185272 -0.0299832   0.39566884 -0.40824829]
 [-0.58011618  0.31425181  0.37873645 -0.4843337   0.14150586 -0.40824829]
 [ 0.58011618  0.31425181 -0.37873645 -0.4843337  -0.14150586 -0.40824829]
 [-0.38498356 -0.57657119 -0.44185272 -0.0299832  -0.39566884 -0.40824829]
 [ 0.12350251  0.26231938  0.40165268  0.5143169  -0.56870226 -0.40824829]]
this ions should have laser shined:  [0 1]
>>>>>>>>>> P and G calculate time used is: 87.0608069896698 seconds
error: 0.019352973817231407
>>>>>>>>>> optimization time used is: 180.4480059146881 seconds
alpha max are: [1, 1, 1, 1, 1, 1]  for phonon cut-off in simulation
./calculation results/data/
segnum 20 (array([-0.06811864, -0.16753644,  0.5       , -0.22197117, -0.5       ,
        0.38672278,  0.5       , -0.49391549, -0.5       ,  0.5       ,
        0.43080453, -0.5       , -0.46162584,  0.5       ,  0.36558364,
       -0.5       , -0.20730456,  0.5       , -0.18023992, -0.06045816]), array([-0.06811864, -0.16753644,  0.5       , -0.22197117, -0.5       ,
        0.38672278,  0.5       , -0.49391549, -0.5       ,  0.5       ,
        0.43080453, -0.5       , -0.46162584,  0.5       ,  0.36558364,
       -0.5       , -0.20730456,  0.5       , -0.18023992, -0.06045816]))
-------- N 6 segNum 22 --------
init
Z_freq [2.03058197 2.05590629 2.0896715  2.12727185 2.16166897 2.18      ]
detuning [-0.07693479044618146, -0.05161047501954963, -0.017845263494913777, 0.019755084132926815, 0.05415220664566256, 0.07248323818205638]
tau 330.0
mode [[-0.12350251  0.26231938 -0.40165268  0.5143169   0.56870226 -0.40824829]
 [ 0.38498356 -0.57657119  0.44185272 -0.0299832   0.39566884 -0.40824829]
 [-0.58011618  0.31425181  0.37873645 -0.4843337   0.14150586 -0.40824829]
 [ 0.58011618  0.31425181 -0.37873645 -0.4843337  -0.14150586 -0.40824829]
 [-0.38498356 -0.57657119 -0.44185272 -0.0299832  -0.39566884 -0.40824829]
 [ 0.12350251  0.26231938  0.40165268  0.5143169  -0.56870226 -0.40824829]]
this ions should have laser shined:  [0 1]
>>>>>>>>>> P and G calculate time used is: 103.35176706314087 seconds
error: 0.0032332111258531813
>>>>>>>>>> optimization time used is: 210.28444695472717 seconds
alpha max are: [1, 1, 1, 1, 1, 1]  for phonon cut-off in simulation
./calculation results/data/
segnum 22 (array([-0.26274634,  0.49546526, -0.15132337, -0.49750213,  0.32504035,
        0.49309234, -0.48617346, -0.39161295,  0.5       ,  0.22475347,
       -0.26088493, -0.5       ,  0.31986794,  0.5       , -0.38167618,
       -0.4967839 ,  0.5       ,  0.29724051, -0.5       , -0.06234104,
        0.38199581, -0.21273008]), array([-0.26274634,  0.49546526, -0.15132337, -0.49750213,  0.32504035,
        0.49309234, -0.48617346, -0.39161295,  0.5       ,  0.22475347,
       -0.26088493, -0.5       ,  0.31986794,  0.5       , -0.38167618,
       -0.4967839 ,  0.5       ,  0.29724051, -0.5       , -0.06234104,
        0.38199581, -0.21273008]))
-------- N 6 segNum 24 --------
init
Z_freq [2.03058197 2.05590629 2.0896715  2.12727185 2.16166897 2.18      ]
detuning [-0.07693479044618146, -0.05161047501954963, -0.017845263494913777, 0.019755084132926815, 0.05415220664566256, 0.07248323818205638]
tau 360.0
mode [[-0.12350251  0.26231938 -0.40165268  0.5143169   0.56870226 -0.40824829]
 [ 0.38498356 -0.57657119  0.44185272 -0.0299832   0.39566884 -0.40824829]
 [-0.58011618  0.31425181  0.37873645 -0.4843337   0.14150586 -0.40824829]
 [ 0.58011618  0.31425181 -0.37873645 -0.4843337  -0.14150586 -0.40824829]
 [-0.38498356 -0.57657119 -0.44185272 -0.0299832  -0.39566884 -0.40824829]
 [ 0.12350251  0.26231938  0.40165268  0.5143169  -0.56870226 -0.40824829]]
this ions should have laser shined:  [0 1]
>>>>>>>>>> P and G calculate time used is: 123.65868711471558 seconds
error: 2.0597907912501978e-06
>>>>>>>>>> optimization time used is: 272.7739689350128 seconds
alpha max are: [1, 1, 1, 1, 1, 1]  for phonon cut-off in simulation
./calculation results/data/
segnum 24 (array([ 0.06252029, -0.3427031 ,  0.49079532, -0.071637  , -0.48965642,
        0.22555466,  0.48535383, -0.3074005 , -0.49877705,  0.36735555,
        0.48626945, -0.40834488, -0.49326133,  0.40290611,  0.44225484,
       -0.41631059, -0.36900811,  0.36407257,  0.37144995, -0.48481294,
       -0.14349197,  0.4944266 , -0.29568605,  0.03786347]), array([ 0.06252029, -0.3427031 ,  0.49079532, -0.071637  , -0.48965642,
        0.22555466,  0.48535383, -0.3074005 , -0.49877705,  0.36735555,
        0.48626945, -0.40834488, -0.49326133,  0.40290611,  0.44225484,
       -0.41631059, -0.36900811,  0.36407257,  0.37144995, -0.48481294,
       -0.14349197,  0.4944266 , -0.29568605,  0.03786347]))
-------- N 7 segNum 24 --------
init
Z_freq [2.02696747 2.04636187 2.07303596 2.10443011 2.13700414 2.16541809
 2.18      ]
detuning [-0.0777779064589681, -0.05838350563113304, -0.03170941768003699, -0.00031526547903393265, 0.032258762321342616, 0.06067271184280809, 0.0752546210850209]
tau 360.0
mode [[-9.26089709e-02 -1.99920417e-01  3.14758444e-01  4.19990659e-01
   4.99493301e-01  5.32578326e-01 -3.77964473e-01]
 [ 3.00631832e-01  5.05429579e-01 -5.08553673e-01 -2.78007385e-01
   9.02026607e-02  4.08965567e-01 -3.77964473e-01]
 [-4.90910561e-01 -4.52297212e-01 -6.85088171e-02 -4.96306095e-01
  -3.33850596e-01  2.21602102e-01 -3.77964473e-01]
 [ 5.65775399e-01 -4.35660639e-15  5.24608092e-01  1.64825507e-15
  -5.11690731e-01 -6.92737235e-16 -3.77964473e-01]
 [-4.90910561e-01  4.52297212e-01 -6.85088171e-02  4.96306095e-01
  -3.33850596e-01 -2.21602102e-01 -3.77964473e-01]
 [ 3.00631832e-01 -5.05429579e-01 -5.08553673e-01  2.78007385e-01
   9.02026607e-02 -4.08965567e-01 -3.77964473e-01]
 [-9.26089709e-02  1.99920417e-01  3.14758444e-01 -4.19990659e-01
   4.99493301e-01 -5.32578326e-01 -3.77964473e-01]]
this ions should have laser shined:  [0 1]
>>>>>>>>>> P and G calculate time used is: 197.94076299667358 seconds
error: 0.048886217003004225
>>>>>>>>>> optimization time used is: 318.58492732048035 seconds
alpha max are: [1, 1, 1, 1, 1, 1, 1]  for phonon cut-off in simulation
./calculation results/data/
segnum 24 (array([ 0.34315728, -0.25305763,  0.14150287,  0.13004127, -0.20108661,
       -0.11448757, -0.22821653, -0.15249157, -0.22949939, -0.25914495,
       -0.12935651, -0.02528487, -0.07909283, -0.16260522, -0.07573703,
        0.07767369, -0.0134442 , -0.11083361,  0.32933443,  0.08677086,
        0.2396965 ,  0.39240289, -0.17639977,  0.46937916]), array([ 0.34315728, -0.25305763,  0.14150287,  0.13004127, -0.20108661,
       -0.11448757, -0.22821653, -0.15249157, -0.22949939, -0.25914495,
       -0.12935651, -0.02528487, -0.07909283, -0.16260522, -0.07573703,
        0.07767369, -0.0134442 , -0.11083361,  0.32933443,  0.08677086,
        0.2396965 ,  0.39240289, -0.17639977,  0.46937916]))
-------- N 7 segNum 26 --------
init
Z_freq [2.02696747 2.04636187 2.07303596 2.10443011 2.13700414 2.16541809
 2.18      ]
detuning [-0.0777779064589681, -0.05838350563113304, -0.03170941768003699, -0.00031526547903393265, 0.032258762321342616, 0.06067271184280809, 0.0752546210850209]
tau 389.99999999999994
mode [[-9.26089709e-02 -1.99920417e-01  3.14758444e-01  4.19990659e-01
   4.99493301e-01  5.32578326e-01 -3.77964473e-01]
 [ 3.00631832e-01  5.05429579e-01 -5.08553673e-01 -2.78007385e-01
   9.02026607e-02  4.08965567e-01 -3.77964473e-01]
 [-4.90910561e-01 -4.52297212e-01 -6.85088171e-02 -4.96306095e-01
  -3.33850596e-01  2.21602102e-01 -3.77964473e-01]
 [ 5.65775399e-01 -4.35660639e-15  5.24608092e-01  1.64825507e-15
  -5.11690731e-01 -6.92737235e-16 -3.77964473e-01]
 [-4.90910561e-01  4.52297212e-01 -6.85088171e-02  4.96306095e-01
  -3.33850596e-01 -2.21602102e-01 -3.77964473e-01]
 [ 3.00631832e-01 -5.05429579e-01 -5.08553673e-01  2.78007385e-01
   9.02026607e-02 -4.08965567e-01 -3.77964473e-01]
 [-9.26089709e-02  1.99920417e-01  3.14758444e-01 -4.19990659e-01
   4.99493301e-01 -5.32578326e-01 -3.77964473e-01]]
this ions should have laser shined:  [0 1]
>>>>>>>>>> P and G calculate time used is: 220.29419612884521 seconds
error: 0.041311010207253536
>>>>>>>>>> optimization time used is: 174.0895390510559 seconds
alpha max are: [1, 1, 1, 1, 1, 1, 1]  for phonon cut-off in simulation
./calculation results/data/
segnum 26 (array([ 0.40189169, -0.23287463,  0.30165351,  0.2203328 ,  0.10181576,
        0.01911992, -0.02356766, -0.03393071, -0.08860603, -0.16936715,
       -0.19919434, -0.16514277, -0.13128634, -0.13146213, -0.16540149,
       -0.19880155, -0.16983318, -0.08851906, -0.03424325, -0.02357549,
        0.01867882,  0.10203085,  0.22009151,  0.30139858, -0.23267376,
        0.40178238]), array([ 0.40189169, -0.23287463,  0.30165351,  0.2203328 ,  0.10181576,
        0.01911992, -0.02356766, -0.03393071, -0.08860603, -0.16936715,
       -0.19919434, -0.16514277, -0.13128634, -0.13146213, -0.16540149,
       -0.19880155, -0.16983318, -0.08851906, -0.03424325, -0.02357549,
        0.01867882,  0.10203085,  0.22009151,  0.30139858, -0.23267376,
        0.40178238]))
-------- N 7 segNum 28 --------
init
Z_freq [2.02696747 2.04636187 2.07303596 2.10443011 2.13700414 2.16541809
 2.18      ]
detuning [-0.0777779064589681, -0.05838350563113304, -0.03170941768003699, -0.00031526547903393265, 0.032258762321342616, 0.06067271184280809, 0.0752546210850209]
tau 420.0
mode [[-9.26089709e-02 -1.99920417e-01  3.14758444e-01  4.19990659e-01
   4.99493301e-01  5.32578326e-01 -3.77964473e-01]
 [ 3.00631832e-01  5.05429579e-01 -5.08553673e-01 -2.78007385e-01
   9.02026607e-02  4.08965567e-01 -3.77964473e-01]
 [-4.90910561e-01 -4.52297212e-01 -6.85088171e-02 -4.96306095e-01
  -3.33850596e-01  2.21602102e-01 -3.77964473e-01]
 [ 5.65775399e-01 -4.35660639e-15  5.24608092e-01  1.64825507e-15
  -5.11690731e-01 -6.92737235e-16 -3.77964473e-01]
 [-4.90910561e-01  4.52297212e-01 -6.85088171e-02  4.96306095e-01
  -3.33850596e-01 -2.21602102e-01 -3.77964473e-01]
 [ 3.00631832e-01 -5.05429579e-01 -5.08553673e-01  2.78007385e-01
   9.02026607e-02 -4.08965567e-01 -3.77964473e-01]
 [-9.26089709e-02  1.99920417e-01  3.14758444e-01 -4.19990659e-01
   4.99493301e-01 -5.32578326e-01 -3.77964473e-01]]
this ions should have laser shined:  [0 1]
>>>>>>>>>> P and G calculate time used is: 253.22594165802002 seconds
error: 0.032480604940985314
>>>>>>>>>> optimization time used is: 162.79682612419128 seconds
alpha max are: [1, 1, 1, 1, 1, 1, 1]  for phonon cut-off in simulation
./calculation results/data/
segnum 28 (array([ 0.49163218, -0.46177919,  0.4266758 ,  0.2333947 ,  0.01532809,
        0.03100843,  0.08423987,  0.06078923, -0.04951843, -0.15022829,
       -0.14840779, -0.1121257 , -0.16021176, -0.25553216, -0.25558049,
       -0.1604335 , -0.11264506, -0.14923785, -0.15129976, -0.05079617,
        0.05935125,  0.0828371 ,  0.02990858,  0.01460111,  0.23287937,
        0.4263182 , -0.46178431,  0.49186274]), array([ 0.49163218, -0.46177919,  0.4266758 ,  0.2333947 ,  0.01532809,
        0.03100843,  0.08423987,  0.06078923, -0.04951843, -0.15022829,
       -0.14840779, -0.1121257 , -0.16021176, -0.25553216, -0.25558049,
       -0.1604335 , -0.11264506, -0.14923785, -0.15129976, -0.05079617,
        0.05935125,  0.0828371 ,  0.02990858,  0.01460111,  0.23287937,
        0.4263182 , -0.46178431,  0.49186274]))
-------- N 7 segNum 30 --------
init
Z_freq [2.02696747 2.04636187 2.07303596 2.10443011 2.13700414 2.16541809
 2.18      ]
detuning [-0.0777779064589681, -0.05838350563113304, -0.03170941768003699, -0.00031526547903393265, 0.032258762321342616, 0.06067271184280809, 0.0752546210850209]
tau 450.0
mode [[-9.26089709e-02 -1.99920417e-01  3.14758444e-01  4.19990659e-01
   4.99493301e-01  5.32578326e-01 -3.77964473e-01]
 [ 3.00631832e-01  5.05429579e-01 -5.08553673e-01 -2.78007385e-01
   9.02026607e-02  4.08965567e-01 -3.77964473e-01]
 [-4.90910561e-01 -4.52297212e-01 -6.85088171e-02 -4.96306095e-01
  -3.33850596e-01  2.21602102e-01 -3.77964473e-01]
 [ 5.65775399e-01 -4.35660639e-15  5.24608092e-01  1.64825507e-15
  -5.11690731e-01 -6.92737235e-16 -3.77964473e-01]
 [-4.90910561e-01  4.52297212e-01 -6.85088171e-02  4.96306095e-01
  -3.33850596e-01 -2.21602102e-01 -3.77964473e-01]
 [ 3.00631832e-01 -5.05429579e-01 -5.08553673e-01  2.78007385e-01
   9.02026607e-02 -4.08965567e-01 -3.77964473e-01]
 [-9.26089709e-02  1.99920417e-01  3.14758444e-01 -4.19990659e-01
   4.99493301e-01 -5.32578326e-01 -3.77964473e-01]]
this ions should have laser shined:  [0 1]
>>>>>>>>>> P and G calculate time used is: 302.6610600948334 seconds
error: 0.011628698245295131
>>>>>>>>>> optimization time used is: 108.30180668830872 seconds
alpha max are: [1, 1, 1, 1, 1, 1, 1]  for phonon cut-off in simulation
./calculation results/data/
segnum 30 (array([ 0.5       , -0.2369116 ,  0.0734739 ,  0.3631046 ,  0.17223851,
       -0.10429968, -0.05794607,  0.1533132 ,  0.1457034 , -0.12176726,
       -0.1760074 , -0.09036643, -0.05729046, -0.1867974 , -0.37558199,
       -0.37559787, -0.18679287, -0.05719384, -0.09021202, -0.17590748,
       -0.12176066,  0.14570388,  0.15338698, -0.05784781, -0.10427105,
        0.17222756,  0.36317258,  0.07358214, -0.2370176 ,  0.5       ]), array([ 0.5       , -0.2369116 ,  0.0734739 ,  0.3631046 ,  0.17223851,
       -0.10429968, -0.05794607,  0.1533132 ,  0.1457034 , -0.12176726,
       -0.1760074 , -0.09036643, -0.05729046, -0.1867974 , -0.37558199,
       -0.37559787, -0.18679287, -0.05719384, -0.09021202, -0.17590748,
       -0.12176066,  0.14570388,  0.15338698, -0.05784781, -0.10427105,
        0.17222756,  0.36317258,  0.07358214, -0.2370176 ,  0.5       ]))
-------- N 7 segNum 32 --------
init
Z_freq [2.02696747 2.04636187 2.07303596 2.10443011 2.13700414 2.16541809
 2.18      ]
detuning [-0.0777779064589681, -0.05838350563113304, -0.03170941768003699, -0.00031526547903393265, 0.032258762321342616, 0.06067271184280809, 0.0752546210850209]
tau 480.0
mode [[-9.26089709e-02 -1.99920417e-01  3.14758444e-01  4.19990659e-01
   4.99493301e-01  5.32578326e-01 -3.77964473e-01]
 [ 3.00631832e-01  5.05429579e-01 -5.08553673e-01 -2.78007385e-01
   9.02026607e-02  4.08965567e-01 -3.77964473e-01]
 [-4.90910561e-01 -4.52297212e-01 -6.85088171e-02 -4.96306095e-01
  -3.33850596e-01  2.21602102e-01 -3.77964473e-01]
 [ 5.65775399e-01 -4.35660639e-15  5.24608092e-01  1.64825507e-15
  -5.11690731e-01 -6.92737235e-16 -3.77964473e-01]
 [-4.90910561e-01  4.52297212e-01 -6.85088171e-02  4.96306095e-01
  -3.33850596e-01 -2.21602102e-01 -3.77964473e-01]
 [ 3.00631832e-01 -5.05429579e-01 -5.08553673e-01  2.78007385e-01
   9.02026607e-02 -4.08965567e-01 -3.77964473e-01]
 [-9.26089709e-02  1.99920417e-01  3.14758444e-01 -4.19990659e-01
   4.99493301e-01 -5.32578326e-01 -3.77964473e-01]]
this ions should have laser shined:  [0 1]
>>>>>>>>>> P and G calculate time used is: 338.91086316108704 seconds
error: 5.307119721236631e-07
>>>>>>>>>> optimization time used is: 426.3188319206238 seconds
alpha max are: [1, 1, 1, 1, 1, 1, 1]  for phonon cut-off in simulation
./calculation results/data/
segnum 32 (array([ 0.23584048,  0.06255541,  0.03988652,  0.18045499,  0.16342098,
        0.06112436, -0.00362961,  0.00185081,  0.06749051,  0.04140508,
       -0.05042643, -0.08219272, -0.09851429, -0.10402853, -0.20653356,
       -0.3067646 , -0.30765755, -0.20623415, -0.10425572, -0.09837954,
       -0.08243424, -0.05038315,  0.04151539,  0.06705345,  0.00218036,
       -0.00336596,  0.06051357,  0.16335748,  0.18087965,  0.03994912,
        0.06196041,  0.2363438 ]), array([ 0.23584048,  0.06255541,  0.03988652,  0.18045499,  0.16342098,
        0.06112436, -0.00362961,  0.00185081,  0.06749051,  0.04140508,
       -0.05042643, -0.08219272, -0.09851429, -0.10402853, -0.20653356,
       -0.3067646 , -0.30765755, -0.20623415, -0.10425572, -0.09837954,
       -0.08243424, -0.05038315,  0.04151539,  0.06705345,  0.00218036,
       -0.00336596,  0.06051357,  0.16335748,  0.18087965,  0.03994912,
        0.06196041,  0.2363438 ]))
-------- N 8 segNum 32 --------
init
Z_freq [2.02454511 2.03982514 2.06125984 2.08729881 2.11587912 2.14420491
 2.16808941 2.18      ]
detuning [-0.07809267856151614, -0.06281264985233781, -0.04137795733312721, -0.015338983563854214, 0.013241328054158341, 0.04156711267686175, 0.06545162178505803, 0.07736220679475947]
tau 480.0
mode [[-0.07189136 -0.1568275  -0.25117114  0.34399251 -0.42419843 -0.48174089
   0.50179715  0.35355339]
 [ 0.23972116  0.43288002  0.50318768 -0.3997134   0.14622343 -0.16686545
   0.40982268  0.35355339]
 [-0.4119937  -0.49152133 -0.16178176 -0.30406269  0.48216221  0.20236765
   0.26759569  0.35355339]
 [ 0.51732638  0.21546881 -0.39691545  0.35978358  0.25728195  0.44623869
   0.09293833  0.35355339]
 [-0.51732638  0.21546881  0.39691545  0.35978358 -0.25728195  0.44623869
  -0.09293833  0.35355339]
 [ 0.4119937  -0.49152133  0.16178176 -0.30406269 -0.48216221  0.20236765
  -0.26759569  0.35355339]
 [-0.23972116  0.43288002 -0.50318768 -0.3997134  -0.14622343 -0.16686545
  -0.40982268  0.35355339]
 [ 0.07189136 -0.1568275   0.25117114  0.34399251  0.42419843 -0.48174089
  -0.50179715  0.35355339]]
this ions should have laser shined:  [0 1]
>>>>>>>>>> P and G calculate time used is: 493.8300561904907 seconds
error: 0.012813682665525343
>>>>>>>>>> optimization time used is: 218.3162431716919 seconds
alpha max are: [1, 1, 1, 1, 1, 1, 1, 1]  for phonon cut-off in simulation
./calculation results/data/
segnum 32 (array([ 0.5       , -0.28875025,  0.19954462,  0.34589955,  0.0857979 ,
       -0.08908943, -0.04576684,  0.00536399, -0.05404401, -0.11391793,
       -0.05601887,  0.05770384,  0.12832244,  0.17039618,  0.20099673,
        0.25849349,  0.25838895,  0.20075166,  0.17013803,  0.12817572,
        0.05768527, -0.05695363, -0.11499301, -0.05413859,  0.00714653,
       -0.04624275, -0.08754897,  0.08416743,  0.34740846,  0.20073409,
       -0.29108591,  0.5       ]), array([ 0.5       , -0.28875025,  0.19954462,  0.34589955,  0.0857979 ,
       -0.08908943, -0.04576684,  0.00536399, -0.05404401, -0.11391793,
       -0.05601887,  0.05770384,  0.12832244,  0.17039618,  0.20099673,
        0.25849349,  0.25838895,  0.20075166,  0.17013803,  0.12817572,
        0.05768527, -0.05695363, -0.11499301, -0.05413859,  0.00714653,
       -0.04624275, -0.08754897,  0.08416743,  0.34740846,  0.20073409,
       -0.29108591,  0.5       ]))
-------- N 8 segNum 34 --------
init
Z_freq [2.02454511 2.03982514 2.06125984 2.08729881 2.11587912 2.14420491
 2.16808941 2.18      ]
detuning [-0.07809267856151614, -0.06281264985233781, -0.04137795733312721, -0.015338983563854214, 0.013241328054158341, 0.04156711267686175, 0.06545162178505803, 0.07736220679475947]
tau 509.99999999999994
mode [[-0.07189136 -0.1568275  -0.25117114  0.34399251 -0.42419843 -0.48174089
   0.50179715  0.35355339]
 [ 0.23972116  0.43288002  0.50318768 -0.3997134   0.14622343 -0.16686545
   0.40982268  0.35355339]
 [-0.4119937  -0.49152133 -0.16178176 -0.30406269  0.48216221  0.20236765
   0.26759569  0.35355339]
 [ 0.51732638  0.21546881 -0.39691545  0.35978358  0.25728195  0.44623869
   0.09293833  0.35355339]
 [-0.51732638  0.21546881  0.39691545  0.35978358 -0.25728195  0.44623869
  -0.09293833  0.35355339]
 [ 0.4119937  -0.49152133  0.16178176 -0.30406269 -0.48216221  0.20236765
  -0.26759569  0.35355339]
 [-0.23972116  0.43288002 -0.50318768 -0.3997134  -0.14622343 -0.16686545
  -0.40982268  0.35355339]
 [ 0.07189136 -0.1568275   0.25117114  0.34399251  0.42419843 -0.48174089
  -0.50179715  0.35355339]]
this ions should have laser shined:  [0 1]
>>>>>>>>>> P and G calculate time used is: 560.9175009727478 seconds
error: 0.004168522703213493
>>>>>>>>>> optimization time used is: 227.88123393058777 seconds
alpha max are: [1, 1, 1, 1, 1, 1, 1, 1]  for phonon cut-off in simulation
./calculation results/data/
segnum 34 (array([ 0.5       , -0.25545422,  0.13211937,  0.36167039,  0.12194956,
       -0.10065635, -0.01432084,  0.13488025,  0.06106647, -0.1064196 ,
       -0.11042165,  0.04934828,  0.14125713,  0.09214216,  0.08974278,
        0.18548596,  0.36799713,  0.36787488,  0.18601448,  0.08829205,
        0.09266892,  0.14254681,  0.04865195, -0.11311469, -0.1058472 ,
        0.06455927,  0.13326846, -0.01560432, -0.09991001,  0.12362696,
        0.36155721,  0.1300265 , -0.25447758,  0.5       ]), array([ 0.5       , -0.25545422,  0.13211937,  0.36167039,  0.12194956,
       -0.10065635, -0.01432084,  0.13488025,  0.06106647, -0.1064196 ,
       -0.11042165,  0.04934828,  0.14125713,  0.09214216,  0.08974278,
        0.18548596,  0.36799713,  0.36787488,  0.18601448,  0.08829205,
        0.09266892,  0.14254681,  0.04865195, -0.11311469, -0.1058472 ,
        0.06455927,  0.13326846, -0.01560432, -0.09991001,  0.12362696,
        0.36155721,  0.1300265 , -0.25447758,  0.5       ]))
-------- N 8 segNum 36 --------
init
Z_freq [2.02454511 2.03982514 2.06125984 2.08729881 2.11587912 2.14420491
 2.16808941 2.18      ]
detuning [-0.07809267856151614, -0.06281264985233781, -0.04137795733312721, -0.015338983563854214, 0.013241328054158341, 0.04156711267686175, 0.06545162178505803, 0.07736220679475947]
tau 539.9999999999999
mode [[-0.07189136 -0.1568275  -0.25117114  0.34399251 -0.42419843 -0.48174089
   0.50179715  0.35355339]
 [ 0.23972116  0.43288002  0.50318768 -0.3997134   0.14622343 -0.16686545
   0.40982268  0.35355339]
 [-0.4119937  -0.49152133 -0.16178176 -0.30406269  0.48216221  0.20236765
   0.26759569  0.35355339]
 [ 0.51732638  0.21546881 -0.39691545  0.35978358  0.25728195  0.44623869
   0.09293833  0.35355339]
 [-0.51732638  0.21546881  0.39691545  0.35978358 -0.25728195  0.44623869
  -0.09293833  0.35355339]
 [ 0.4119937  -0.49152133  0.16178176 -0.30406269 -0.48216221  0.20236765
  -0.26759569  0.35355339]
 [-0.23972116  0.43288002 -0.50318768 -0.3997134  -0.14622343 -0.16686545
  -0.40982268  0.35355339]
 [ 0.07189136 -0.1568275   0.25117114  0.34399251  0.42419843 -0.48174089
  -0.50179715  0.35355339]]
this ions should have laser shined:  [0 1]
>>>>>>>>>> P and G calculate time used is: 622.3039951324463 seconds
error: 8.951202775204901e-07
>>>>>>>>>> optimization time used is: 500.5513172149658 seconds
alpha max are: [1, 1, 1, 1, 1, 1, 1, 1]  for phonon cut-off in simulation
./calculation results/data/
segnum 36 (array([ 0.24968865, -0.01018502,  0.08442321,  0.19766674,  0.15049617,
        0.03801752,  0.0089531 ,  0.05597109,  0.06715867,  0.00919587,
       -0.03463336, -0.01327102,  0.05216025,  0.06790225,  0.0957173 ,
        0.12996949,  0.20162803,  0.28117888,  0.28330382,  0.20200622,
        0.12872333,  0.09575397,  0.0683289 ,  0.0524358 , -0.01342341,
       -0.03504525,  0.00920693,  0.06762171,  0.05603419,  0.00845163,
        0.03797547,  0.15095579,  0.19758413,  0.08406401, -0.00992387,
        0.24968058]), array([ 0.24968865, -0.01018502,  0.08442321,  0.19766674,  0.15049617,
        0.03801752,  0.0089531 ,  0.05597109,  0.06715867,  0.00919587,
       -0.03463336, -0.01327102,  0.05216025,  0.06790225,  0.0957173 ,
        0.12996949,  0.20162803,  0.28117888,  0.28330382,  0.20200622,
        0.12872333,  0.09575397,  0.0683289 ,  0.0524358 , -0.01342341,
       -0.03504525,  0.00920693,  0.06762171,  0.05603419,  0.00845163,
        0.03797547,  0.15095579,  0.19758413,  0.08406401, -0.00992387,
        0.24968058]))
-------- N 9 segNum 36 --------
init
Z_freq [2.02284616 2.03517141 2.05269729 2.07442353 2.09905074 2.12489124
 2.14968592 2.17006543 2.18      ]
detuning [-0.0781351436362403, -0.06580989563352846, -0.04828400992063431, -0.026557767635716267, -0.0019305614937881188, 0.02390993541670694, 0.048704617351931656, 0.069084126630238, 0.07901869892102731]
tau 539.9999999999999
mode [[ 5.73741240e-02 -1.26005135e-01  2.04153955e-01 -2.84344051e-01
  -3.59125744e-01  4.21075247e-01  4.63623729e-01  4.75359656e-01
  -3.33333333e-01]
 [-1.94875999e-01  3.69084760e-01 -4.68700809e-01  4.44839484e-01
   2.90763451e-01 -4.60259173e-02  2.16074990e-01  4.04692338e-01
  -3.33333333e-01]
 [ 3.46799641e-01 -4.82595321e-01  3.01836387e-01  9.00197442e-02
   4.09744907e-01 -4.15453134e-01 -9.80958941e-02  2.93933487e-01
  -3.33333333e-01]
 [-4.60601857e-01  3.39117829e-01  1.96204785e-01 -4.61695505e-01
  -1.10826972e-01 -3.84676415e-01 -3.54902638e-01  1.54468166e-01
  -3.33333333e-01]
 [ 5.02608184e-01  4.66255505e-15 -4.66988635e-01 -9.84026250e-16
  -4.61111286e-01 -9.77010383e-16 -4.53400374e-01 -1.52714371e-15
  -3.33333333e-01]
 [-4.60601857e-01 -3.39117829e-01  1.96204785e-01  4.61695505e-01
  -1.10826972e-01  3.84676415e-01 -3.54902638e-01 -1.54468166e-01
  -3.33333333e-01]
 [ 3.46799641e-01  4.82595321e-01  3.01836387e-01 -9.00197442e-02
   4.09744907e-01  4.15453134e-01 -9.80958941e-02 -2.93933487e-01
  -3.33333333e-01]
 [-1.94875999e-01 -3.69084760e-01 -4.68700809e-01 -4.44839484e-01
   2.90763451e-01  4.60259173e-02  2.16074990e-01 -4.04692338e-01
  -3.33333333e-01]
 [ 5.73741240e-02  1.26005135e-01  2.04153955e-01  2.84344051e-01
  -3.59125744e-01 -4.21075247e-01  4.63623729e-01 -4.75359656e-01
  -3.33333333e-01]]
this ions should have laser shined:  [0 1]
>>>>>>>>>> P and G calculate time used is: 895.352833032608 seconds
error: 4.082431037096985e-06
>>>>>>>>>> optimization time used is: 742.2250170707703 seconds
alpha max are: [1, 1, 1, 1, 1, 1, 1, 1, 1]  for phonon cut-off in simulation
./calculation results/data/
segnum 36 (array([-0.17925359,  0.30084242, -0.19967679, -0.11416486,  0.18989201,
       -0.13763061,  0.19149692, -0.14946725, -0.17124754,  0.20180109,
        0.22903116, -0.22229537, -0.39731753,  0.40352335,  0.38706967,
       -0.4008731 , -0.41548546,  0.49561971,  0.47019719, -0.46545311,
       -0.38781404,  0.45397602,  0.35019932, -0.36120164, -0.31525386,
        0.27790497,  0.28829059, -0.21324499, -0.27523015,  0.2290302 ,
        0.13048545, -0.13619671, -0.0935799 ,  0.04349576,  0.08101773,
       -0.10696223]), array([-0.17925359,  0.30084242, -0.19967679, -0.11416486,  0.18989201,
       -0.13763061,  0.19149692, -0.14946725, -0.17124754,  0.20180109,
        0.22903116, -0.22229537, -0.39731753,  0.40352335,  0.38706967,
       -0.4008731 , -0.41548546,  0.49561971,  0.47019719, -0.46545311,
       -0.38781404,  0.45397602,  0.35019932, -0.36120164, -0.31525386,
        0.27790497,  0.28829059, -0.21324499, -0.27523015,  0.2290302 ,
        0.13048545, -0.13619671, -0.0935799 ,  0.04349576,  0.08101773,
       -0.10696223]))
