init
Z_freq [2.1036848 2.18     ]
detuning [-0.03815759911898109, 0.03815759911898109]
tau 200.0
mode [[-0.70710678  0.70710678]
 [ 0.70710678  0.70710678]]
this ions should have laser shined:  [0 1]
>>>>>>>>>> P and G calculate time used is: 2.5867159366607666 seconds
error: 1.6860678801856419e-06
>>>>>>>>>> optimization time used is: 10.7763090133667 seconds
alpha max are: [1, 1]  for phonon cut-off in simulation
./calculation results/data/
segnum 15 (array([ 0.24559096, -0.39557201, -0.22749387, -0.02456249,  0.49962653,
        0.46580666, -0.2957198 , -0.48907061, -0.37650687,  0.34169518,
        0.4300836 ,  0.40157491, -0.40920154, -0.44385896,  0.39294372]), array([ 0.24559096, -0.39557201, -0.22749387, -0.02456249,  0.49962653,
        0.46580666, -0.2957198 , -0.48907061, -0.37650687,  0.34169518,
        0.4300836 ,  0.40157491, -0.40920154, -0.44385896,  0.39294372]))
alpha0,1: [(7.932994099279441e-07-2.8528038920158903e-07j), (7.932994099279441e-07+2.8528038920158903e-07j)] [(-7.932994099279441e-07+2.8528038920158903e-07j), (7.932994099279441e-07+2.8528038920158903e-07j)]
alg1: [[ 4.96458309e-01-1.07529248e-17j  0.00000000e+00+0.00000000e+00j
   0.00000000e+00+0.00000000e+00j  1.44998391e-06+4.96446706e-01j]
 [ 0.00000000e+00+0.00000000e+00j  3.53876741e-03-2.24936620e-18j
  -1.44998391e-06-2.28588040e-17j  0.00000000e+00+0.00000000e+00j]
 [ 0.00000000e+00+0.00000000e+00j -1.44998391e-06+3.64977051e-17j
   3.53876741e-03+1.45886962e-17j  0.00000000e+00+0.00000000e+00j]
 [ 1.44998391e-06-4.96446706e-01j  0.00000000e+00+0.00000000e+00j
   0.00000000e+00+0.00000000e+00j  4.96464156e-01-2.58154643e-19j]]
with lind N_ions = 2 time alg1 = 20.83159899711609
alg1: [[ 5.00101160e-01+9.08266171e-17j  0.00000000e+00+0.00000000e+00j
   0.00000000e+00+0.00000000e+00j -5.56430459e-07+5.00000984e-01j]
 [ 0.00000000e+00+0.00000000e+00j -3.55171037e-06-4.68057374e-17j
   5.56430458e-07-4.68057374e-17j  0.00000000e+00+0.00000000e+00j]
 [ 0.00000000e+00+0.00000000e+00j  5.56430458e-07-4.68057374e-17j
  -3.55171037e-06-4.68057374e-17j  0.00000000e+00+0.00000000e+00j]
 [-5.56430459e-07-5.00000984e-01j  0.00000000e+00+0.00000000e+00j
   0.00000000e+00+0.00000000e+00j  4.99905943e-01+4.55939693e-18j]]
no lind N_ions = 2 time alg1 = 19.144931077957153
--------
N_ions 2 cut_off 8 (infid,tracedist) (0.003543984513016407, 0.007098018917383647)
init
Z_freq [2.06446957 2.13262305 2.18      ]
detuning [-0.06122796937035835, 0.006925511717484234, 0.05430245765287367]
tau 200.0
mode [[ 4.08248290e-01  7.07106781e-01 -5.77350269e-01]
 [-8.16496581e-01  1.19683070e-15 -5.77350269e-01]
 [ 4.08248290e-01 -7.07106781e-01 -5.77350269e-01]]
this ions should have laser shined:  [0 1]
>>>>>>>>>> P and G calculate time used is: 6.105071067810059 seconds
error: 0.3890997388246374
>>>>>>>>>> optimization time used is: 12.231328964233398 seconds
alpha max are: [1, 1, 1]  for phonon cut-off in simulation
./calculation results/data/
segnum 15 (array([ 0.5       ,  0.39294808, -0.14717632,  0.07363524, -0.04103063,
       -0.18293151, -0.308505  , -0.38606558, -0.30851931, -0.18294638,
       -0.04102747,  0.07365646, -0.14717145,  0.39292004,  0.5       ]), array([ 0.5       ,  0.39294808, -0.14717632,  0.07363524, -0.04103063,
       -0.18293151, -0.308505  , -0.38606558, -0.30851931, -0.18294638,
       -0.04102747,  0.07365646, -0.14717145,  0.39292004,  0.5       ]))
alpha0,1: [(0.012360709845250426-0.07640166693579756j), (-0.02968295569516976+0.0357723850913249j), (-0.18797263418559337-0.16414960918114987j)] [(-0.024721419690500807+0.15280333387159484j), (-5.02406052780825e-17+6.054741642596179e-17j), (-0.18797263418559312-0.16414960918114965j)]
alg1: [[ 0.32800272+1.82591973e-17j  0.        +0.00000000e+00j
   0.        +0.00000000e+00j -0.03713115-4.05744573e-01j]
 [ 0.        +0.00000000e+00j  0.0698112 +5.18750465e-17j
   0.03713115-6.42865496e-03j  0.        +0.00000000e+00j]
 [ 0.        +0.00000000e+00j  0.03713115+6.42865496e-03j
   0.0729973 -6.46031168e-17j  0.        +0.00000000e+00j]
 [-0.03713115+4.05744573e-01j  0.        +0.00000000e+00j
   0.        +0.00000000e+00j  0.52918878-9.37069500e-18j]]
with lind N_ions = 3 time alg1 = 31.101492881774902
alg1: [[ 0.33365942-4.74127104e-17j  0.        +0.00000000e+00j
   0.        +0.00000000e+00j -0.03701932-4.15019482e-01j]
 [ 0.        +0.00000000e+00j  0.06189989-7.20552193e-17j
   0.03701932-6.55696539e-03j  0.        +0.00000000e+00j]
 [ 0.        +0.00000000e+00j  0.03701932+6.55696539e-03j
   0.06514753+1.03690961e-16j  0.        +0.00000000e+00j]
 [-0.03701932+4.15019482e-01j  0.        +0.00000000e+00j
   0.        +0.00000000e+00j  0.53929316+1.46113001e-17j]]
no lind N_ions = 3 time alg1 = 33.40730905532837
--------
N_ions 3 cut_off 8 (infid,tracedist) (0.00041616102164687696, 0.017418985172122772)
init
Z_freq [2.04605196 2.09394985 2.14748208 2.18      ]
detuning [-0.0708190100385826, -0.02292112533574997, 0.030611108082306604, 0.06312902729202641]
tau 200.0
mode [[ 0.25490142  0.5        -0.65956445 -0.5       ]
 [-0.65956445 -0.5        -0.25490142 -0.5       ]
 [ 0.65956445 -0.5         0.25490142 -0.5       ]
 [-0.25490142  0.5         0.65956445 -0.5       ]]
this ions should have laser shined:  [0 1]
>>>>>>>>>> P and G calculate time used is: 17.90545105934143 seconds
error: 0.33598804139422295
>>>>>>>>>> optimization time used is: 18.012145280838013 seconds
alpha max are: [1, 1, 1, 1]  for phonon cut-off in simulation
./calculation results/data/
segnum 15 (array([ 0.5       , -0.11423302,  0.16001049,  0.23528107,  0.22238638,
        0.17969802,  0.10734852,  0.0702333 ,  0.10727341,  0.17957314,
        0.22229324,  0.23530178,  0.16005508, -0.11423604,  0.5       ]), array([ 0.5       , -0.11423302,  0.16001049,  0.23528107,  0.22238638,
        0.17969802,  0.10734852,  0.0702333 ,  0.10727341,  0.17957314,
        0.22229324,  0.23530178,  0.16005508, -0.11423604,  0.5       ]))
alpha0,1: [(-0.005270273091978748-0.005191802948754064j), (-0.1334042634889323+0.11726826004804179j), (0.01024594311831154+0.12784679919293737j), (-0.0003487596690469166+0.014724733618019273j)] [(0.013636976666250212+0.013433933011115718j), (0.13340426348893242-0.11726826004804189j), (0.00395974266437096+0.04940886548186946j), (-0.0003487596690469153+0.014724733618019218j)]
alg1: [[ 0.61483942+7.32324184e-18j  0.        +0.00000000e+00j
   0.        +0.00000000e+00j  0.02254813-4.27751388e-01j]
 [ 0.        +0.00000000e+00j  0.03903391+2.05760220e-17j
  -0.02254813+6.56949443e-03j  0.        +0.00000000e+00j]
 [ 0.        +0.00000000e+00j -0.02254813-6.56949443e-03j
   0.04383416-1.44811912e-17j  0.        +0.00000000e+00j]
 [ 0.02254813+4.27751388e-01j  0.        +0.00000000e+00j
   0.        +0.00000000e+00j  0.30229251-1.23173700e-17j]]
with lind N_ions = 4 time alg1 = 48.07312893867493
alg1: [[ 0.62122548+1.91344272e-17j  0.        +0.00000000e+00j
   0.        +0.00000000e+00j  0.0213013 -4.32239617e-01j]
 [ 0.        +0.00000000e+00j  0.03491525-8.75945335e-18j
  -0.0213013 +5.90978791e-03j  0.        +0.00000000e+00j]
 [ 0.        +0.00000000e+00j -0.0213013 -5.90978791e-03j
   0.03924407-3.92115098e-18j  0.        +0.00000000e+00j]
 [ 0.0213013 +4.32239617e-01j  0.        +0.00000000e+00j
   0.        +0.00000000e+00j  0.30461519-5.39978611e-18j]]
no lind N_ions = 4 time alg1 = 38.71401119232178
--------
N_ions 4 cut_off 8 (infid,tracedist) (0.0001599062385160277, 0.009436360061593825)
init
Z_freq [2.03629824 2.07049482 2.11367225 2.15614805 2.18      ]
detuning [-0.07502443429270178, -0.04082785333594163, 0.0023495829042432526, 0.04482537538365161, 0.06867732934074944]
tau 200.0
mode [[-1.72308939e-01  3.55728185e-01  5.19913098e-01  6.11111658e-01
  -4.47213595e-01]
 [ 5.02392969e-01 -6.11111658e-01 -2.18177232e-01  3.55728185e-01
  -4.47213595e-01]
 [-6.60168061e-01 -3.96464796e-15 -6.03471732e-01  4.29387656e-15
  -4.47213595e-01]
 [ 5.02392969e-01  6.11111658e-01 -2.18177232e-01 -3.55728185e-01
  -4.47213595e-01]
 [-1.72308939e-01 -3.55728185e-01  5.19913098e-01 -6.11111658e-01
  -4.47213595e-01]]
this ions should have laser shined:  [0 1]
>>>>>>>>>> P and G calculate time used is: 36.04282307624817 seconds
error: 0.2242261718610464
>>>>>>>>>> optimization time used is: 35.235575675964355 seconds
alpha max are: [1, 1, 1, 1, 1]  for phonon cut-off in simulation
./calculation results/data/
segnum 15 (array([-0.47809786, -0.15254076,  0.5       ,  0.5       , -0.43363081,
       -0.5       ,  0.26696272,  0.5       ,  0.26737602, -0.5       ,
       -0.43383063,  0.5       ,  0.5       , -0.15205483, -0.47806714]), array([-0.47809786, -0.15254076,  0.5       ,  0.5       , -0.43363081,
       -0.5       ,  0.26696272,  0.5       ,  0.26737602, -0.5       ,
       -0.43383063,  0.5       ,  0.5       , -0.15205483, -0.47806714]))
alpha0,1: [(0.070811870924584+0.025947780984801744j), (0.022040144642433555+0.016075213122426744j), (-0.006438252576209142+0.02703206749655976j), (0.07656277970962756-0.017833138720813838j), (0.04446318138475645-0.06714968454113518j)] [(-0.2064628005425679-0.07565470958524642j), (-0.03786314915729188-0.027615889190575414j), (0.0027017594485708595-0.011343783566850715j), (0.0445672052268266-0.010380672648292545j), (0.0444631813847565-0.06714968454113525j)]
alg1: [[ 0.29325537+7.29870624e-17j  0.        +0.00000000e+00j
   0.        +0.00000000e+00j  0.00630461+4.23798353e-01j]
 [ 0.        +0.00000000e+00j  0.0370897 -4.53045607e-17j
  -0.00630461+1.88808903e-02j  0.        +0.00000000e+00j]
 [ 0.        +0.00000000e+00j -0.00630461-1.88808903e-02j
   0.0515592 -1.12181121e-17j  0.        +0.00000000e+00j]
 [ 0.00630461-4.23798353e-01j  0.        +0.00000000e+00j
   0.        +0.00000000e+00j  0.61809574-1.27905541e-17j]]
with lind N_ions = 5 time alg1 = 48.83250188827515
alg1: [[ 0.2978261 -3.64437046e-18j  0.        +0.00000000e+00j
   0.        +0.00000000e+00j  0.00690379+4.31615551e-01j]
 [ 0.        +0.00000000e+00j  0.02994566-1.92864420e-17j
  -0.00690379+1.69847342e-02j  0.        +0.00000000e+00j]
 [ 0.        +0.00000000e+00j -0.00690379-1.69847342e-02j
   0.04298584+2.47608909e-17j  0.        +0.00000000e+00j]
 [ 0.00690379-4.31615551e-01j  0.        +0.00000000e+00j
   0.        +0.00000000e+00j  0.6292424 +1.55841336e-18j]]
no lind N_ions = 5 time alg1 = 47.74892020225525
--------
N_ions 5 cut_off 8 (infid,tracedist) (0.0005048920272053836, 0.016360362311176987)
init
Z_freq [2.03058197 2.05590629 2.0896715  2.12727185 2.16166897 2.18      ]
detuning [-0.07693479044618146, -0.05161047501954963, -0.017845263494913777, 0.019755084132926815, 0.05415220664566256, 0.07248323818205638]
tau 200.0
mode [[-0.12350251  0.26231938 -0.40165268  0.5143169   0.56870226 -0.40824829]
 [ 0.38498356 -0.57657119  0.44185272 -0.0299832   0.39566884 -0.40824829]
 [-0.58011618  0.31425181  0.37873645 -0.4843337   0.14150586 -0.40824829]
 [ 0.58011618  0.31425181 -0.37873645 -0.4843337  -0.14150586 -0.40824829]
 [-0.38498356 -0.57657119 -0.44185272 -0.0299832  -0.39566884 -0.40824829]
 [ 0.12350251  0.26231938  0.40165268  0.5143169  -0.56870226 -0.40824829]]
this ions should have laser shined:  [0 1]
>>>>>>>>>> P and G calculate time used is: 60.88274812698364 seconds
error: 0.29989912932063706
>>>>>>>>>> optimization time used is: 31.637916088104248 seconds
alpha max are: [1, 1, 1, 1, 1, 1]  for phonon cut-off in simulation
./calculation results/data/
segnum 15 (array([ 0.41990389,  0.5       , -0.5       , -0.47226811,  0.5       ,
        0.5       , -0.27129414, -0.5       , -0.27112039,  0.5       ,
        0.5       , -0.47207261, -0.5       ,  0.5       ,  0.41978182]), array([ 0.41990389,  0.5       , -0.5       , -0.47226811,  0.5       ,
        0.5       , -0.27129414, -0.5       , -0.27112039,  0.5       ,
        0.5       , -0.47207261, -0.5       ,  0.5       ,  0.41978182]))
alpha0,1: [(-0.04591663198291327-0.007425129028748801j), (0.025705114837557403-0.01243269311237842j), (-0.06241025277057108+0.013524334281263413j), (-0.12873736566426894-0.05510946479290407j), (-0.10616376041917001-0.09007120807258036j), (-0.017961916179329424+0.012451907362983499j)] [(0.14313189329370438+0.023145704071464664j), (-0.05649917536360643+0.02732673683184052j), (0.06865668134362986-0.014877938606447578j), (0.007505019779230632+0.00321272399166665j), (-0.07386236265905548-0.06266613211069778j), (-0.017961916179329344+0.012451907362983442j)]
alg1: [[ 2.92363089e-01-1.37109099e-17j  0.00000000e+00+0.00000000e+00j
   0.00000000e+00+0.00000000e+00j -5.43731377e-04+4.20642625e-01j]
 [ 0.00000000e+00+0.00000000e+00j  4.80241086e-02+9.13257787e-17j
   5.43731377e-04-1.70245248e-03j  0.00000000e+00+0.00000000e+00j]
 [ 0.00000000e+00+0.00000000e+00j  5.43731377e-04+1.70245248e-03j
   4.67267873e-02+5.02502768e-18j  0.00000000e+00+0.00000000e+00j]
 [-5.43731377e-04-4.20642625e-01j  0.00000000e+00+0.00000000e+00j
   0.00000000e+00+0.00000000e+00j  6.12886015e-01-8.00437077e-17j]]
with lind N_ions = 6 time alg1 = 72.58363199234009
alg1: [[ 2.97033111e-01-1.76552450e-17j  0.00000000e+00+0.00000000e+00j
   0.00000000e+00+0.00000000e+00j  1.52257831e-04+4.28587740e-01j]
 [ 0.00000000e+00+0.00000000e+00j  4.07426073e-02+4.49491245e-17j
  -1.52257831e-04-2.87798533e-03j  0.00000000e+00+0.00000000e+00j]
 [ 0.00000000e+00+0.00000000e+00j -1.52257831e-04+2.87798533e-03j
   3.85484567e-02-5.00575822e-17j  0.00000000e+00+0.00000000e+00j]
 [ 1.52257831e-04-4.28587740e-01j  0.00000000e+00+0.00000000e+00j
   0.00000000e+00+0.00000000e+00j  6.23675825e-01+2.45779452e-17j]]
no lind N_ions = 6 time alg1 = 53.02447986602783
--------
N_ions 6 cut_off 8 (infid,tracedist) (0.00043672803944438954, 0.016272292926132317)
init
Z_freq [2.02696747 2.04636187 2.07303596 2.10443011 2.13700414 2.16541809
 2.18      ]
detuning [-0.0777779064589681, -0.05838350563113304, -0.03170941768003699, -0.00031526547903393265, 0.032258762321342616, 0.06067271184280809, 0.0752546210850209]
tau 200.0
mode [[-9.26089709e-02 -1.99920417e-01  3.14758444e-01  4.19990659e-01
   4.99493301e-01  5.32578326e-01 -3.77964473e-01]
 [ 3.00631832e-01  5.05429579e-01 -5.08553673e-01 -2.78007385e-01
   9.02026607e-02  4.08965567e-01 -3.77964473e-01]
 [-4.90910561e-01 -4.52297212e-01 -6.85088171e-02 -4.96306095e-01
  -3.33850596e-01  2.21602102e-01 -3.77964473e-01]
 [ 5.65775399e-01 -4.35660639e-15  5.24608092e-01  1.64825507e-15
  -5.11690731e-01 -6.92737235e-16 -3.77964473e-01]
 [-4.90910561e-01  4.52297212e-01 -6.85088171e-02  4.96306095e-01
  -3.33850596e-01 -2.21602102e-01 -3.77964473e-01]
 [ 3.00631832e-01 -5.05429579e-01 -5.08553673e-01  2.78007385e-01
   9.02026607e-02 -4.08965567e-01 -3.77964473e-01]
 [-9.26089709e-02  1.99920417e-01  3.14758444e-01 -4.19990659e-01
   4.99493301e-01 -5.32578326e-01 -3.77964473e-01]]
this ions should have laser shined:  [0 1]
>>>>>>>>>> P and G calculate time used is: 93.20674300193787 seconds
error: 1.0318202559295664
>>>>>>>>>> optimization time used is: 37.239821910858154 seconds
alpha max are: [1, 1, 1, 2, 1, 1, 1]  for phonon cut-off in simulation
./calculation results/data/
segnum 15 (array([-0.02699788,  0.18843033,  0.12328333,  0.16175058,  0.19881321,
        0.22581154,  0.24382542,  0.25013559,  0.24404421,  0.22611832,
        0.19903554,  0.16178826,  0.12316367,  0.18826964, -0.02709655]), array([-0.02699788,  0.18843033,  0.12328333,  0.16175058,  0.19881321,
        0.22581154,  0.24382542,  0.25013559,  0.24404421,  0.22611832,
        0.19903554,  0.16178826,  0.12316367,  0.18826964, -0.02709655]))
alpha0,1: [(0.009864718281858772+0.0007254447429770069j), (0.012818745315465205-0.026607587733191263j), (0.004294098264274815+0.14373282447023664j), (-0.02188831516390786-0.6940744868072087j), (-0.018201025322917952+0.2139615256633143j), (0.015147613680949022+0.06758299304106562j), (-0.026717865473174313+0.008966447499745544j)] [(-0.03202333751072481-0.002354974687159169j), (-0.03240776072310224+0.06726807620055437j), (-0.006937953487322896-0.23222841896107763j), (0.014488687157986813+0.4594336306099903j), (-0.0032868927548415625+0.03863895445670685j), (0.011631814724800595+0.051896811613953965j), (-0.02671786547317442+0.00896644749974558j)]
alg1: [[ 0.45369494+1.57919653e-18j  0.        +0.00000000e+00j
   0.        +0.00000000e+00j  0.08621145-1.95388448e-01j]
 [ 0.        +0.00000000e+00j  0.12319558+4.91051305e-18j
  -0.08621145+5.38641053e-02j  0.        +0.00000000e+00j]
 [ 0.        +0.00000000e+00j -0.08621145-5.38641053e-02j
   0.18172452-7.43513210e-18j  0.        +0.00000000e+00j]
 [ 0.08621145+1.95388448e-01j  0.        +0.00000000e+00j
   0.        +0.00000000e+00j  0.24138496+1.18181954e-18j]]
with lind N_ions = 7 time alg1 = 67.73867893218994
alg1: [[ 0.45680809-1.98678689e-19j  0.        +0.00000000e+00j
   0.        +0.00000000e+00j  0.08699828-1.98556040e-01j]
 [ 0.        +0.00000000e+00j  0.12174867+5.80166082e-19j
  -0.08699828+5.39228799e-02j  0.        +0.00000000e+00j]
 [ 0.        +0.00000000e+00j -0.08699828-5.39228799e-02j
   0.18032458-8.11783171e-20j  0.        +0.00000000e+00j]
 [ 0.08699828+1.98556040e-01j  0.        +0.00000000e+00j
   0.        +0.00000000e+00j  0.24111867-5.11228607e-20j]]
no lind N_ions = 7 time alg1 = 54.80236196517944
--------
N_ions 7 cut_off 8 (infid,tracedist) (2.3946961543952483e-05, 0.005098734351358124)
init
Z_freq [2.02454511 2.03982514 2.06125984 2.08729881 2.11587912 2.14420491
 2.16808941 2.18      ]
detuning [-0.07809267856151614, -0.06281264985233781, -0.04137795733312721, -0.015338983563854214, 0.013241328054158341, 0.04156711267686175, 0.06545162178505803, 0.07736220679475947]
tau 200.0
mode [[-0.07189136 -0.1568275  -0.25117114  0.34399251 -0.42419843 -0.48174089
   0.50179715  0.35355339]
 [ 0.23972116  0.43288002  0.50318768 -0.3997134   0.14622343 -0.16686545
   0.40982268  0.35355339]
 [-0.4119937  -0.49152133 -0.16178176 -0.30406269  0.48216221  0.20236765
   0.26759569  0.35355339]
 [ 0.51732638  0.21546881 -0.39691545  0.35978358  0.25728195  0.44623869
   0.09293833  0.35355339]
 [-0.51732638  0.21546881  0.39691545  0.35978358 -0.25728195  0.44623869
  -0.09293833  0.35355339]
 [ 0.4119937  -0.49152133  0.16178176 -0.30406269 -0.48216221  0.20236765
  -0.26759569  0.35355339]
 [-0.23972116  0.43288002 -0.50318768 -0.3997134  -0.14622343 -0.16686545
  -0.40982268  0.35355339]
 [ 0.07189136 -0.1568275   0.25117114  0.34399251  0.42419843 -0.48174089
  -0.50179715  0.35355339]]
this ions should have laser shined:  [0 1]
>>>>>>>>>> P and G calculate time used is: 121.852774143219 seconds
error: 0.9658902453977974
>>>>>>>>>> optimization time used is: 69.71725630760193 seconds
alpha max are: [1, 1, 1, 1, 1, 1, 1, 1]  for phonon cut-off in simulation
./calculation results/data/
segnum 15 (array([ 0.47454181, -0.12818343,  0.17024595,  0.17443456,  0.20413994,
        0.18826088,  0.16854593,  0.16263363,  0.1686321 ,  0.18836961,
        0.20418703,  0.17438196,  0.17013849, -0.12827352,  0.47449857]), array([ 0.47454181, -0.12818343,  0.17024595,  0.17443456,  0.20413994,
        0.18826088,  0.16854593,  0.16263363,  0.1686321 ,  0.18836961,
        0.20418703,  0.17438196,  0.17013849, -0.12827352,  0.47449857]))
alpha0,1: [(-0.001273044458818734-6.962329775119671e-05j), (-1.6093500621601675e-05+0.0299049876288436j), (0.05526092333931228+0.035809295001825954j), (-0.37364704654983777-0.013831995121808527j), (-0.51168983197321+0.12888545602431342j), (-0.10702433382268728+0.06651373735708377j), (0.0271927465174473-0.10091086873808025j), (0.0022337439985822462-0.00019926797601727572j)] [(0.0042449564570607905+0.00023215832353965803j), (4.442176783297244e-05-0.08254465257318229j), (-0.110707845335351-0.07173911786251093j), (0.43417146229685294+0.016072541196220924j), (0.17638217546227455-0.044427494350143606j), (-0.03707109878656031+0.023039034583601264j), (0.02220858421274287-0.08241490152209448j), (0.002233743998582247-0.0001992679760172758j)]
alg1: [[ 0.51114702+3.59277692e-19j  0.        +0.00000000e+00j
   0.        +0.00000000e+00j  0.07324002-1.83352254e-01j]
 [ 0.        +0.00000000e+00j  0.12317775-1.35141697e-18j
  -0.07324002+3.58774459e-02j  0.        +0.00000000e+00j]
 [ 0.        +0.00000000e+00j -0.07324002-3.58774459e-02j
   0.18853359+2.39964188e-18j  0.        +0.00000000e+00j]
 [ 0.07324002+1.83352254e-01j  0.        +0.00000000e+00j
   0.        +0.00000000e+00j  0.17714165-1.41900020e-18j]]
with lind N_ions = 8 time alg1 = 76.11044812202454
alg1: [[ 0.51488338-3.06959958e-18j  0.        +0.00000000e+00j
   0.        +0.00000000e+00j  0.07360701-1.86132128e-01j]
 [ 0.        +0.00000000e+00j  0.12183094+3.25356374e-18j
  -0.07360701+3.58330873e-02j  0.        +0.00000000e+00j]
 [ 0.        +0.00000000e+00j -0.07360701-3.58330873e-02j
   0.18701894+3.21499041e-18j  0.        +0.00000000e+00j]
 [ 0.07360701+1.86132128e-01j  0.        +0.00000000e+00j
   0.        +0.00000000e+00j  0.17626674-3.32476551e-18j]]
no lind N_ions = 8 time alg1 = 70.59121489524841
--------
N_ions 8 cut_off 8 (infid,tracedist) (1.8370082321306214e-05, 0.005060922306002871)
init
Z_freq [2.02284616 2.03517141 2.05269729 2.07442353 2.09905074 2.12489124
 2.14968592 2.17006543 2.18      ]
detuning [-0.0781351436362403, -0.06580989563352846, -0.04828400992063431, -0.026557767635716267, -0.0019305614937881188, 0.02390993541670694, 0.048704617351931656, 0.069084126630238, 0.07901869892102731]
tau 200.0
mode [[ 5.73741240e-02 -1.26005135e-01  2.04153955e-01 -2.84344051e-01
  -3.59125744e-01  4.21075247e-01  4.63623729e-01  4.75359656e-01
  -3.33333333e-01]
 [-1.94875999e-01  3.69084760e-01 -4.68700809e-01  4.44839484e-01
   2.90763451e-01 -4.60259173e-02  2.16074990e-01  4.04692338e-01
  -3.33333333e-01]
 [ 3.46799641e-01 -4.82595321e-01  3.01836387e-01  9.00197442e-02
   4.09744907e-01 -4.15453134e-01 -9.80958941e-02  2.93933487e-01
  -3.33333333e-01]
 [-4.60601857e-01  3.39117829e-01  1.96204785e-01 -4.61695505e-01
  -1.10826972e-01 -3.84676415e-01 -3.54902638e-01  1.54468166e-01
  -3.33333333e-01]
 [ 5.02608184e-01  4.66255505e-15 -4.66988635e-01 -9.84026250e-16
  -4.61111286e-01 -9.77010383e-16 -4.53400374e-01 -1.52714371e-15
  -3.33333333e-01]
 [-4.60601857e-01 -3.39117829e-01  1.96204785e-01  4.61695505e-01
  -1.10826972e-01  3.84676415e-01 -3.54902638e-01 -1.54468166e-01
  -3.33333333e-01]
 [ 3.46799641e-01  4.82595321e-01  3.01836387e-01 -9.00197442e-02
   4.09744907e-01  4.15453134e-01 -9.80958941e-02 -2.93933487e-01
  -3.33333333e-01]
 [-1.94875999e-01 -3.69084760e-01 -4.68700809e-01 -4.44839484e-01
   2.90763451e-01  4.60259173e-02  2.16074990e-01 -4.04692338e-01
  -3.33333333e-01]
 [ 5.73741240e-02  1.26005135e-01  2.04153955e-01  2.84344051e-01
  -3.59125744e-01 -4.21075247e-01  4.63623729e-01 -4.75359656e-01
  -3.33333333e-01]]
this ions should have laser shined:  [0 1]
>>>>>>>>>> P and G calculate time used is: 181.75649785995483 seconds
error: 0.35731393035893483
>>>>>>>>>> optimization time used is: 269.5334551334381 seconds
alpha max are: [1, 1, 1, 1, 1, 1, 1, 1, 1]  for phonon cut-off in simulation
./calculation results/data/
segnum 15 (array([ 0.29099041,  0.21560849, -0.5       , -0.42840771,  0.5       ,
        0.5       , -0.2240104 , -0.5       , -0.32720372,  0.5       ,
        0.5       , -0.31874452, -0.5       ,  0.04459866,  0.40609907]), array([ 0.29099041,  0.21560849, -0.5       , -0.42840771,  0.5       ,
        0.5       , -0.2240104 , -0.5       , -0.32720372,  0.5       ,
        0.5       , -0.31874452, -0.5       ,  0.04459866,  0.40609907]))
alpha0,1: [(0.06315841820190378-0.00036405731929730126j), (-0.0007390469591732738-0.005334857079311406j), (0.03662251470665773-0.0038824155964239664j), (-0.03254288481969083+0.06245307140511623j), (0.0077020299456824716+0.035732839296760556j), (-0.06778171685875743-0.07171401469941383j), (-0.08698785625064802-0.013252971656911213j), (-0.07361308459714443+0.10063128153719379j), (0.39578011487913695+0.03816799617114351j)] [(-0.21452283676460512+0.0012365510584972275j), (0.002164760734887733+0.01562646187523725j), (-0.0840787154636969+0.008913328832228095j), (0.05091142243492628-0.09770414387911336j), (-0.006235890485502904-0.02893082397265712j), (0.007408926830767588+0.007838749330526895j), (-0.04054128171456096-0.006176637529148521j), (-0.06266970898443623+0.08567136078021985j), (0.39578011487913617+0.03816799617114344j)]
alg1: [[ 0.13315002+3.27137973e-17j  0.        +0.00000000e+00j
   0.        +0.00000000e+00j -0.06521437+2.09386627e-01j]
 [ 0.        +0.00000000e+00j  0.12271994-3.40112619e-17j
   0.06521437+7.60876603e-03j  0.        +0.00000000e+00j]
 [ 0.        +0.00000000e+00j  0.06521437-7.60876603e-03j
   0.13984003+1.26792315e-17j  0.        +0.00000000e+00j]
 [-0.06521437-2.09386627e-01j  0.        +0.00000000e+00j
   0.        +0.00000000e+00j  0.60429002-1.33461338e-17j]]
with lind N_ions = 9 time alg1 = 73.67759108543396
alg1: [[ 0.13163479-2.13481317e-17j  0.        +0.00000000e+00j
   0.        +0.00000000e+00j -0.0651307 +2.13978499e-01j]
 [ 0.        +0.00000000e+00j  0.11922718-8.16778968e-18j
   0.0651307 +7.44538763e-03j  0.        +0.00000000e+00j]
 [ 0.        +0.00000000e+00j  0.0651307 -7.44538763e-03j
   0.13598195+4.87436546e-17j  0.        +0.00000000e+00j]
 [-0.0651307 -2.13978499e-01j  0.        +0.00000000e+00j
   0.        +0.00000000e+00j  0.61315608-1.74121097e-17j]]
no lind N_ions = 9 time alg1 = 72.27114796638489
--------
N_ions 9 cut_off 8 (infid,tracedist) (8.177836040135222e-05, 0.010606154471447311)
