[phonon]
partialpos = [0.00e+00 5.00e-06 1.00e-05 1.50e-05 2.00e-05 2.50e-05 3.00e-05 3.50e-05
	 4.00e-05 4.50e-05 5.00e-05 5.50e-05 6.00e-05 6.50e-05 7.00e-05 7.50e-05
	 8.00e-05 8.50e-05 9.00e-05 9.50e-05 1.00e-04 1.05e-04 1.10e-04]
z_freqcal = [2017185.7484438086, 2019224.1529428996, 2022258.6208849046, 2026258.9038629883, 2031188.4946447378, 2037003.786938185, 2043653.7356250999, 2051079.5943080008, 2059214.6271761686, 2067983.729690388, 2077302.913045227, 2087078.5703239143, 2097206.4647733667, 2107570.2721288865, 2118039.565058307, 2128466.824263075, 2138683.199395278, 2148491.7667490263, 2157657.322339948, 2165887.5081762094, 2172799.709496637, 2177829.806666588, 2180000.0]
z_modes = [[-0.009137910963691591, -0.02040960433369539, -0.034092935743034174, 0.049758462061397675, -0.06704747662798968, 0.08562997525698046, -0.10518630329502873, -0.12539795290413358, 0.14594638400654353, -0.16651085071321164, 0.18677283238329578, -0.20641425232497598, 0.22512570573673968, -0.24260118714132245, 0.258551685929853, -0.27268970811965043, 0.28475493292187787, -0.2944670868234656, 0.30158823713954935, 0.3057237125315144, 0.30652985942162403, -0.3005408969473975, -0.2085144140570559], [0.03296534799018269, 0.07199818333894742, 0.11624521605373621, -0.16200212442546613, 0.2057521577926, -0.24420815939145665, 0.2744255116069366, 0.29394186068946043, -0.3009074870907678, 0.29419679564327555, -0.27347780578409636, 0.23924797758179134, -0.19281153687535416, 0.1362272887930023, -0.07218965924458584, 0.003906964433898867, 0.06509799672975547, -0.13112189438390165, 0.19054313997434127, 0.23978759255363513, 0.2757014033017323, -0.29236381794327265, -0.20851441405705562], [-0.06549242505448732, -0.13733327300446602, -0.2080760098434348, 0.26502654655590074, -0.2977872841591418, 0.2994355454809474, -0.26741532832168763, -0.203921427189, 0.11567381980981037, -0.013071508097407937, -0.09116368188149941, 0.18369763109421325, -0.2523932979589732, 0.2880078918930607, -0.28549150346092667, 0.24477754097857662, -0.17084620118721894, 0.07321175758639627, 0.035348046671378815, 0.140161208206751, 0.22674147688527121, -0.2790510836632623, -0.2085144140570559], [0.10292014130429271, 0.20298920944565643, 0.2781343951971004, -0.3034078583729142, 0.2669067138530237, -0.17264299888461646, 0.03971569326500804, -0.10221141732999461, 0.22014146685378821, -0.2859382045792162, 0.2834687901528803, -0.21286791582165956, 0.09083852742576409, 0.0531902277343598, -0.1840887133273307, 0.2696177306135654, -0.2883395950045631, 0.23508761749193557, -0.12231127554121352, 0.022461324119369342, 0.16339225388843606, -0.2609966418148225, -0.20851441405705837], [-0.14258392612701198, -0.2583908140474518, -0.30449861709934806, 0.25204418602992085, -0.11227066480531513, -0.06747145014054054, 0.22180861434925794, 0.29281850272580406, -0.25304524257455574, 0.11696824689937235, 0.06380896245643522, -0.21999558219689386, 0.2912917516700787, -0.249887446618091, 0.11159802713305648, 0.06996559621692837, -0.22393229798635877, 0.28976434019379377, -0.2408234670219768, -0.0954310651401851, 0.09010156862954291, -0.23858716382046083, -0.20851441405706253], [0.18212896364453443, 0.29492584812234474, 0.2762021787867834, -0.12052171468955895, -0.09679629063536417, 0.2611776615424081, -0.28322490691578794, -0.15007526887290104, -0.06559077252737346, 0.24470350453758324, -0.2877019165368174, 0.17036775526445666, 0.04206531692946331, -0.23087931577392157, 0.2902179197866692, -0.18659231864706888, -0.021829968905971872, 0.2175644199263384, -0.2894640076410322, -0.19583079683792223, 0.011867310224641915, -0.21224042116522862, -0.20851441405706525], [-0.21947034577476868, -0.30662002727584864, -0.19526131229158858, -0.050586337224057025, 0.25743248527729723, -0.27365299800127346, 0.0865184939646581, -0.16484603363569017, 0.2921262714049398, -0.199421102963601, -0.04359978731383826, 0.25346137318487644, -0.27131133930431545, 0.0834959716084698, 0.16761333980998552, -0.2912661129908009, 0.1933663992356712, 0.05162229959090026, -0.2564681568836812, -0.2638284858966744, -0.06604042579598758, -0.18241628654798103, -0.2085144140570692], [0.25274947787451635, 0.29052778384776656, 0.07586635220183559, 0.2046153810346673, -0.2881629662233766, 0.09479320379413443, 0.18939484164209688, 0.2893400050840306, -0.10792187622257655, -0.17834347958470767, 0.2903678547696231, -0.11874782956947665, -0.16879882287088932, 0.29096517281454265, -0.12808417729036395, -0.1602417860857792, 0.2912680335662583, -0.13631230372294914, -0.15206375842176115, -0.2895006333502163, -0.13840433698514257, -0.14961783394954514, -0.2085144140570726], [-0.2803787292105362, -0.24699638208360386, 0.05873302555041192, -0.289077246620339, 0.17247219215641127, 0.1506411465894607, -0.2908527089184164, -0.07891655587109472, -0.22824088513918314, 0.2580006760069469, 0.025665306789561963, -0.2778610790717061, 0.19184664192458697, 0.1276062999237768, -0.2913861970834954, 0.09998270795795434, 0.21322600793538507, -0.26608728041717133, -0.005611369770559064, -0.26938538307570037, -0.20039337881517388, -0.11438790023106364, -0.2085144140570799], [0.30106892813236863, 0.17954667914226835, -0.18136351462918202, 0.2746411738103878, 0.031214472253515726, -0.2897902746976406, 0.12385625092670034, -0.22297622461278288, 0.24228727912076703, 0.09388898518449611, -0.2918103696947183, 0.06090780907888617, 0.25930885612355314, -0.1981068187594905, -0.15431178961857264, 0.2794758469592293, 0.0067112954993302325, -0.28273656180575635, 0.14238847237480864, -0.2069896322440143, -0.2478762871197606, -0.07730317553997645, -0.2085144140570819], [-0.3138717973090225, -0.09445177012195381, 0.2668348977538047, -0.16586859942354787, -0.21890446591695767, 0.22417312647638463, 0.15758538310052794, 0.2659681915117733, 0.08585922141597527, -0.28857377145843915, -0.008477624565418446, 0.29053830898929206, -0.06915444316308494, -0.2718419775383907, 0.14166133832893263, 0.23385197443002986, -0.2037388328770244, -0.17939920410990473, 0.25127062225887453, -0.11224606162388917, -0.27769167744205403, -0.038966797015206556, -0.2085144140570875], [0.31820455098726336, 2.7514233467242414e-14, -0.29744735187417115, 3.420971349879651e-14, 0.29438225407059415, 1.01292611079796e-14, -0.29325108280852685, -1.4006438675827301e-15, -0.29265635811472446, -6.8102390795812775e-15, 0.29229487844918545, -2.8531481764360477e-15, -0.292014719275146, -1.0956458487179343e-16, 0.29181945807356247, 2.6449386993916397e-15, -0.29147553985428487, 6.518547869602255e-15, 0.29120703372251616, -2.5672799197620675e-15, -0.28785553238614103, -7.181899379418354e-16, -0.20851441405708815], [-0.3138717973090815, 0.0944517701219024, 0.2668348977538133, 0.16586859942348942, -0.21890446591695617, -0.2241731264763939, 0.15758538310051162, -0.2659681915117674, 0.08585922141595535, 0.2885737714584371, -0.008477624565423532, -0.2905383089892894, -0.06915444316308877, 0.2718419775383874, 0.1416613383289251, -0.23385197443002417, -0.20373883287703046, 0.17939920410991272, 0.25127062225887775, 0.11224606162388363, -0.27769167744204953, 0.03896679701520528, -0.20851441405708768], [0.30106892813246733, -0.17954667914221928, -0.1813635146291827, -0.27464117381034897, 0.031214472253503135, 0.2897902746976216, 0.12385625092672309, 0.22297622461276717, 0.24228727912077833, -0.09388898518447025, -0.2918103696947148, -0.06090780907888528, 0.2593088561235489, 0.198106818759491, -0.1543117896185781, -0.27947584695922784, 0.00671129549932162, 0.28273656180575346, 0.14238847237481092, 0.20698963224400535, -0.2478762871197495, 0.07730317553997539, -0.2085144140570898], [-0.2803787292106443, 0.24699638208354974, 0.05873302555038711, 0.2890772466203144, 0.17247219215643136, -0.1506411465894096, -0.2908527089184166, 0.0789165558711182, -0.2282408851391546, -0.25800067600696225, 0.025665306789552023, 0.2778610790717027, 0.19184664192459824, -0.12760629992376707, -0.29138619708349656, -0.09998270795796493, 0.2132260079353788, 0.2660872804171666, -0.00561136977055312, 0.26938538307569737, -0.20039337881516206, 0.1143879002310622, -0.2085144140570887], [0.2527494778746148, -0.2905277838476903, 0.07586635220188125, -0.20461538103464236, -0.2881629662233803, -0.09479320379419019, 0.18939484164206127, -0.28934000508403457, -0.107921876222614, 0.17834347958467914, 0.290367854769621, 0.11874782956948429, -0.168798822870874, -0.29096517281454276, -0.12808417729037017, 0.1602417860857624, 0.29126803356626524, 0.13631230372295208, -0.15206375842175213, 0.28950063335021803, -0.1384043369851345, 0.14961783394954176, -0.20851441405708734], [-0.21947034577484648, 0.306620027275751, -0.19526131229164517, 0.05058633722403416, 0.2574324852772719, 0.2736529980012916, 0.08651849396470583, 0.16484603363566078, 0.29212627140493547, 0.1994211029636349, -0.04359978731382164, -0.25346137318487094, -0.2713113393043213, -0.08349597160848048, 0.1676133398099816, 0.2912661129907935, 0.1933663992356851, -0.05162229959089569, -0.25646815688367397, 0.2638284858966806, -0.06604042579598261, 0.18241628654797606, -0.20851441405708476], [0.18212896364459544, -0.2949258481222392, 0.27620217878684455, 0.12052171468957448, -0.09679629063532819, -0.26117766154238736, -0.2832249069158122, 0.15007526887292896, -0.06559077252734175, -0.24470350453757525, -0.2877019165368208, -0.17036775526445994, 0.042065316929453, 0.2308793157739222, 0.29021791978667527, 0.18659231864707304, -0.021829968905964923, -0.21756441992633688, -0.2894640076410265, 0.1958307968379285, 0.011867310224645326, 0.21224042116521988, -0.20851441405708093], [-0.1425839261270571, 0.25839081404735637, -0.3044986170994097, -0.2520441860299217, -0.11227066480533614, 0.06747145014050551, 0.22180861434924798, -0.2928185027258031, -0.2530452425745642, -0.11696824689940113, 0.06380896245641986, 0.21999558219688192, 0.2912917516700741, 0.24988744661809853, 0.11159802713306555, -0.06996559621691537, -0.22393229798636216, -0.2897643401937951, -0.2408234670219717, 0.0954310651401856, 0.09010156862954724, 0.23858716382044898, -0.20851441405707716], [0.1029201413043222, -0.20298920944557647, 0.27813439519715066, 0.30340785837290085, 0.26690671385301756, 0.17264299888463858, 0.03971569326504313, 0.10221141732996503, 0.22014146685376432, 0.28593820457922536, 0.2834687901528903, 0.21286791582166262, 0.09083852742577077, -0.05319022773435519, -0.1840887133273279, -0.2696177306135549, -0.28833959500457734, -0.23508761749194315, -0.12231127554121485, -0.022461324119370824, 0.16339225388844109, 0.2609966418148104, -0.20851441405707485], [-0.065492425054505, 0.137333273004411, -0.20807600984347013, -0.2650265465558819, -0.29778728415911965, -0.299435545480949, -0.2674153283217162, 0.20392142718901596, 0.11567381980982337, 0.013071508097423466, -0.09116368188149208, -0.18369763109420623, -0.25239329795896787, -0.2880078918930633, -0.2854915034609271, -0.2447775409785697, -0.17084620118722912, -0.07321175758640182, 0.035348046671374055, -0.140161208206756, 0.22674147688527618, 0.2790510836632483, -0.20851441405707236], [0.03296534799019075, -0.07199818333891747, 0.11624521605375558, 0.16200212442545314, 0.20575215779257774, 0.24420815939144286, 0.27442551160694373, -0.2939418606894559, -0.30090748709076054, -0.29419679564329454, -0.2734778057841095, -0.23924797758179514, -0.19281153687535835, -0.13622728879300772, -0.07218965924458814, -0.003906964433900794, 0.06509799672975598, 0.13112189438390026, 0.19054313997433453, -0.23978759255364407, 0.27570140330173776, 0.2923638179432564, -0.20851441405707133], [-0.009137910963693941, 0.020409604333686753, -0.03409293574303871, -0.04975846206139175, -0.0670474766279807, -0.08562997525697404, -0.10518630329502882, 0.12539795290412825, 0.1459463840065372, 0.16651085071322003, 0.18677283238330228, 0.2064142523249757, 0.22512570573673896, 0.2426011871413266, 0.25855168592985384, 0.27268970811963916, 0.2847549329218868, 0.29446708682346573, 0.30158823713953997, -0.3057237125315253, 0.3065298594216292, 0.30054089694738045, -0.20851441405707127]]

