[phonon]
partialpos = [0.00e+00 5.00e-06 1.00e-05 1.50e-05 2.00e-05 2.50e-05 3.00e-05 3.50e-05
	 4.00e-05 4.50e-05 5.00e-05 5.50e-05 6.00e-05 6.50e-05 7.00e-05 7.50e-05
	 8.00e-05 8.50e-05 9.00e-05 9.50e-05 1.00e-04 1.05e-04 1.10e-04 1.15e-04
	 1.20e-04 1.25e-04 1.30e-04]
z_freqcal = [2016893.3974086447, 2018379.7563155892, 2020598.2652459738, 2023532.3091065346, 2027162.0838657408, 2031464.055395384, 2036410.773372045, 2041970.7559921339, 2048108.386104599, 2054783.7925384904, 2061952.7013933493, 2069566.2374018352, 2077570.6615394545, 2085907.0137287232, 2094510.6416819103, 2103310.55618801, 2112228.580918166, 2121178.167812506, 2130062.8121299655, 2138773.749590701, 2147186.7611022717, 2155157.1411659843, 2162512.190101504, 2169037.3675069767, 2174452.254828068, 2178344.056776273, 2179999.9999999995]
z_modes = [[0.006653610816165184, -0.014863213831105447, -0.02484462275816363, 0.03630976388242292, -0.049030306439972526, 0.0628053033238939, -0.0774458846222794, 0.09276744531766372, 0.1085867293261829, -0.1247196769318397, 0.14098211381070722, -0.1571888934054028, 0.17315634111619715, -0.18870112976087566, 0.20364426405940841, -0.21780840994881892, 0.23102410572114404, -0.24312339000892702, 0.25395039789398416, -0.26334589574786876, 0.2711685794766231, -0.27725191390270465, 0.28145828375615006, 0.28350176550647505, 0.28313310684749987, -0.27730217571973986, -0.19245008972986424], [-0.02407665171491589, 0.052916662727960896, 0.08630141740300372, -0.1220013829916052, 0.15791941932841036, -0.19205623266024335, 0.222533467864022, -0.24764423454552187, -0.26591091567933134, 0.27614338990205795, -0.2774878699532133, 0.2694671718871339, -0.2520031658672769, 0.22542793129119532, -0.19047191116172743, 0.14824334168966455, -0.10018104596580689, 0.04800772963107532, 0.006348432499026457, -0.06081133864778544, 0.11326110978175637, -0.16156813539135964, 0.20372886779049004, 0.23774486816193363, 0.2618631381376122, -0.27168181968977784, -0.19245008972986352], [0.04809546201387213, -0.10264542370106747, -0.15997633501238925, 0.21232426682545097, -0.2527988014910457, 0.27585427053978656, -0.27776008529084834, 0.256957259023312, 0.21423181151403953, -0.15266578819150298, 0.07736411881539475, 0.00502803332290858, -0.08696596297774326, 0.1607524133313567, -0.21930388070271256, 0.2568765907874328, -0.26965510765453926, 0.25617432016947667, -0.21748793156417356, 0.15712553077482702, -0.08075542063874477, -0.004279346008712766, 0.08970829291787706, 0.16688631152118308, 0.22776703607622065, -0.262521613147982, -0.19245008972986657], [-0.07619013592961381, 0.15563691840969654, 0.2261710875083596, -0.2708613191691388, 0.27801236116862144, -0.24307716825599726, 0.16947918520388072, -0.06807425235505758, 0.044729912494872126, -0.1498937167924749, 0.2291998624009375, -0.268611852834581, 0.2609266567739627, -0.20721196335487274, 0.11676089524232039, -0.005532311737897125, -0.10663025946841671, 0.19954380104347433, -0.2563049941719155, 0.26639840375868695, -0.2276193549376616, 0.14661925190470035, -0.037721768920896064, 0.07930382373252316, 0.18288155842349368, -0.2500613609685435, -0.19245008972986868], [0.10668743894516376, -0.2053221167132801, -0.269859869718737, 0.2746677597725788, -0.21221216130591933, 0.09520426043268522, 0.046864551044568395, -0.17603014654303406, -0.25674308113537303, 0.26624602138264336, -0.2014198737020009, 0.08006343397822693, 0.06385929524447058, -0.1897010914646128, 0.2616780665606141, -0.25914549271584236, 0.1826495680775052, -0.05392340423374086, -0.09017146039613096, 0.20814923938335872, -0.26573903590488107, 0.24586129259970324, -0.1535741165728588, -0.015119110698482006, 0.12958286801985877, -0.2345203540973989, -0.1924500897298735], [-0.13813169887079677, 0.24600243249058448, 0.2806099598083271, -0.2168060542791164, 0.07221532929767871, 0.09974734338625417, -0.2317875840855933, 0.270783949252286, 0.20039116243649507, -0.04864175933678586, -0.1228644682767088, 0.24394090654204545, -0.26470589313605236, 0.17638511759495568, -0.01523416100595828, -0.1522002840721925, 0.25654087905752787, -0.2543767548908968, 0.14647478417097407, 0.02234531741585983, -0.18159363771065667, 0.2644267435287091, -0.23541802614128957, -0.10590441512181231, 0.0705729613926555, -0.21612621557794154, -0.19245008972987426], [0.1692292951219222, -0.27310259770701756, -0.2539456121598766, 0.10785954761486977, 0.09373542200375579, -0.2438050571267884, 0.26025413566278927, -0.1333252909910521, 0.06728890332005204, -0.2302686003345185, 0.26460776732022, -0.15086503391757883, -0.04740918432321609, 0.21895634369708092, -0.26723600045346485, 0.16492795121545248, 0.030405660321344292, -0.2085320661416536, 0.2687352310016644, -0.17682383862587117, -0.015178745329026414, 0.1982350984953701, -0.26769191487045657, -0.18307004181141837, 0.008787965737175591, -0.1951247465578521, -0.19245008972987618], [-0.19879379467500477, 0.2833412823924391, 0.19176772848116477, 0.02718041821640155, -0.22511652083925343, 0.26234739821132985, -0.11164457049357858, -0.11912988011110677, -0.26340622908427574, 0.2164802403998572, -0.012230189023592684, -0.20078213408150425, 0.2672347035457555, -0.13850929262363226, -0.0914028671188928, 0.2543224842383832, -0.23088906945578566, 0.03819637617031155, 0.18248234974551134, -0.2691058618006424, 0.15796886291045972, 0.06922148242214672, -0.24470820431490833, -0.23820367296437506, -0.05272611485423846, -0.17178304759676563, -0.1924500897298767], [0.22575845130769645, -0.2749517943846563, -0.10201438160770478, -0.15547115626283256, 0.27273987995129695, -0.14487077416145522, -0.11330766009445374, 0.2682072468275315, 0.179074131632671, 0.07305612456939226, -0.25827767558545417, 0.20739418420205716, 0.03313116360456556, -0.24319614419979135, 0.23038105407060036, -0.006393366553521309, -0.2233405369530275, 0.24797471558142578, -0.044834702085920976, -0.1994335264919147, 0.26023954367721097, -0.08156194376996784, -0.17172485214025274, -0.2653776611274716, -0.11095172519413214, -0.14638965966505563, -0.19245008972987562], [-0.24918081273343431, 0.24776858826449524, -0.0026674144732273287, 0.24502015065707444, -0.21824587534807674, -0.04804242093437649, 0.2603907308775595, -0.1840412264571229, 0.09628818530005726, -0.2692894922629156, 0.14264556369727685, 0.14266239478286638, -0.2688419453474651, 0.09527896973944086, 0.1844566008122456, -0.2582496244603589, 0.043756106584834815, 0.21948545981957512, -0.2373672428209607, -0.010069212106738432, 0.24615522385340846, -0.2066950545267403, -0.06386121718896655, -0.26179543975573594, -0.16304085636337384, -0.11925313879327175, -0.19245008972987332], [0.2682626630478052, -0.20322314100394212, 0.10693664269291227, -0.27312271249009556, 0.08168185446846364, 0.21581993180945722, -0.22821502117899345, -0.06042329081545039, -0.2687210253278226, 0.12139818149699833, 0.1864169975652012, -0.24709746655294088, -0.019642552217695907, 0.2601686870339529, -0.155574609662839, -0.15532076491667626, 0.2600053055973422, -0.019593958625928075, -0.2466706473562637, 0.1852347243428254, 0.12225033209757091, -0.2670560659222423, 0.056930744616460555, -0.22809418158198305, -0.2064500998681419, -0.09069969864344214, -0.19245008972987174], [-0.2823629588935335, 0.14420340461368003, -0.19522071775531458, 0.2324367506228262, 0.08567632327596231, -0.27055151878851713, 0.03870117807730788, 0.25216471493745474, 0.15374922218810397, 0.18171338708419785, -0.2363073703754761, -0.07405118353911223, 0.26978205408437816, -0.04853573513493555, -0.24758112843955538, 0.1608262514752154, 0.174545495999734, -0.23985585884125443, -0.06577815255538831, 0.2694742204723644, -0.056090538215467535, -0.24388152499634408, 0.16624154470593616, -0.16826845049726763, -0.23906216040761627, -0.06107025065209998, -0.19245008972987307], [0.2910137307594807, -0.07480821618638792, 0.25419233120600554, -0.13304548371673025, -0.22064766447296638, 0.18339950769291088, 0.17750690804162, -0.22379222138011287, 0.12575154685755183, -0.25231581846497686, -0.06778138907403795, 0.26759073415600365, 0.006519038951629918, -0.2688962010609798, 0.05492238426261594, 0.2562057455189591, -0.11334728236477548, -0.230224517997623, 0.16579857465739703, 0.19230430413027366, -0.20937958195938833, -0.14450333358837406, 0.24205958545018558, -0.08922244171623107, -0.25928743810117444, -0.030717038388603332, -0.1924500897298737], [-0.2939291983896213, 8.903966066205095e-14, -0.2749004272287053, -1.9116237631774844e-14, 0.2721414808060968, 1.427748566467804e-14, -0.2711387020119892, -1.0382643778663751e-14, -0.27062070768644614, 1.950343363463815e-15, 0.27030482476149126, -6.397446112963738e-16, -0.2700810989030149, -6.288387029271092e-15, 0.2699225870746872, 1.266198789930555e-15, -0.26976763899418155, -4.853783362914114e-15, 0.26965072196437384, 7.471626921492636e-15, -0.26937467420238986, -4.198193856416288e-15, 0.2691455618251256, -6.36805907665587e-15, -0.2661404796914123, -1.0827359758174846e-14, -0.19245008972987548], [0.29101373075950077, 0.07480821618622051, 0.25419233120599005, 0.1330454837167687, -0.22064766447298287, -0.18339950769293645, 0.17750690804158112, 0.2237922213801288, 0.12575154685754186, 0.2523158184649778, -0.06778138907403565, -0.2675907341560064, 0.00651903895161923, 0.26889620106098455, 0.05492238426260815, -0.25620574551896447, -0.11334728236476285, 0.23022451799762247, 0.16579857465740763, -0.19230430413026461, -0.20937958195939424, 0.14450333358836456, 0.2420595854501851, 0.08922244171621511, -0.2592874381011829, 0.030717038388582012, -0.192450089729877], [-0.2823629588935799, -0.1442034046135366, -0.19522071775529348, -0.23243675062285646, 0.08567632327599553, 0.27055151878852646, 0.038701178077353425, -0.2521647149374514, 0.15374922218811046, -0.18171338708419937, -0.23630737037547206, 0.0740511835391147, 0.26978205408437256, 0.048535735134944163, -0.24758112843955293, -0.16082625147521534, 0.17454549599973865, 0.2398558588412574, -0.06577815255537071, -0.2694742204723624, -0.05609053821547872, 0.24388152499633586, 0.1662415447059367, 0.16826845049725175, -0.23906216040763356, 0.061070250652076864, -0.1924500897298764], [0.2682626630478805, 0.20322314100383515, 0.10693664269288834, 0.27312271249010867, 0.08168185446842854, -0.21581993180944248, -0.2282150211790175, 0.060423290815428805, -0.2687210253278227, -0.12139818149700092, 0.186416997565197, 0.24709746655294437, -0.019642552217682026, -0.2601686870339584, -0.15557460966283582, 0.15532076491668498, 0.2600053055973432, 0.019593958625932353, -0.2466706473562618, -0.18523472434283525, 0.12225033209756268, 0.26705606592224124, 0.05693074461646251, 0.2280941815819686, -0.2064500998681677, 0.09069969864341557, -0.19245008972987407], [-0.2491808127335376, -0.2477685882644331, -0.0026674144732064917, -0.24502015065707225, -0.21824587534805173, 0.04804242093435519, 0.2603907308775492, 0.18404122645713705, 0.09628818530005398, 0.2692894922629142, 0.1426455636972732, -0.1426623947828664, -0.26884194534745603, -0.09527896973944758, 0.18445660081224174, 0.2582496244603587, 0.04375610658482982, -0.2194854598195702, -0.2373672428209733, 0.01006921210672161, 0.24615522385340569, 0.20669505452674564, -0.06386121718896426, 0.26179543975572456, -0.163040856363404, 0.11925313879324488, -0.19245008972987396], [0.22575845130781788, 0.27495179438462725, -0.1020143816077082, 0.1554711562628084, 0.2727398799512744, 0.14487077416146388, -0.11330766009440943, -0.2682072468275203, 0.17907413163267835, -0.07305612456938469, -0.25827767558544934, -0.20739418420206301, 0.03313116360454797, 0.24319614419979102, 0.23038105407059475, 0.006393366553516726, -0.22334053695302947, -0.24797471558142542, -0.04483470208594105, 0.1994335264919002, 0.260239543677215, 0.08156194376997848, -0.1717248521402522, 0.26537766112746625, -0.11095172519416448, 0.14638965966502904, -0.19245008972987382], [-0.1987937946751197, -0.28334128239241746, 0.1917677284811367, -0.027180418216354557, -0.22511652083922287, -0.2623473982113083, -0.11164457049362812, 0.11912988011107067, -0.2634062290842718, -0.21648024039986127, -0.012230189023599266, 0.2007821340815, 0.2672347035457506, 0.13850929262364706, -0.09140286711888744, -0.25432248423838816, -0.23088906945578674, -0.03819637617032058, 0.1824823497454996, 0.26910586180064405, 0.15796886291047363, -0.06922148242213425, -0.2447082043149127, 0.23820367296437897, -0.05272611485427181, 0.17178304759674176, -0.19245008972987393], [0.1692292951220231, 0.27310259770699663, -0.2539456121598173, -0.10785954761493283, 0.09373542200372002, 0.2438050571267433, 0.2602541356628126, 0.1333252909910896, 0.06728890332003498, 0.2302686003345164, 0.26460776732022634, 0.15086503391758918, -0.047409184323203124, -0.21895634369708425, -0.26723600045345786, -0.16492795121544634, 0.03040566032134874, 0.20853206614164585, 0.26873523100167057, 0.17682383862588763, -0.015178745329009553, -0.1982350984953621, -0.26769191487046556, 0.18307004181142802, 0.00878796573714414, 0.19512474655783285, -0.19245008972987604], [-0.1381316988708773, -0.24600243249056053, 0.2806099598082473, 0.2168060542791887, 0.0722153292977136, -0.09974734338620876, -0.23178758408558067, -0.2707839492522974, 0.20039116243650767, 0.04864175933678937, -0.12286446827670768, -0.24394090654204373, -0.26470589313604515, -0.17638511759496742, -0.015234161005959888, 0.15220028407219766, 0.25654087905752776, 0.25437675489089234, 0.1464747841709901, -0.02234531741583949, -0.18159363771064507, -0.2644267435287096, -0.2354180261413043, 0.10590441512182844, 0.07057296139262724, 0.21612621557792913, -0.19245008972987804], [0.10668743894522215, 0.2053221167132544, -0.26985986971865183, -0.27466775977265345, -0.2122121613059504, -0.09520426043271071, 0.04686455104453305, 0.17603014654301777, -0.2567430811353736, -0.2662460213826438, -0.20141987370200404, -0.08006343397823505, 0.06385929524445737, 0.18970109146461353, 0.26167806656060794, 0.2591454927158423, 0.18264956807750207, 0.053923404233743595, -0.09017146039611855, -0.20814923938334629, -0.26573903590487863, -0.2458612925997103, -0.1535741165728742, 0.01511911069850197, 0.129582868019837, 0.23452035409739364, -0.19245008972988048], [-0.07619013592965102, -0.15563691840966806, 0.22617108750827464, 0.2708613191691938, 0.2780123611686341, 0.24307716825598585, 0.16947918520391042, 0.06807425235508636, 0.04472991249485534, 0.14989371679246338, 0.22919986240092982, 0.26861185283457584, 0.2609266567739536, 0.20721196335488618, 0.11676089524232412, 0.005532311737898738, -0.10663025946841347, -0.19954380104346248, -0.25630499417191344, -0.26639840375868873, -0.2276193549376715, -0.14661925190471525, -0.03772176892091313, -0.07930382373249957, 0.18288155842348092, 0.2500613609685507, -0.1924500897298838], [0.04809546201389356, 0.10264542370104393, -0.159976335012321, -0.21232426682548242, -0.2527988014910418, -0.2758542705397509, -0.27776008529086155, -0.2569572590233351, 0.21423181151405787, 0.15266578819151266, 0.07736411881540294, -0.005028033322901092, -0.08696596297773633, -0.16075241333136558, -0.21930388070271498, -0.25687659078743863, -0.26965510765453576, -0.25617432016946473, -0.21748793156417606, -0.1571255307748324, -0.08075542063875303, 0.00427934600870221, 0.08970829291786588, -0.16688631152115857, 0.22776703607621415, 0.26252161314799555, -0.19245008972988484], [-0.02407665171492603, -0.052916662727946796, 0.08630141740296336, 0.12200138299161892, 0.15791941932840298, 0.19205623266021174, 0.2225334678640238, 0.24764423454553366, -0.2659109156793428, -0.2761433899020596, -0.2774878699532128, -0.2694671718871333, -0.25200316586726984, -0.2254279312912089, -0.19047191116172837, -0.14824334168966555, -0.10018104596580368, -0.048007729631072193, 0.006348432499025217, 0.06081133864778267, 0.11326110978175503, 0.16156813539135645, 0.2037288677904856, -0.23774486816190957, 0.2618631381376119, 0.27168181968979715, -0.19245008972988534], [0.006653610816167399, 0.014863213831100827, -0.02484462275815133, -0.03630976388242647, -0.04903030643996999, -0.06280530332388401, -0.07744588462228127, -0.09276744531766865, 0.10858672932618685, 0.12471967693183954, 0.1409821138107068, 0.1571888934054028, 0.17315634111619338, 0.1887011297608895, 0.20364426405941286, 0.21780840994882544, 0.23102410572114074, 0.24312339000891248, 0.25395039789398, 0.2633458957478654, 0.27116857947662465, 0.2772519139027044, 0.2814582837561479, -0.283501765506449, 0.28313310684750076, 0.2773021757197603, -0.19245008972988636]]

