[shined]
shined = [0, 1]

[amplitude]
pulse_type = AM
shape = rectangular
mu = 2102637.7932052407
delta_t = 1.4999999999999999e-05
segnum = 29
amp_list0 = [0.0011782528358007457, -0.09471079437686517, 0.3352969320268786, -0.47718394750816717, 0.1514950862897871, 0.3971484622725416, -0.3813667011944364, -0.24617415606546195, 0.4594563559612466, 0.14292912133524627, -0.49033016332731527, -0.07213013511764302, 0.49798077793132794, 0.021736006567280596, -0.49850165807538305, 0.009653738352928059, 0.49938093251441285, -0.05869061468350641, -0.49981113770738567, 0.1437070039920605, 0.4520910228081393, -0.23060021089768415, -0.38581032905144835, 0.3812757556780503, 0.17306932894217472, -0.4881620197503303, 0.33560442702733817, -0.0924740947117391, 0.0003669619344514902]
amp_list1 = [0.0011782528358007457, -0.09471079437686517, 0.3352969320268786, -0.47718394750816717, 0.1514950862897871, 0.3971484622725416, -0.3813667011944364, -0.24617415606546195, 0.4594563559612466, 0.14292912133524627, -0.49033016332731527, -0.07213013511764302, 0.49798077793132794, 0.021736006567280596, -0.49850165807538305, 0.009653738352928059, 0.49938093251441285, -0.05869061468350641, -0.49981113770738567, 0.1437070039920605, 0.4520910228081393, -0.23060021089768415, -0.38581032905144835, 0.3812757556780503, 0.17306932894217472, -0.4881620197503303, 0.33560442702733817, -0.0924740947117391, 0.0003669619344514902]

