[shined]
shined = [0, 1]

[amplitude]
pulse_type = AM
shape = rectangular
mu = 2102637.7932052407
delta_t = 1.4999999999999999e-05
segnum = 2
amp_list0 = [-2.3869795029440866e-14, 2.3925306180672123e-14]
amp_list1 = [-2.3869795029440866e-14, 2.3925306180672123e-14]

