[shined]
shined = [0, 1]

[amplitude]
pulse_type = AM
shape = rectangular
mu = 2116870.9727079733
delta_t = 1.4999999999999999e-05
segnum = 35
amp_list0 = [0.19961343643583307, -0.10776010402959744, -0.1997478878599145, -0.14322576978202972, 0.19948970969491708, 0.19933117477126747, -0.14711593657192945, -0.19935356817397012, 0.0020734805859825758, 0.19996468193716094, 0.11781675559412866, -0.19912855987866476, -0.19856667570822892, -0.14763951734367345, 0.1998437523470489, 0.19991217552392515, -0.19689688288870347, -0.19739322716186036, -0.017714183662648226, 0.19931449657941494, 0.1970150357004821, -0.1482294410921453, -0.1997640456082249, -0.19938143028664543, 0.13030815125971718, 0.19981058180222025, -0.031865712477534176, -0.1995641382638108, -0.011216216974234215, 0.19921761374908475, 0.199830870249535, -0.1885984468648011, -0.1996616305607546, -0.07099262691798017, 0.19983935895950478]
amp_list1 = [0.19961343643583307, -0.10776010402959744, -0.1997478878599145, -0.14322576978202972, 0.19948970969491708, 0.19933117477126747, -0.14711593657192945, -0.19935356817397012, 0.0020734805859825758, 0.19996468193716094, 0.11781675559412866, -0.19912855987866476, -0.19856667570822892, -0.14763951734367345, 0.1998437523470489, 0.19991217552392515, -0.19689688288870347, -0.19739322716186036, -0.017714183662648226, 0.19931449657941494, 0.1970150357004821, -0.1482294410921453, -0.1997640456082249, -0.19938143028664543, 0.13030815125971718, 0.19981058180222025, -0.031865712477534176, -0.1995641382638108, -0.011216216974234215, 0.19921761374908475, 0.199830870249535, -0.1885984468648011, -0.1996616305607546, -0.07099262691798017, 0.19983935895950478]

