[shined]
shined = [1, 3]

[amplitude]
pulse_type = AM
shape = rectangular
mu = 2111322.6706592506
delta_t = 1.4999999999999999e-05
segnum = 43
amp_list0 = [-0.47315577512955537, -0.03383318829523756, 0.4723920658744399, 0.33813345534360645, 0.2324220655615442, -0.2716946062876455, -0.27904842010327313, -0.15857654261081847, -0.09210769590593919, 0.10692453799914113, 0.41378043840475975, 0.4607655937024481, -0.17497624979598392, -0.4966102828256959, -0.496542338170691, -0.47440163069947056, 0.48756037344398667, 0.4991198867726063, 0.4986198637905086, 0.19163321090679833, -0.4989557837169319, -0.49759250206071626, -0.4981776600791871, 0.17442135542349776, 0.4994390714417049, 0.49946937425942944, 0.48970413238835014, -0.469868646111466, -0.4970458810876392, -0.49718412077446505, -0.15021222504724713, 0.43936167464410336, 0.40022383920254606, 0.12566273262369396, -0.08633802119415655, -0.16277578662839928, -0.2875987007032722, -0.27983171794215117, 0.2311230578296353, 0.3594147055741717, 0.42875617146620326, -0.02055153296617183, -0.45565939716905235]
amp_list1 = [-0.47315577512955537, -0.03383318829523756, 0.4723920658744399, 0.33813345534360645, 0.2324220655615442, -0.2716946062876455, -0.27904842010327313, -0.15857654261081847, -0.09210769590593919, 0.10692453799914113, 0.41378043840475975, 0.4607655937024481, -0.17497624979598392, -0.4966102828256959, -0.496542338170691, -0.47440163069947056, 0.48756037344398667, 0.4991198867726063, 0.4986198637905086, 0.19163321090679833, -0.4989557837169319, -0.49759250206071626, -0.4981776600791871, 0.17442135542349776, 0.4994390714417049, 0.49946937425942944, 0.48970413238835014, -0.469868646111466, -0.4970458810876392, -0.49718412077446505, -0.15021222504724713, 0.43936167464410336, 0.40022383920254606, 0.12566273262369396, -0.08633802119415655, -0.16277578662839928, -0.2875987007032722, -0.27983171794215117, 0.2311230578296353, 0.3594147055741717, 0.42875617146620326, -0.02055153296617183, -0.45565939716905235]

