[phonon]
partialpos = [0.0e+00 5.0e-06 1.0e-05 1.5e-05 2.0e-05 2.5e-05 3.0e-05 3.5e-05 4.0e-05
	 4.5e-05 5.0e-05 5.5e-05]
z_freqcal = [nan, nan, nan, nan, nan, nan, nan, nan, nan, nan, 141548.33119971646, 217999.99999999997]
z_modes = [[0.0328519455647849, 0.07289616248155344, -0.12021157295134575, 0.1719111112658348, -0.22509780600821827, -0.2768877443425719, 0.32440136106288525, -0.3649501142855776, 0.395815203348831, 0.414661279963903, -0.41460220316579305, -0.2886751345948121], [-0.1150817973462347, -0.23513317383504861, 0.3405763190791435, -0.40402944677884833, 0.40661993614788616, 0.3416814659252814, -0.21644224581234056, 0.05079801268598183, 0.12589662368972288, 0.28073582086154675, -0.3777922348333672, -0.28867513459481264], [0.21679923458022876, 0.3777473528259656, -0.4113032412262493, 0.2832864571740073, -0.03740074835283928, 0.22323877913759785, -0.38324230511621543, 0.36877981320542225, -0.18407481036648185, 0.08881601287364117, -0.318858462993551, -0.28867513459481275], [-0.3146487140198524, -0.41870794772242104, 0.22587250255443578, 0.13568051786969, -0.38598778198773154, -0.32434050252837227, -0.0003207774836586925, 0.32295556920437724, -0.37763161509469784, -0.11594851008477464, -0.241630900123342, -0.28867513459481237], [0.39083466321175964, 0.32603643189065584, 0.1108045617167413, -0.40252798293038605, 0.1924252675810841, -0.25652354030309465, 0.3816548593343207, -0.026545594677555108, -0.3599735886914025, -0.2860579301090145, -0.15067088412295238, -0.2886751345948131], [-0.43234184885966875, -0.12283882564070725, -0.37025741594248357, 0.21567934339970188, 0.31077055496388706, 0.29283154211115864, 0.2353323441131105, -0.3510376861326508, -0.14632227395581043, -0.3822066735053017, -0.05118704709458856, -0.28867513459481287], [0.4323418488596687, -0.12283882564070166, 0.3702574159424817, 0.21567934339970313, -0.31077055496389006, 0.29283154211115897, -0.235332344113113, -0.3510376861326491, 0.1463222739558119, -0.3822066735053015, 0.05118704709458752, -0.2886751345948129], [-0.39083466321176236, 0.32603643189065246, -0.11080456171673683, -0.4025279829303862, -0.1924252675810808, -0.2565235403030945, -0.3816548593343203, -0.026545594677551135, 0.35997358869140356, -0.28605793010901337, 0.15067088412295182, -0.2886751345948132], [0.31464871401985606, -0.41870794772241865, -0.2258725025544381, 0.13568051786968835, 0.3859877819877307, -0.32434050252837066, 0.0003207774836612742, 0.32295556920437823, 0.3776316150946968, -0.11594851008477362, 0.24163090012334137, -0.28867513459481337], [-0.21679923458023045, 0.37774735282596217, 0.41130324122624934, 0.28328645717401285, 0.037400748352840026, 0.22323877913759704, 0.38324230511621715, 0.36877981320542036, 0.18407481036647944, 0.08881601287364238, 0.3188584629935499, -0.2886751345948132], [0.11508179734623492, -0.2351331738350449, -0.3405763190791419, -0.4040294467788533, -0.4066199361478873, 0.3416814659252797, 0.21644224581234076, 0.050798012685981005, -0.12589662368972304, 0.28073582086154636, 0.3777922348333659, -0.28867513459481314], [-0.032851945564784664, 0.07289616248155174, 0.12021157295134458, 0.17191111126583586, 0.22509780600821808, -0.27688774434257, -0.32440136106288775, -0.3649501142855776, -0.39581520334883, 0.4146612799639023, 0.414602203165792, -0.28867513459481303]]

