[phonon]
partialpos = [0.0e+00 5.0e-06 1.0e-05 1.5e-05 2.0e-05 2.5e-05 3.0e-05 3.5e-05 4.0e-05
	 4.5e-05 5.0e-05 5.5e-05 6.0e-05 6.5e-05 7.0e-05 7.5e-05 8.0e-05]
z_freqcal = [2018062.9053051132, 2021743.91222576, 2027182.5114152674, 2034285.0273223817, 2042936.1378803002, 2052996.637049698, 2064301.93247301, 2076660.1708887592, 2089849.509585493, 2103613.778545764, 2117655.8391785454, 2131626.513124668, 2145106.984608639, 2157575.642807062, 2168348.157977177, 2176412.601692051, 2179999.9999999995]
z_modes = [[-0.01659359811366616, -0.03701108444910835, 0.06162919231138941, -0.08946267011442616, 0.11960247091556137, -0.15115441507544625, -0.18322577342623564, 0.21491706749161849, -0.24534386723974455, -0.27362912436624004, 0.29894678809275654, -0.32047643251768854, -0.33749277507442765, -0.34912665315795394, 0.35462989456277544, -0.349459791309281, -0.24253562503633277], [0.05931360476621779, 0.12698399262093424, -0.1985596618877527, 0.26428050453296237, -0.31529149764885867, 0.3443325714593013, 0.34640968722188936, -0.3193316826832377, 0.2639653839953692, 0.18423339362289073, -0.08673402103075006, -0.0198057253786768, -0.12546312107912755, -0.21978753706648665, 0.29305719331756425, -0.3329451391377074, -0.24253562503633247], [-0.1159078849079664, -0.2300223578672487, 0.31810407403955393, -0.3517330798195248, 0.31626211853145136, -0.21438585969807009, -0.06578303960315815, -0.09736247932418304, 0.23795817872834937, 0.3230300843647243, -0.33184340678441426, 0.2613472401256957, 0.12719906157807054, -0.039207617853597033, 0.1981886784104227, -0.3061776503918398, -0.24253562503633308], [0.17775294383214688, 0.31353937465373766, -0.35044829932807786, 0.2578275408926039, -0.064033763078026, -0.1550702083452963, -0.3088094494952494, 0.3316443423093976, -0.21291443547641428, -0.002862233383275826, -0.20799935955537363, 0.32781820807545653, 0.30327316768191276, 0.14381012220005074, 0.08204783658519693, -0.2702387078565519, -0.24253562503633228], [-0.23829069187805818, -0.3540794332657733, 0.2687108098596132, -0.018177592389537, -0.24166600649880765, 0.3406455653170558, 0.21199360338321693, 0.05885161262008029, -0.2895032338146248, -0.32349499678723265, 0.13740151947492568, 0.1420585923636652, 0.3231933744901774, 0.28061425020794123, -0.04122515721184269, -0.2263192492132514, -0.2425356250363335], [0.2918115918383671, 0.338298149130901, -0.09364684328590762, -0.23181357024106206, 0.3354953056887929, -0.11874988856467776, 0.2111067128811943, -0.33657209261914417, 0.1363139613381804, -0.19575760768686407, 0.3373491033114282, -0.15067267339810891, 0.18208089414677514, 0.33543414511851277, -0.1568127044051643, -0.17577019142879682, -0.2425356250363324], [-0.33362963128136003, -0.26513418937924604, -0.11481150168145325, 0.34257505140354116, -0.13227840583780265, -0.24612411361601366, -0.3065492119332683, -0.028353175349272522, 0.32585915932479154, 0.20142361735879172, 0.1836514411325282, -0.3301882892655602, -0.04855826142724082, 0.29486629112092183, -0.25089064254038024, -0.12009706193310306, -0.24253562503633314], [0.36019359054716443, 0.14551288439106225, 0.2814005016265078, -0.2460394749640682, -0.18859075331312644, 0.31282797217179936, -0.07491568485795604, 0.3388544229888518, -0.046937591458130756, 0.3213829548133763, -0.16171364808451658, -0.2631125755916016, -0.25539863756727066, 0.17140267585270474, -0.31223239420099946, -0.06093282132690684, -0.24253562503633475], [-0.3692998496056755, 5.392746972455594e-14, -0.34475654330773964, -2.185029460312633e-14, 0.34100106248162715, 1.240801921038978e-14, 0.339546311659123, 1.5980629654074524e-14, -0.3387951107955413, 3.796210164255242e-15, -0.33811683311315693, -1.1451913953538646e-14, -0.3376674054977173, 1.5777620173072746e-15, -0.333525409035132, 6.074800432884487e-15, -0.24253562503633605], [0.360193590547122, -0.1455128843911634, 0.28140050162647534, 0.24603947496410114, -0.18859075331311204, -0.31282797217181246, -0.07491568485793139, -0.33885442298885615, -0.046937591458151136, -0.3213829548133749, -0.16171364808452915, 0.26311257559158696, -0.2553986375672804, -0.17140267585270094, -0.31223239420100246, 0.06093282132691729, -0.24253562503633497], [-0.33362963128128975, 0.26513418937933286, -0.11481150168140648, -0.3425750514035509, -0.1322784058378151, 0.2461241136160058, -0.3065492119332793, 0.02835317534924539, 0.3258591593247869, -0.20142361735879513, 0.18365144113251783, 0.3301882892655641, -0.04855826142725376, -0.29486629112091933, -0.25089064254038435, 0.12009706193311291, -0.24253562503633477], [0.29181159183828537, -0.3382981491309634, -0.09364684328594305, 0.23181357024105256, 0.3354953056887911, 0.11874988856468803, 0.21110671288117977, 0.3365720926191495, 0.13631396133819645, 0.19575760768686207, 0.3373491033114294, 0.15067267339812648, 0.18208089414676346, -0.33543414511850866, -0.15681270440516556, 0.17577019142880693, -0.2425356250363334], [-0.23829069187797616, 0.3540794332658097, 0.26871080985962664, 0.018177592389553788, -0.24166600649880093, -0.34064556531705936, 0.2119936033832311, -0.0588516126200608, -0.2895032338146219, 0.3234949967872375, 0.13740151947493642, -0.1420585923636523, 0.3231933744901813, -0.2806142502079418, -0.041225157211842806, 0.22631924921326094, -0.2425356250363326], [0.17775294383207896, -0.31353937465375664, -0.35044829932807253, -0.25782754089261756, -0.06403376307802554, 0.15507020834529622, -0.3088094494952453, -0.33164434230940215, -0.21291443547642275, 0.0028622333832774975, -0.2079993595553651, -0.32781820807545514, 0.3032731676819285, -0.14381012220005834, 0.08204783658519395, 0.27023870785655885, -0.24253562503633058], [-0.11590788490791967, 0.23002235786725986, 0.3181040740395472, 0.3517330798195425, 0.3162621185314513, 0.21438585969806812, -0.0657830396031593, 0.09736247932417916, 0.23795817872835237, -0.3230300843647267, -0.3318434067844074, -0.2613472401256969, 0.12719906157808095, 0.03920761785359122, 0.19818867841042098, 0.3061776503918451, -0.24253562503633017], [0.059313604766193004, -0.1269839926209395, -0.19855966188774896, -0.26428050453297763, -0.31529149764885955, -0.3443325714592964, 0.34640968722187854, 0.31933168268323625, 0.2639653839953768, -0.18423339362289676, -0.08673402103075516, 0.019805725378670556, -0.1254631210791259, 0.21978753706648368, 0.2930571933175653, 0.332945139137713, -0.24253562503633072], [-0.016593598113658976, 0.03701108444910928, 0.06162919231138695, 0.08946267011442942, 0.11960247091556014, 0.15115441507544394, -0.18322577342623145, -0.21491706749161876, -0.2453438672397491, 0.27362912436623954, 0.29894678809274283, 0.32047643251768176, -0.3374927750744369, 0.3491266531579555, 0.35462989456278, 0.34945979130928934, -0.24253562503633203]]

