[phonon]
partialpos = [0.00e+00 5.00e-06 1.00e-05 1.50e-05 2.00e-05 2.50e-05 3.00e-05 3.50e-05
	 4.00e-05 4.50e-05 5.00e-05 5.50e-05 6.00e-05 6.50e-05 7.00e-05 7.50e-05
	 8.00e-05 8.50e-05 9.00e-05 9.50e-05 1.00e-04 1.05e-04 1.10e-04 1.15e-04
	 1.20e-04 1.25e-04 1.30e-04 1.35e-04 1.40e-04 1.45e-04]
z_freqcal = [2016745.955696949, 2017952.9714396587, 2019757.0075584457, 2022146.8473452772, 2025109.2459713265, 2028628.5187416987, 2032686.41015223, 2037262.0215578147, 2042331.7533257927, 2047869.2461550746, 2053845.3115993089, 2060227.8453512124, 2066981.7138099952, 2074068.6077164216, 2081446.8483608651, 2089071.1383595022, 2096892.2311727018, 2104856.507271675, 2112905.4064258626, 2120974.6946183443, 2128993.4567942587, 2136882.7688758387, 2144553.783562477, 2151905.1009947467, 2158818.642946678, 2165153.5400796016, 2170734.861423067, 2175334.155198912, 2178615.4633730818, 2180000.0]
z_modes = [[0.005400427263891185, -0.012063567225964699, 0.020169107925044272, -0.029492480026036084, 0.039861099909505066, -0.051127638835152985, 0.06315660168161713, -0.07581798641408348, -0.08898367486966187, 0.1025261533514694, -0.11631733588468575, 0.13022902869252484, -0.1441323673156968, 0.1578992235815807, -0.17140151639390375, 0.184513449951674, -0.19711010079321686, -0.20907076543501465, 0.22027593940514648, -0.23061259759091002, 0.23996772027683225, -0.24823759916981233, -0.2553130357359804, 0.2610985817899409, -0.26547233950611965, 0.2683357211590207, 0.2694496024145247, 0.2686059355825559, -0.2629907928175944, -0.18257418583505017], [-0.01957203301816723, 0.04314830501188782, -0.07071682327614061, 0.10066742124686849, -0.1315076759673022, 0.16181202915332327, -0.19021960548337183, 0.21545492363078053, 0.2363589038021284, -0.2519218769294309, 0.26131643413350425, -0.26392508950910226, 0.2593638964938531, -0.2474968227735906, 0.22844482669379168, -0.20258294617367786, 0.17053311905633745, 0.13314288731163135, -0.09146364618079925, 0.046712207738003414, -0.00023992610511864283, -0.046520430313137746, -0.09208373434615363, 0.13497970800779177, -0.17375446023779081, 0.20706383937700013, 0.23353433868492549, 0.25195878066158833, -0.2586006665059212, -0.18257418583504958], [0.03920473598507876, -0.0844027103446178, 0.1333754238284987, -0.18055328776294743, 0.22085326831823526, -0.24990263920436964, 0.26431095732299653, -0.2619177555935444, -0.24196681790424465, 0.20518069673119432, -0.153719630616435, 0.091026058670281, -0.021560722071722226, -0.04954581098081924, 0.1169047743008165, -0.17530370231100917, 0.22013782496940643, 0.24779060624660154, -0.2559475857538967, 0.24379620905119656, -0.21212246285196915, 0.16325790118436787, 0.1009342257956507, -0.029981720812742033, -0.043985648074808224, 0.11505158299491808, 0.17724753385890127, 0.22515415570979577, -0.2514425751507402, -0.18257418583504956], [-0.06235656894118666, 0.12960004584226545, -0.19372766469102107, 0.24211831742796422, -0.2649605612775305, 0.25647561575772326, -0.21571771544642215, 0.14674108297065086, 0.05805501702396313, 0.03858458042561717, -0.12988339423654566, 0.2029751256860881, -0.24735281811579726, 0.256480196931792, -0.22883068407344803, 0.16819863392650117, -0.08321624568271395, 0.013847653479604654, -0.10885408387515023, 0.18784409196281307, -0.2391034753248358, 0.2548903755887382, 0.23263165427493768, -0.17531683791370414, 0.0911698353901626, 0.0075672802629795305, 0.10614572626456416, 0.1895691523614764, -0.24169209969645464, -0.18257418583505153], [0.08778466751786747, -0.1739684390326811, 0.24048408135639526, -0.2663857913668641, 0.24097592278946803, -0.16616412001314362, 0.05608464699097824, 0.06609732987251336, 0.1735418737149622, -0.24204024717016942, 0.2558019384735409, -0.21134167020861533, 0.11852163167951875, 0.001544273985991676, -0.12126379201591891, 0.21293195056547962, -0.2551927480078884, -0.23808802389044958, 0.16546865295256177, -0.054201876201472016, -0.06970307936646829, 0.17711295520795514, 0.24260751782929996, -0.2504300549712778, 0.19832017611128314, -0.09807179504740247, 0.026838082769427493, 0.14677760474765095, -0.22950242267885806, -0.18257418583505272], [-0.11442463696549743, 0.21328153457759047, -0.26492614419584587, 0.24361339744045962, -0.14965875420072366, 0.009408837260167634, 0.13349985093611338, -0.23287798112976982, -0.25582294065823385, 0.1942690823011994, -0.0682245555887454, -0.08053254808251963, 0.20227920819931616, -0.25605697032490266, 0.22359885568138096, -0.11567686745284768, -0.03135870934222187, -0.16777375033495373, 0.2472690835902633, -0.24275307090209852, 0.1556432764428605, -0.015542858402291358, 0.1297360189804331, -0.23033481602014264, 0.25141906008727477, -0.18506307171300762, -0.05345822040636357, 0.09857015486548751, -0.2150277582215028, -0.18257418583505156], [0.14133606732110315, -0.24396551765771532, 0.26178000980626637, -0.17508308906946976, 0.01489031336214976, 0.15105770946802738, -0.2494858619920596, 0.2358263195137782, 0.11563941439045554, 0.05696196097365607, -0.20347987332544637, 0.2568536868183234, -0.1924207471520612, 0.03958497710347986, 0.1314264823071077, -0.24178182954995997, 0.24045331831249112, 0.12793244333528977, 0.043805295113476174, -0.19523456592967167, 0.25607642799179187, -0.19799291613313177, -0.04788477223374907, -0.12433618161745508, 0.23815150976068722, -0.23973322936608327, -0.12751121528439646, 0.04691553391567473, -0.19843181801775975, -0.18257418583505164], [-0.16764971397212022, 0.2631707667227986, -0.22965212931091217, 0.0725259591764668, 0.12423782090486707, -0.2482215530356443, 0.22665938792640195, -0.07158427593892044, 0.1256712939364731, -0.24800746639597868, 0.22237258064202894, -0.06385862620513244, -0.13281227349496205, 0.24976402238576764, -0.21670882349113918, 0.05340079117514483, 0.14198567341415627, 0.251787782466679, -0.20976388642997568, 0.041171421058288554, 0.1522608058767461, -0.2536559826026818, -0.20160479393507216, 0.027566914934139562, 0.16291745241382197, -0.2536917596618111, -0.18870019298549026, -0.006102299184308217, -0.17989102572418195, -0.1825741858350483], [0.19256992724872493, -0.2689226133372503, 0.17117150585319363, 0.04439619751820863, -0.22584653637881671, 0.24047125370867878, -0.0768818204451189, -0.14363461349389334, -0.25640606529945836, 0.1767785857748623, 0.03561975293436499, -0.2210525981157179, 0.23975316885907946, -0.07751608203289156, -0.14320936738379203, 0.25559364948626656, -0.17457413287875254, 0.038573941942804606, -0.22242448676376947, 0.23759837017921076, -0.07253457194249793, -0.14756182463911194, -0.2555287877335096, 0.16927445331649613, 0.045633214693578165, -0.22514922031771206, -0.23159927469976604, -0.058358646198086214, -0.15959543976426177, -0.18257418583504628], [-0.21537204680513714, 0.26020522627432313, -0.0925925071799895, -0.15235602998208483, 0.25873068374548236, -0.13049969561481545, -0.11611446011787452, 0.2560328013928198, 0.1610269663219735, 0.08177372095430507, -0.24911111147091927, 0.1868574075976395, 0.04764815906189208, -0.23805101923028085, 0.2085212084345907, 0.013691381721063179, -0.22316759471244774, -0.2261432982005893, 0.019840466885903962, 0.2047447100505771, -0.23958504379456555, 0.05235164217010668, -0.18336703933439785, 0.24890319633136956, -0.08335380152508769, -0.15917814573621397, -0.2524589371737087, -0.10776753634663538, -0.13774849680200257, -0.18257418583504814], [0.23541310452462744, -0.23701543115918705, 0.002979823416489174, 0.22935576850135372, -0.21243949403387624, -0.03516282309438977, 0.24354150658885343, -0.1848005709359694, 0.07658154676458061, -0.2534806123713774, 0.15136813392578766, 0.11731883932576256, -0.2565576287349567, 0.11286334099353844, 0.15525285568830224, -0.25191116586440715, 0.07041341770654855, -0.18879105864802279, 0.23933985954453038, -0.02538973480435113, -0.21653477333195142, 0.2188792906461149, -0.020928792822910842, 0.23749637329450035, -0.19095653764497245, -0.06687096694207738, -0.24953907940418305, -0.15236143984383338, -0.11456606770305706, -0.18257418583504656], [-0.25213869767564207, 0.2003437353560237, 0.08698242699416883, -0.25948282480675333, 0.10088814588325634, 0.18575102867735185, -0.23319565690210745, -0.01917505543724314, -0.24642170868002647, 0.1558398997714494, 0.13561703029673172, -0.2518117347200585, 0.042798181454597385, 0.2213722102304489, -0.19935036611469484, -0.08033576097033251, 0.25602991103708356, 0.10052871974478728, 0.18496108654484944, -0.23104825551783814, -0.021876629502295096, 0.24634429010468453, 0.15173632659697645, 0.13938162612818059, -0.24970706190298408, 0.03647047526802831, -0.22326214988180706, -0.19036731371588486, -0.09027507400495897, -0.18257418583504703], [0.26509328366192736, -0.15210207400468306, -0.1663743280712321, 0.2363622251436752, 0.04173652651568347, -0.256651115968681, 0.09075311333955549, 0.20934176488361467, 0.19807079689918167, 0.10750245438187246, -0.2529085033064869, 0.021997604073771288, 0.24147190128938428, -0.14535586003115314, -0.16711540377126688, 0.2305825471474168, 0.0494074403998682, 0.2556765703868616, -0.08093696242193205, -0.21435223938881362, 0.19008828887223553, 0.11745366735550092, 0.24973606346941188, -0.009541456336074606, -0.2446763000235239, 0.13382197728168768, -0.17617177624907612, -0.22027557490919863, -0.0651118054912886, -0.18257418583505322], [-0.2739272764214269, 0.09498688010874713, 0.22546088318610777, -0.16460577342071944, -0.17147123029814298, 0.21731097269528202, 0.10314254097122381, -0.2488330573060938, 0.025750709779625538, -0.25646066102388204, 0.053645454897935214, 0.2396412090924137, -0.12764173894329522, -0.20007380247506482, 0.18930569094434155, 0.14159376940618565, -0.23287175993932793, 0.06976945443368554, -0.2542687633873483, 0.008534260501470867, 0.2515427876445836, -0.08594150149491404, 0.2249739716411639, -0.15493767560330016, -0.17721215693361358, 0.20919908947435964, -0.112700235447548, -0.24089905196386519, -0.03932002796013115, -0.18257418583505658], [0.27840404468148094, -0.03229614113154404, -0.2569527024651113, 0.05891998997988098, 0.24821595696395157, -0.08455786095437423, -0.23851076664670726, 0.10914707398536068, -0.2267440305602971, 0.13249372922522273, 0.21277166892969743, -0.15437669311567476, -0.19665280694566006, 0.1745881226361066, 0.17851903376328157, -0.19291390105749398, -0.15854463481820436, -0.20918316283890173, -0.13692699776008088, 0.22319106979359885, 0.11389337929781226, -0.23483700950240136, 0.08967496585246602, -0.24382211052772484, -0.06455673124416006, 0.2502482229663208, -0.038765545808204, -0.25141945568240925, -0.0131489440335034, -0.1825741858350603], [-0.27840404468148877, -0.03229614113151278, 0.2569527024651152, 0.058919989979867776, -0.2482159569639718, -0.08455786095430992, 0.2385107666467149, 0.10914707398534816, 0.22674403056031955, 0.13249372922519423, -0.2127716689297037, -0.15437669311563643, 0.19665280694567255, 0.17458812263610088, -0.1785190337632876, -0.19291390105750392, 0.15854463481820694, -0.20918316283891106, 0.13692699776007886, 0.22319106979359563, -0.1138933792978008, -0.2348370095023909, -0.08967496585247017, -0.24382211052771788, 0.0645567312441624, 0.25024822296631877, 0.038765545808195676, -0.2514194556824113, 0.013148944033496313, -0.18257418583506188], [0.2739272764214431, 0.09498688010871595, -0.22546088318610888, -0.16460577342070165, 0.17147123029818984, 0.21731097269524205, -0.10314254097123988, -0.24883305730608482, -0.025750709779676483, -0.25646066102387705, -0.05364545489791969, 0.23964120909242909, 0.12764173894327846, -0.2000738024750707, -0.18930569094434097, 0.14159376940617294, 0.2328717599393335, 0.06976945443366746, 0.25426876338735566, 0.008534260501469557, -0.2515427876445863, -0.08594150149489561, -0.2249739716411688, -0.1549376756032896, 0.17721215693361533, 0.20919908947436042, 0.11270023544753613, -0.24089905196387218, 0.03932002796011955, -0.18257418583506055], [-0.2650932836619543, -0.15210207400465905, 0.16637432807123065, 0.23636222514365993, -0.04173652651574243, -0.256651115968688, -0.09075311333954462, 0.20934176488361755, -0.19807079689915277, 0.10750245438189607, 0.2529085033064843, 0.02199760407372609, -0.24147190128938822, -0.1453558600311475, 0.16711540377126888, 0.23058254714742338, -0.04940744039986525, 0.2556765703868576, 0.08093696242193897, -0.21435223938881043, -0.19008828887224605, 0.11745366735551438, -0.2497360634694078, -0.00954145633606243, 0.2446763000235161, 0.13382197728168765, 0.17617177624905958, -0.22027557490920946, 0.06511180549127372, -0.18257418583505816], [0.2521386976756802, 0.20034373535601083, -0.08698242699415978, -0.2594828248067414, -0.10088814588320891, 0.18575102867739532, 0.2331956569021079, -0.019175055437248824, 0.24642170868003982, 0.1558398997714233, -0.13561703029674288, -0.2518117347200498, -0.04279818145457762, 0.2213722102304565, 0.19935036611468984, -0.08033576097032262, -0.25602991103708433, 0.10052871974480015, -0.1849610865448477, -0.23104825551783195, 0.021876629502283654, 0.24634429010468475, -0.1517363265969671, 0.13938162612818966, 0.24970706190297254, 0.03647047526802963, 0.22326214988178716, -0.1903673137159019, 0.09027507400493905, -0.18257418583505625], [-0.23541310452466818, -0.23701543115918283, -0.0029798234165112074, 0.22935576850133904, 0.21243949403385626, -0.03516282309443855, -0.24354150658885446, -0.18480057093596747, -0.07658154676461174, -0.25348061237136393, -0.15136813392577844, 0.11731883932578611, 0.2565576287349436, 0.11286334099354133, -0.15525285568829023, -0.2519111658644108, -0.07041341770656469, -0.1887910586480026, -0.2393398595445446, -0.025389734804360846, 0.21653477333195004, 0.21887929064611492, 0.020928792822916945, 0.23749637329451212, 0.19095653764496381, -0.06687096694207918, 0.24953907940416548, -0.15236143984384845, 0.1145660677030385, -0.1825741858350581], [0.215372046805178, 0.26020522627432324, 0.09259250718001902, -0.15235602998206976, -0.2587306837454928, -0.1304996956147838, 0.11611446011786684, 0.25603280139281875, -0.16102696632196048, 0.08177372095430832, 0.24911111147092319, 0.18685740759762393, -0.04764815906190184, -0.23805101923028715, -0.2085212084345854, 0.013691381721051105, 0.22316759471243844, -0.22614329820058576, -0.019840466885918118, 0.20474471005055786, 0.2395850437945726, 0.05235164217010489, 0.1833670393343969, 0.24890319633137778, 0.08335380152508283, -0.15917814573622208, 0.2524589371736966, -0.10776753634664561, 0.13774849680198492, -0.1825741858350582], [-0.19256992724875702, -0.26892261333724227, -0.17117150585321925, 0.04439619751819159, 0.22584653637883947, 0.24047125370866332, 0.07688182044512776, -0.1436346134938823, 0.2564060652994592, 0.17677858577484273, -0.03561975293436577, -0.22105259811572123, -0.2397531688590614, -0.0775160820329012, 0.14320936738377177, 0.25559364948626606, 0.17457413287876986, 0.038573941942783053, 0.22242448676377274, 0.23759837017920185, 0.07253457194250833, -0.14756182463911277, 0.25552878773350185, 0.16927445331649693, -0.045633214693576986, -0.2251492203177221, 0.23159927469975866, -0.05835864619809497, 0.1595954397642442, -0.1825741858350587], [0.16764971397213815, 0.26317076672277295, 0.22965212931092116, 0.07252595917648157, -0.12423782090488239, -0.24822155303563362, -0.22665938792640059, -0.07158427593894419, -0.12567129393647122, -0.24800746639595705, -0.22237258064203902, -0.06385862620512679, 0.13281227349496044, 0.2497640223857796, 0.21670882349114115, 0.053400791175162776, -0.14198567341414003, 0.2517877824666687, 0.209763886429998, 0.041171421058299844, -0.152260805876742, -0.25365598260268335, 0.2016047939350636, 0.027566914934134382, -0.16291745241381772, -0.2536917596618251, 0.1887001929854871, -0.006102299184314399, 0.17989102572416485, -0.1825741858350586], [-0.14133606732110995, -0.24396551765767865, -0.2617800098062623, -0.17508308906948195, -0.014890313362147677, 0.15105770946802555, 0.2494858619920485, 0.23582631951380056, -0.11563941439046538, 0.05696196097365311, 0.203479873325461, 0.25685368681833065, 0.19242074715204494, 0.03958497710348293, -0.13142648230709417, -0.2417818295499582, -0.24045331831250025, 0.1279324433352996, -0.04380529511346623, -0.19523456592965568, -0.25607642799179836, -0.19799291613313275, 0.04788477223374246, -0.12433618161746429, -0.2381515097606817, -0.23973322936609934, 0.12751121528439724, 0.046915533915672346, 0.19843181801774423, -0.18257418583506047], [0.11442463696549866, 0.21328153457755292, 0.26492614419583715, 0.2436133974404715, 0.14965875420073563, 0.009408837260153985, -0.13349985093611103, -0.23287798112978705, 0.255822940658246, 0.19426908230117546, 0.06822455558873684, -0.08053254808253577, -0.20227920819931158, -0.2560569703249137, -0.22359885568137777, -0.1156768674528603, 0.03135870934220679, -0.1677737503349387, -0.247269083590276, -0.24275307090209047, -0.15564327644286918, -0.015542858402289974, -0.1297360189804316, -0.23033481602014702, -0.25141906008726367, -0.18506307171301942, 0.05345822040636534, 0.09857015486548787, 0.21502775822148784, -0.18257418583506074], [-0.08778466751786548, -0.17396843903264858, -0.24048408135638982, -0.266385791366883, -0.2409759227894974, -0.16616412001311928, -0.05608464699096514, 0.06609732987251853, -0.1735418737149721, -0.24204024717014994, -0.2558019384735541, -0.21134167020861566, -0.1185216316795023, 0.0015442739859954603, 0.12126379201591143, 0.2129319505654792, 0.25519274800789177, -0.23808802389044792, -0.1654686529525799, -0.054201876201477046, 0.06970307936646797, 0.17711295520796286, -0.2426075178292943, -0.2504300549712779, -0.19832017611127079, -0.09807179504740726, -0.026838082769423552, 0.1467776047476555, 0.2295024226788443, -0.1825741858350613], [0.06235656894118469, 0.12960004584224322, 0.19372766469102146, 0.2421183174279867, 0.26496056127756784, 0.2564756157576943, 0.21571771544639398, 0.1467410829706556, -0.05805501702396185, 0.03858458042562187, 0.12988339423656411, 0.20297512568610254, 0.24735281811578197, 0.2564801969317965, 0.22883068407343907, 0.1681986339265101, 0.08321624568272824, 0.013847653479589519, 0.10885408387514339, 0.18784409196279547, 0.23910347532484147, 0.25489037558874716, -0.23263165427493124, -0.17531683791370298, -0.09116983539015651, 0.00756728026297776, -0.10614572626455533, 0.189569152361484, 0.24169209969644384, -0.1825741858350616], [-0.039204735985076886, -0.08440271034460306, -0.13337542382849985, -0.18055328776296564, -0.2208532683182672, -0.24990263920434208, -0.2643109573229647, -0.26191775559355895, 0.24196681790425897, 0.20518069673117645, 0.1537196306164383, 0.09102605867027487, 0.021560722071713195, -0.04954581098082235, -0.11690477430080781, -0.17530370231100664, -0.2201378249694053, 0.24779060624659316, 0.25594758575391235, 0.2437962090511874, 0.21212246285198028, 0.16325790118437591, -0.10093422579564895, -0.029981720812740094, 0.04398564807480766, 0.11505158299492206, -0.17724753385889072, 0.22515415570980774, 0.2514425751507333, -0.18257418583506138], [0.019572033018166592, 0.043148305011881716, 0.07071682327614376, 0.10066742124688148, 0.13150767596732407, 0.16181202915330956, 0.1902196054833546, 0.21545492363079868, -0.23635890380214847, -0.25192187692941614, -0.261316434133522, -0.2639250895091085, -0.25936389649382857, -0.24749682277358848, -0.22844482669377583, -0.2025829461736792, -0.17053311905634286, 0.13314288731163337, 0.09146364618081086, 0.046712207738005954, 0.00023992610512164596, -0.046520430313138204, 0.09208373434615019, 0.13497970800779333, 0.1737544602377814, 0.2070638393770059, -0.2335343386849101, 0.2519587806616001, 0.2586006665059148, -0.18257418583506044], [-0.005400427263890814, -0.012063567225962966, -0.020169107925045476, -0.029492480026040747, -0.039861099909512296, -0.05112763883514836, -0.06315660168161079, -0.07581798641408924, 0.088983674869669, 0.10252615335146335, 0.11631733588469392, 0.1302290286925278, 0.14413236731568266, 0.15789922358157812, 0.17140151639388887, 0.18451344995166977, 0.19711010079321298, -0.20907076543500416, -0.22027593940515838, -0.23061259759090227, -0.23996772027684654, -0.24823759916982707, 0.2553130357359778, 0.26109858178994677, 0.2654723395061084, 0.26833572115903165, -0.26944960241450927, 0.2686059355825702, 0.2629907928175885, -0.18257418583506174]]

