[shined]
shined = [0, 1]

[amplitude]
pulse_type = AM
shape = rectangular
mu = 2098546.313659262
delta_t = 1.4999999999999999e-05
segnum = 15
amp_list0 = [0.3303084735020134, -0.4955673874745358, 0.12013520158502466, 0.49941437996744464, -0.09793579435495624, -0.4995824102481457, 0.017793257220096052, 0.49930435734710066, -0.01321467309028861, -0.4995709881771327, 0.26869813510564805, 0.49993298630017874, -0.3902607088719628, -0.4968291571015751, 0.4944516362263958]
amp_list1 = [0.3303084735020134, -0.4955673874745358, 0.12013520158502466, 0.49941437996744464, -0.09793579435495624, -0.4995824102481457, 0.017793257220096052, 0.49930435734710066, -0.01321467309028861, -0.4995709881771327, 0.26869813510564805, 0.49993298630017874, -0.3902607088719628, -0.4968291571015751, 0.4944516362263958]

