[phonon]
partialpos = [0.e+00 5.e-06 1.e-05]
z_freqcal = [2064469.5731742568, 2132623.0541442675, 2180000.0]
z_modes = [[0.4082482904638644, 0.7071067811865471, 0.5773502691896253], [-0.8164965809277256, 1.1180418011691705e-15, 0.5773502691896264], [0.40824829046386263, -0.7071067811865478, 0.5773502691896258]]

