[result]
infid = 0.005877769262314314
tracedist = 0.012923451790800762
infid_ideal = -2.1975779276317553e-06
bound_eq26 = 0.0237996754839670

