[shined]
shined = [0, 1]

[amplitude]
pulse_type = AM
shape = rectangular
mu = 2111322.6706592506
delta_t = 1.4999999999999999e-05
segnum = 40
amp_list0 = [-0.19866653342873627, -0.19888432682867233, 0.08290724775940064, 0.19592252902171609, -0.11930318851440647, -0.19706509383747228, -0.07582000250113537, 0.19813350014642306, 0.1963832383567455, -0.10087503771532154, -0.1990105160310508, 0.123834345307441, 0.19993530618179495, 0.1516401015049254, -0.19825058437598947, -0.19991337297811795, 0.08734406067523971, 0.19941237355312677, 0.1932968916575498, -0.19866327799708539, -0.19950602916236085, 0.1931879970617391, 0.19956359145525573, 0.1351621183930172, -0.19992073482733339, -0.1987267767915563, 0.1058840748812517, 0.19973080159103865, 0.14738915495524638, -0.1969085961423201, -0.16209747832674157, 0.19827593712438293, 0.1985225898197769, -0.08059119577046248, -0.19838912059596028, -0.127164279980086, 0.1970647664293475, 0.12330221410094246, -0.1983536922714345, -0.19732578247088375]
amp_list1 = [-0.19866653342873627, -0.19888432682867233, 0.08290724775940064, 0.19592252902171609, -0.11930318851440647, -0.19706509383747228, -0.07582000250113537, 0.19813350014642306, 0.1963832383567455, -0.10087503771532154, -0.1990105160310508, 0.123834345307441, 0.19993530618179495, 0.1516401015049254, -0.19825058437598947, -0.19991337297811795, 0.08734406067523971, 0.19941237355312677, 0.1932968916575498, -0.19866327799708539, -0.19950602916236085, 0.1931879970617391, 0.19956359145525573, 0.1351621183930172, -0.19992073482733339, -0.1987267767915563, 0.1058840748812517, 0.19973080159103865, 0.14738915495524638, -0.1969085961423201, -0.16209747832674157, 0.19827593712438293, 0.1985225898197769, -0.08059119577046248, -0.19838912059596028, -0.127164279980086, 0.1970647664293475, 0.12330221410094246, -0.1983536922714345, -0.19732578247088375]

