[phonon]
partialpos = [0.0e+00 5.0e-06 1.0e-05 1.5e-05 2.0e-05 2.5e-05 3.0e-05 3.5e-05 4.0e-05
	 4.5e-05 5.0e-05 5.5e-05 6.0e-05 6.5e-05]
z_freqcal = [2018968.8327436298, 2024326.2273452545, 2032182.840959787, 2042345.300565223, 2054572.6513548072, 2068571.2419247576, 2083989.3654033954, 2100409.122805803, 2117332.2138731973, 2134156.0598824755, 2150127.416715332, 2164255.795745343, 2175073.8214184064, 2180000.0]
z_modes = [[-0.024301271188864514, 0.05408350479066733, -0.0896724676017996, 0.12929891105527241, -0.17123742811182419, 0.21376717412862634, -0.2551540044988933, 0.2937119812035726, -0.3277772469396071, 0.35583768713573305, 0.3762853482514884, 0.38774295926211133, 0.3845957449772141, -0.26726124191242384], [0.0860391936965347, -0.18024328760869623, 0.2720782301954672, -0.3437979533920921, 0.38089269898094447, -0.3740401478861575, 0.3205578420548664, -0.22489253655885091, 0.09820892562275066, 0.04322901910133414, 0.17997667866173994, 0.2924642196300511, 0.3587443625031631, -0.267261241912424], [-0.16525675862963138, 0.3088568874652793, -0.38434798194890546, 0.35311315848476743, -0.21499901497213791, 0.009135007023410292, 0.19901365104557603, -0.340103416481493, 0.36548117515353973, -0.2647392325500185, -0.07087043994823972, 0.15049686187670208, 0.3170752499131265, -0.2672612419124254], [0.24697925991774305, -0.3839762701244285, 0.3263894209613506, -0.08711447921111723, -0.20099665381271622, 0.36677496410445604, -0.3086545002369681, 0.06117677668328773, 0.22336445513550193, -0.367578266256325, -0.27999515929674107, -0.01282442752573987, 0.26175363731370277, -0.2672612419124296], [-0.3196011646565318, 0.3728868540642254, -0.10759195732793958, -0.2501253211541351, 0.36952440173434703, -0.13747925569395714, -0.22504183860627713, 0.37046852412539166, -0.1586200171385037, -0.20554502278095815, -0.36849412111344493, -0.1690204628180919, 0.19529138879094282, -0.267261241912431], [0.37364574402397716, -0.27017815582202653, -0.16631746942023684, 0.3736467318872955, -0.07901684890883966, -0.32000179474177626, 0.2847998598694377, 0.13619734029664812, -0.3712541859010153, 0.10151977341819274, -0.3049694627349227, -0.2910432680913326, 0.12056820059785306, -0.2672612419124305], [-0.4024203123442402, 0.09857046723500575, 0.35276242706419064, -0.17502104766999713, -0.31013274239453437, 0.24184405306540036, 0.2559497621826154, -0.2965586692685602, -0.1909422261341821, 0.3372760419320431, -0.11748843706968276, -0.3578158823336771, 0.040761465036026796, -0.2672612419124283], [0.40242031234426495, 0.09857046723491096, -0.35276242706419686, -0.1750210476699742, 0.3101327423945432, 0.2418440530653909, -0.25594976218262405, -0.2965586692685599, 0.19094222613417497, 0.33727604193204325, 0.11748843706968562, -0.3578158823336752, -0.04076146503603243, -0.26726124191242634], [-0.37364574402404277, -0.2701781558219522, 0.16631746942024975, 0.3736467318872869, 0.07901684890882579, -0.3200017947417775, -0.28479985986943196, 0.13619734029664304, 0.37125418590101666, 0.10151977341819488, 0.3049694627349261, -0.2910432680913286, -0.12056820059785964, -0.26726124191242545], [0.3196011646566119, 0.3728868540641733, 0.10759195732792948, -0.2501253211541345, -0.36952440173433904, -0.13747925569395228, 0.22504183860627874, 0.3704685241253874, 0.15862001713851837, -0.20554502278094983, 0.36849412111344776, -0.16902046281809127, -0.19529138879094649, -0.26726124191242207], [-0.24697925991781353, -0.3839762701243904, -0.326389420961345, -0.0871144792111234, 0.20099665381271148, 0.36677496410445753, 0.30865450023697305, 0.06117677668329677, -0.22336445513549308, -0.36757826625632156, 0.27999515929674607, -0.012824427525743247, -0.2617536373137062, -0.2672612419124198], [0.16525675862968087, 0.30885688746525125, 0.3843479819488984, 0.35311315848477315, 0.2149990149721384, 0.009135007023411454, -0.19901365104557286, -0.34010341648148334, -0.36548117515354783, -0.26473923255002746, 0.07087043994824821, 0.15049686187669628, -0.31707524991313407, -0.2672612419124188], [-0.08603919369656078, -0.1802432876086811, -0.27207823019546445, -0.34379795339209884, -0.3808926989809431, -0.3740401478861579, -0.32055784205486654, -0.22489253655884975, -0.0982089256227605, 0.043229019101325435, -0.17997667866173644, 0.2924642196300452, -0.3587443625031723, -0.2672612419124177], [0.024301271188872056, 0.054083504790663255, 0.08967246760179892, 0.1292989110552744, 0.17123742811182252, 0.21376717412862487, 0.25515400449888975, 0.29371198120356096, 0.3277772469396057, 0.35583768713573205, -0.3762853482514943, 0.3877429592621095, -0.3845957449772268, -0.26726124191241957]]

