[phonon]
partialpos = [0.0e+00 5.0e-06 1.0e-05 1.5e-05 2.0e-05]
z_freqcal = [2036298.236366549, 2070494.8173233091, 2113672.253563494, 2156148.0460429024, 2180000.0]
z_modes = [[-0.17230893891832, 0.3557281850836519, 0.5199130980931749, 0.6111116578311152, -0.44721359549995393], [0.5023929691885006, -0.6111116578311108, -0.21817723187804197, 0.3557281850836556, -0.44721359549995443], [-0.6601680605403564, -3.9646479575976415e-15, -0.6034717324302638, 4.293876555515047e-15, -0.4472135954999583], [0.5023929691884955, 0.6111116578311135, -0.21817723187804278, -0.3557281850836505, -0.4472135954999616], [-0.17230893891831897, -0.3557281850836542, 0.5199130980931743, -0.611111657831109, -0.44721359549996154]]

