[result]
infid = 0.03278346326869985
tracedist = 0.06876074824480458
infid_ideal = -7.341174460329114e-06
bound_eq26 = 0.137442235572471

