[phonon]
partialpos = [0.00e+00 5.00e-06 1.00e-05 1.50e-05 2.00e-05 2.50e-05 3.00e-05 3.50e-05
	 4.00e-05 4.50e-05 5.00e-05 5.50e-05 6.00e-05 6.50e-05 7.00e-05 7.50e-05
	 8.00e-05 8.50e-05 9.00e-05 9.50e-05 1.00e-04 1.05e-04 1.10e-04 1.15e-04]
z_freqcal = [2017098.937506153, 2018973.6670840378, 2021766.6412911122, 2025452.061488882, 2029998.8883683379, 2035370.0972424864, 2041522.3906373647, 2048405.9915546703, 2055964.4248255347, 2064134.2444326752, 2072844.660556579, 2082017.032601025, 2091564.1541751907, 2101389.2799595394, 2111384.7381956642, 2121430.031661227, 2131389.040200085, 2141106.079952654, 2150399.656432688, 2159053.048794545, 2166796.916830747, 2173278.886707255, 2177979.6428214605, 2180000.0]
z_modes = [[0.00840024200184477, -0.018763318883682142, 0.0313499933558132, 0.04577513675646926, -0.06172132050561253, 0.07890032958835615, -0.09703429437816062, -0.11584852974603628, -0.135067229880519, 0.154414512479539, -0.17361306642940402, 0.19238870529644198, -0.21046837058423024, 0.22758777003731728, -0.24348567347470373, 0.2579165522119683, 0.2706349284669412, 0.28141967496313625, -0.2900278164568803, 0.29625443386489597, -0.29973952071542304, 0.30016935985023097, -0.29419618867395064, -0.20412414523192515], [-0.030331746203608956, 0.06637176469366002, -0.10748614228684496, -0.15044102311192128, 0.19216883751299937, -0.2297798580152138, 0.2606444959951172, 0.2825002182420766, 0.2935617169853392, -0.29261291500363135, 0.27907952227354316, -0.2530642829214774, 0.2153565192582858, -0.16739407834298572, 0.11120696581777692, -0.049307187670054306, 0.015414306495645532, 0.07985658934218581, -0.14080850275980464, 0.19516734281474643, -0.23987139947269362, 0.2722265089829906, -0.28679277246898116, -0.20412414523192518], [0.06035824849212386, -0.1272367178176935, 0.19442470058120334, 0.2507541363543225, -0.28682700627130525, 0.29595915229775954, -0.27495159513301126, -0.22451147422991385, -0.14921453496851106, 0.05699374902258655, 0.04180809717684695, -0.13569871663319003, 0.2134745904389648, -0.2656318781211754, 0.2856059709840471, -0.2706315432240649, -0.22218034247767812, -0.14581795792997096, 0.050650147130251094, 0.051808662981757465, -0.14874033933634218, 0.22772378396519577, -0.27473534548029604, -0.20412414523192762], [-0.09507874322391935, 0.1895088980087971, -0.26434637370433384, -0.29687065989493133, 0.2746566011143131, -0.19827594162301138, 0.08127683962722988, -0.05273749982210934, -0.17537085342456793, 0.2598983215166005, -0.2874584367107681, 0.2515560784217927, -0.15978837877673804, 0.03238180673707023, 0.10221042309833676, -0.21362088002825183, -0.2764513628795959, -0.27603646303649176, 0.21195571754431602, -0.0981864890456035, -0.039591731053511776, 0.16984155505026083, -0.2583683050342123, -0.2041241452319302], [0.1321412381285039, -0.24385076573466002, 0.29723978155684966, 0.263378206113147, -0.14612708333205776, -0.018996538415400246, 0.17725777041872048, 0.27428463392702224, 0.27587803817307416, -0.1808595850148403, 0.02218460297591495, 0.1442926697834864, -0.2594895915424446, 0.28222628098597047, -0.20414280526157247, 0.05300342792841762, -0.11702408350648268, -0.24458775818241082, 0.28325511801656084, -0.21821877399700756, 0.07225299507989218, 0.10234707213468061, -0.23802350487606222, -0.2041241452319301], [-0.16947350784868717, 0.28249275670746343, -0.2818227579061259, -0.15337943088826142, -0.04748325553639691, 0.22399497864916365, -0.288049938962356, -0.20665679277247714, -0.0204231731924203, -0.17603827852557866, 0.28215509531513777, -0.24320714430380655, 0.07897858343149593, 0.12597540278762082, -0.26571590075981494, 0.26776826818045285, 0.13088791656140927, -0.07385014462755614, 0.23970721220893879, -0.27945059833008173, 0.17130355766423372, 0.029492822777975575, -0.2140560039870965, -0.20412414523193106], [0.20523563280141827, -0.29976761891890197, 0.2174578327454566, -0.002819615833668011, 0.2191481554819643, -0.28565120218756623, 0.15616683456753802, -0.0807563156768081, -0.2613608106565783, 0.2600779070798277, -0.0775526474211715, -0.15897852675620136, 0.28413447329761116, -0.21014666676345523, -0.011234890711746007, 0.2246584701690286, 0.28004334418430116, 0.13833007855268367, 0.10066332297701977, -0.26778823678298136, 0.24397082027724423, -0.04419361980964656, -0.1868549791155976, -0.20412414523192926], [-0.23777126832248674, 0.2924373899245869, -0.11393279513877021, 0.15807029264132985, -0.28899288272034807, 0.1629990150465558, 0.10806491781257731, 0.28159158479704055, 0.2015578448957407, 0.060065853102507, -0.26718291509814535, 0.2325295985687491, 0.012599918735681717, -0.24613160348986024, 0.25626146509778236, -0.03372310713604352, 0.21935134144665938, 0.27288713701259415, -0.07809036642495008, -0.18726559034303703, 0.28041854927163157, -0.11416331885826747, -0.15684571694284427, -0.20412414523192982], [0.2656405851586079, -0.25996789438590073, -0.010532726860499142, -0.2639096521479374, 0.22354913698585882, 0.06538707882819077, -0.28016341043732984, -0.1801437905284698, 0.12218684395634263, -0.2865254856550498, 0.12771445038440715, 0.1750505823665637, -0.2799318934271229, 0.06847457017169624, 0.22024304525925467, -0.2596169605160943, -0.0051236247892511525, 0.25505697496066515, -0.2260502325880098, -0.05895481845176433, 0.27591086788561164, -0.17611201839195104, -0.1244875582909462, -0.20412414523193187], [-0.2876405873845641, 0.20450891871920554, 0.13300803446943044, 0.2866892865950243, -0.0529595328867357, -0.25113261874086756, 0.21293528533680123, -0.11503690950319675, -0.28556259383390514, 0.06615286679641201, 0.24334030263779038, -0.21998580767579276, -0.10412776418562107, 0.2855913721827684, -0.07616056191783602, -0.237342000941564, -0.2256350725832735, 0.09517576631072387, -0.28528890411513963, 0.08433636251180908, 0.2314574065931771, -0.22623647480167686, -0.090269658146782, -0.20412414523193215], [0.30283980206786004, -0.13065054028911402, -0.23044420058309611, -0.21881893780903988, -0.1426021797191911, 0.27293429022951265, 0.03645224157934397, 0.2862794058003909, 0.0738800769574948, 0.25743820130516465, -0.17267088284927357, -0.19091759082229992, 0.24571022925943262, 0.09666459892702559, -0.28254630658913554, 0.011516042629402968, -0.2779265302477885, -0.11757273468000161, -0.23279203716599547, 0.20626724886911363, 0.1536618793614181, -0.2614629483249173, -0.05470542465652624, -0.20412414523192818], [-0.31060094032992036, 0.04491712797626655, 0.28431177789718076, 0.08157226122546049, 0.2707226286011067, -0.11633868565748852, -0.2546047106787361, -0.14896453048750827, 0.2348695942780513, -0.17900514710352786, -0.21153571427572013, 0.20603443467572272, 0.18487648097769524, -0.22959757511199358, -0.15528929341901626, 0.24937891839680326, -0.1232213936885667, -0.2648611626855461, -0.08922639299457052, 0.2760304559081654, 0.0537931071857538, -0.2796327225748175, -0.01832611330322265, -0.20412414523192937], [0.3106009403299163, 0.04491712797615858, -0.2843117778971852, 0.08157226122549174, -0.2707226286011228, -0.11633868565746196, 0.254604710678732, -0.14896453048752695, -0.23486959427803789, -0.17900514710354581, 0.21153571427571244, 0.20603443467573784, -0.18487648097769355, -0.22959757511199763, 0.15528929341900194, 0.24937891839680287, 0.1232213936885642, -0.2648611626855466, 0.08922639299456535, 0.27603045590816444, -0.053793107185735364, -0.2796327225748209, 0.01832611330321538, -0.2041241452319332], [-0.30283980206785305, -0.13065054028901854, 0.23044420058311135, -0.2188189378090639, 0.14260217971923295, 0.2729342902295036, -0.036452241579337186, 0.2862794058003879, -0.07388007695751737, 0.257438201305155, 0.17267088284928434, -0.19091759082228635, -0.2457102292594377, 0.0966645989270211, 0.2825463065891437, 0.011516042629403802, 0.2779265302477949, -0.11757273468000727, 0.23279203716599725, 0.20626724886911663, -0.15366187936140163, -0.2614629483249259, 0.054705424656516795, -0.2041241452319327], [0.2876405873845651, 0.20450891871913168, -0.13300803446946044, 0.28668928659503634, 0.05295953288668225, -0.25113261874088916, -0.21293528533680164, -0.11503690950318832, 0.28556259383391325, 0.0661528667964225, -0.24334030263779455, -0.21998580767579864, 0.1041277641856259, 0.28559137218276365, 0.07616056191785053, -0.23734200094155777, 0.22563507258327703, 0.09517576631071599, 0.2852889041151453, 0.08433636251181159, -0.23145740659317085, -0.2262364748016904, 0.09026965814677405, -0.20412414523193242], [-0.26564058515862743, -0.2599678943858661, 0.010532726860543757, -0.26390965214795115, -0.22354913698582252, 0.06538707882824245, 0.28016341043733406, -0.1801437905284717, -0.12218684395633535, -0.28652548565505065, -0.1277144503844135, 0.1750505823665594, 0.27993189342713487, 0.06847457017169248, -0.22024304525925933, -0.2596169605160891, 0.005123624789244089, 0.2550569749606605, 0.2260502325880123, -0.05895481845176004, -0.2759108678856088, -0.17611201839196758, 0.12448755829093693, -0.2041241452319322], [0.23777126832252873, 0.29243738992459617, 0.11393279513871674, 0.1580702926413465, 0.2889928827203499, 0.16299901504650335, -0.10806491781259242, 0.28159158479703666, -0.20155784489574263, 0.06006585310250467, 0.2671829150981441, 0.2325295985687437, -0.012599918735685958, -0.24613160348985041, -0.2562614650977898, -0.03372310713604196, -0.21935134144666393, 0.272887137012589, 0.078090366424951, -0.18726559034303036, -0.2804185492716319, -0.1141633188582857, 0.15684571694283697, -0.20412414523193267], [-0.20523563280147125, -0.2997676189189377, -0.21745783274539043, -0.0028196158336828364, -0.21914815548199026, -0.2856512021875357, -0.156166834567525, -0.08075631567679756, 0.2613608106565709, 0.26007790707982875, 0.07755264742117483, -0.1589785267561971, -0.2841344732976211, -0.21014666676344662, 0.011234890711739977, 0.2246584701690248, -0.28004334418430255, 0.13833007855268123, -0.10066332297702434, -0.2677882367829781, -0.24397082027724887, -0.04419361980966525, 0.1868549791155908, -0.20412414523193217], [0.16947350784873672, 0.2824927567075055, 0.28182275790605243, -0.15337943088825962, 0.04748325553642492, 0.22399497864916718, 0.28804993896235165, -0.20665679277248425, 0.020423173192433766, -0.1760382785255718, -0.2821550953151373, -0.2432071443038036, -0.07897858343149629, 0.12597540278761604, 0.2657159007598213, 0.2677682681804514, -0.13088791656140883, -0.07385014462755533, -0.2397072122089487, -0.27945059833008107, -0.1713035576642392, 0.029492822777960427, 0.21405600398709052, -0.20412414523193279], [-0.13214123812854556, -0.24385076573469985, -0.2972397815567761, 0.2633782061131575, 0.1461270833320489, -0.018996538415424098, -0.17725777041872579, 0.27428463392702346, -0.2758780381730806, -0.18085958501484578, -0.02218460297591903, 0.14429266978348373, 0.2594895915424559, 0.28222628098595803, 0.20414280526157957, 0.053003427928417356, 0.11702408350648419, -0.24458775818240486, -0.2832551180165714, -0.21821877399701112, -0.07225299507990227, 0.1023470721346669, 0.23802350487605808, -0.20412414523193315], [0.0950787432239514, 0.1895088980088316, 0.2643463737042761, -0.29687065989495853, -0.2746566011143343, -0.19827594162298534, -0.08127683962721885, -0.0527374998221077, 0.17537085342456485, 0.2598983215165992, 0.28745843671076926, 0.2515560784217907, 0.15978837877674462, 0.03238180673706845, -0.10221042309833957, -0.213620880028252, 0.2764513628795976, -0.2760364630364836, -0.21195571754432302, -0.09818648904560924, 0.03959173105349989, 0.169841555050251, 0.25836830503421104, -0.20412414523193398], [-0.060358248492144995, -0.12723671781771914, -0.19442470058116584, 0.25075413635435323, 0.2868270062713395, 0.2959591522977367, 0.2749515951329927, -0.2245114742299092, 0.14921453496851725, 0.05699374902259369, -0.041808097176840434, -0.13569871663318114, -0.2134745904389658, -0.265631878121158, -0.2856059709840541, -0.2706315432240652, 0.22218034247768054, -0.14581795792996846, -0.05065014713025512, 0.05180866298174778, 0.1487403393363293, 0.22772378396519255, 0.2747353454803018, -0.2041241452319363], [0.030331746203620117, 0.06637176469367385, 0.10748614228682449, -0.1504410231119405, -0.19216883751302302, -0.22977985801519613, -0.2606444959950967, 0.28250021824206356, -0.2935617169853376, -0.29261291500363573, -0.2790795222735517, -0.2530642829214799, -0.21535651925829555, -0.16739407834297818, -0.1112069658177823, -0.049307187670056665, -0.015414306495643985, 0.07985658934218223, 0.14080850275980733, 0.19516734281473613, 0.23987139947268202, 0.27222650898299344, 0.2867927724689931, -0.20412414523193745], [-0.008400242001848147, -0.018763318883686958, -0.0313499933558081, 0.04577513675647503, 0.06172132050561921, 0.07890032958834871, 0.09703429437815185, -0.11584852974603076, 0.1350672298805185, 0.15441451247954072, 0.17361306642940727, 0.1923887052964418, 0.2104683705842399, 0.22758777003730768, 0.24348567347471103, 0.257916552211968, -0.2706349284669431, 0.2814196749631273, 0.2900278164568868, 0.29625443386488365, 0.29973952071540994, 0.30016935985023496, 0.2941961886739631, -0.20412414523193753]]

