[shined]
shined = [3, 10]

[amplitude]
pulse_type = AM
shape = rectangular
mu = 2092199.244104599
delta_t = 1.4999999999999999e-05
segnum = 54
amp_list0 = [0.22559144731190262, -0.6170561987051342, 0.6215820714940182, 0.13075168120339356, -0.652703157105925, 0.044170208407457064, 0.6771441514226562, -0.1061244339133211, -0.7135235252835113, 0.11563831778801145, 0.762813307888829, -0.08886377885477235, -0.8146244171281699, 0.03128766951004255, 0.8617092197619622, 0.050015787652441454, -0.8963296125829903, -0.15113851936975095, 0.9141863681977594, 0.2671231509160623, -0.908697575577561, -0.3885243599430621, 0.886611907780805, 0.5216569612375369, -0.8168139085357834, -0.6210487886992516, 0.7550583373597016, 0.7456298705111815, -0.633389669845793, -0.80858778714505, 0.5327463718201642, 0.879388321389126, -0.40168683274103223, -0.90590728878638, 0.27956618054518345, 0.9116254838159011, -0.16467232773541332, -0.8965998130160748, 0.06295075749903356, 0.8626070198654614, 0.019198712050288634, -0.816392566130419, -0.07689899166806546, 0.7659453497945664, 0.10547946748121834, -0.7151357878074265, -0.09534345488754016, 0.6796623959165966, 0.03569826953117437, -0.6504969747874749, 0.13746781148450052, 0.6207545492525929, -0.6202385247875236, 0.22906088286671858]
amp_list1 = [0.22559144731190262, -0.6170561987051342, 0.6215820714940182, 0.13075168120339356, -0.652703157105925, 0.044170208407457064, 0.6771441514226562, -0.1061244339133211, -0.7135235252835113, 0.11563831778801145, 0.762813307888829, -0.08886377885477235, -0.8146244171281699, 0.03128766951004255, 0.8617092197619622, 0.050015787652441454, -0.8963296125829903, -0.15113851936975095, 0.9141863681977594, 0.2671231509160623, -0.908697575577561, -0.3885243599430621, 0.886611907780805, 0.5216569612375369, -0.8168139085357834, -0.6210487886992516, 0.7550583373597016, 0.7456298705111815, -0.633389669845793, -0.80858778714505, 0.5327463718201642, 0.879388321389126, -0.40168683274103223, -0.90590728878638, 0.27956618054518345, 0.9116254838159011, -0.16467232773541332, -0.8965998130160748, 0.06295075749903356, 0.8626070198654614, 0.019198712050288634, -0.816392566130419, -0.07689899166806546, 0.7659453497945664, 0.10547946748121834, -0.7151357878074265, -0.09534345488754016, 0.6796623959165966, 0.03569826953117437, -0.6504969747874749, 0.13746781148450052, 0.6207545492525929, -0.6202385247875236, 0.22906088286671858]

