[result]
infid = 0.05804997997276862
tracedist = 0.11425869794496372
infid_ideal = -4.1571606975487896e-05
bound_eq26 = 0.249040906445674

