[phonon]
partialpos = [0.0e+00 5.0e-06 1.0e-05 1.5e-05 2.0e-05 2.5e-05 3.0e-05 3.5e-05 4.0e-05
	 4.5e-05 5.0e-05 5.5e-05 6.0e-05 6.5e-05]
z_freqcal = [2018968.8327436305, 2024326.2273452545, 2032182.840959787, 2042345.300565223, 2054572.6513548072, 2068571.2419247576, 2083989.365403395, 2100409.1228058026, 2117332.213873197, 2134156.0598824755, 2150127.416715332, 2164255.795745343, 2175073.821418406, 2179999.9999999995]
z_modes = [[-0.02430127118887055, -0.05408350479067219, 0.08967246760179533, 0.12929891105527672, 0.17123742811182013, 0.21376717412862403, -0.2551540044988929, 0.2937119812035712, -0.3277772469396062, -0.3558376871357306, 0.3762853482514881, 0.38774295926211244, 0.3845957449772284, -0.2672612419124113], [0.0860391936965553, 0.18024328760871236, -0.2720782301954533, -0.34379795339210395, -0.38089269898093475, -0.37404014788615386, 0.32055784205486715, -0.22489253655885294, 0.09820892562275424, -0.04322901910133157, 0.17997667866173783, 0.2924642196300495, 0.35874436250317454, -0.26726124191240963], [-0.16525675862966657, -0.30885688746530304, 0.38434798194887765, 0.35311315848477437, 0.21499901497212529, 0.00913500702340548, 0.1990136510455776, -0.34010341648149145, 0.3654811751535396, 0.2647392325500174, -0.07087043994824059, 0.1504968618766997, 0.3170752499131354, -0.2672612419124099], [0.2469792599177828, 0.38397627012444446, -0.32638942096130447, -0.08711447921110303, 0.2009966538127248, 0.36677496410445504, -0.30865450023696417, 0.06117677668328495, 0.22336445513550382, 0.36757826625632584, -0.27999515929674185, -0.012824427525740593, 0.26175363731371326, -0.2672612419124164], [-0.3196011646565606, -0.3728868540642189, 0.10759195732788791, -0.2501253211541582, -0.3695244017343349, -0.13747925569394595, -0.2250418386062816, 0.3704685241253881, -0.1586200171385009, 0.20554502278096223, -0.36849412111344576, -0.1690204628180908, 0.19529138879095445, -0.2672612419124192], [0.37364574402397893, 0.27017815582198834, 0.16631746942027514, 0.3736467318873043, 0.07901684890881082, -0.32000179474178486, 0.28479985986943157, 0.13619734029665256, -0.3712541859010173, -0.10151977341818919, -0.3049694627349266, -0.29104326809133013, 0.12056820059786628, -0.2672612419124228], [-0.40242031234422065, -0.09857046723495007, -0.35276242706420685, -0.17502104766999185, 0.3101327423945517, 0.24184405306540005, 0.25594976218262067, -0.29655866926856134, -0.1909422261341834, -0.3372760419320448, -0.11748843706968573, -0.3578158823336772, 0.04076146503603979, -0.2672612419124262], [0.4024203123442441, -0.09857046723495881, 0.35276242706420446, -0.17502104766997714, -0.3101327423945414, 0.2418440530653897, -0.2559497621826247, -0.2965586692685558, 0.1909422261341795, -0.337276041932043, 0.11748843706968684, -0.3578158823336769, -0.040761465036022654, -0.26726124191243117], [-0.37364574402402684, 0.27017815582197513, -0.1663174694202563, 0.37364673188728287, -0.07901684890883492, -0.3200017947417755, -0.28479985986942963, 0.13619734029664704, 0.37125418590101533, -0.10151977341819281, 0.304969462734925, -0.2910432680913281, -0.12056820059785095, -0.26726124191243394], [0.3196011646565987, -0.37288685406417127, -0.10759195732793245, -0.25012532115412944, 0.3695244017343499, -0.13747925569395383, 0.22504183860628427, 0.3704685241253887, 0.15862001713850896, 0.20554502278095532, 0.3684941211134468, -0.16902046281809238, -0.19529138879093558, -0.26726124191243195], [-0.2469792599178089, 0.38397627012437996, 0.3263894209613608, -0.08711447921111821, -0.20099665381271745, 0.36677496410445753, 0.30865450023696694, 0.06117677668328688, -0.22336445513549996, 0.36757826625632345, 0.2799951592967417, -0.012824427525741637, -0.2617536373136962, -0.26726124191243233], [0.16525675862968162, -0.30885688746524215, -0.3843479819489226, 0.353113158484759, -0.2149990149721377, 0.009135007023411783, -0.19901365104557345, -0.34010341648148473, -0.3654811751535437, 0.2647392325500219, 0.07087043994824124, 0.15049686187669917, -0.3170752499131235, -0.2672612419124324], [-0.08603919369656064, 0.1802432876086726, 0.27207823019548, -0.3437979533920836, 0.3808926989809465, -0.37404014788616, -0.3205578420548665, -0.22489253655884797, -0.09820892562275563, -0.04322901910132993, -0.17997667866174094, 0.2924642196300471, -0.35874436250316005, -0.2672612419124316], [0.0243012711888724, -0.054083504790660236, -0.08967246760180275, 0.12929891105526642, -0.17123742811182358, 0.21376717412862828, 0.2551540044988952, 0.2937119812035672, 0.3277772469396074, -0.3558376871357316, -0.376285348251494, 0.38774295926210833, -0.3845957449772116, -0.2672612419124322]]

