[shined]
shined = [0, 1]

[amplitude]
pulse_type = AM
shape = rectangular
mu = 2094329.3492652983
delta_t = 1.4999999999999999e-05
segnum = 36
amp_list0 = [0.12728819832006358, -0.3152978013961233, 0.2649502548071744, 0.12501575419631458, -0.2352142117868541, -0.09676474968004342, 0.22697865616377222, 0.14151564679823048, -0.1789417585898816, -0.17303146719892987, 0.13836337158704134, 0.22554133804632318, -0.053291065684433814, -0.2353679634156149, -0.024791360679803517, 0.23127670952290513, 0.11561512993225292, -0.18403643734588956, -0.18312074968114972, 0.11660005166901793, 0.23063143284636306, -0.025691601483979202, -0.23516042443487592, -0.05252322313050763, 0.22584821417673148, 0.137723739334155, -0.17379611112020246, -0.17838945304907003, 0.14263917215234756, 0.22647763767526571, -0.09825994492220544, -0.23456488431232275, 0.1274415205123613, 0.26133711564394757, -0.3131486432668701, 0.12675790660763203]
amp_list1 = [0.12728819832006358, -0.3152978013961233, 0.2649502548071744, 0.12501575419631458, -0.2352142117868541, -0.09676474968004342, 0.22697865616377222, 0.14151564679823048, -0.1789417585898816, -0.17303146719892987, 0.13836337158704134, 0.22554133804632318, -0.053291065684433814, -0.2353679634156149, -0.024791360679803517, 0.23127670952290513, 0.11561512993225292, -0.18403643734588956, -0.18312074968114972, 0.11660005166901793, 0.23063143284636306, -0.025691601483979202, -0.23516042443487592, -0.05252322313050763, 0.22584821417673148, 0.137723739334155, -0.17379611112020246, -0.17838945304907003, 0.14263917215234756, 0.22647763767526571, -0.09825994492220544, -0.23456488431232275, 0.1274415205123613, 0.26133711564394757, -0.3131486432668701, 0.12675790660763203]

