[phonon]
partialpos = [0.0e+00 5.0e-06 1.0e-05 1.5e-05 2.0e-05 2.5e-05 3.0e-05 3.5e-05 4.0e-05
	 4.5e-05 5.0e-05 5.5e-05]
z_freqcal = [2019972.691547113, 2027165.3890329818, 2037628.660670193, 2051019.1606804237, 2066904.402362352, 2084750.9854456417, 2103907.713084955, 2123576.3161447523, 2142752.4099853914, 2160111.0706656366, 2173686.253834977, 2180000.0]
z_modes = [[0.03285194556478684, 0.07289616248155163, -0.12021157295134742, 0.17191111126583616, -0.22509780600821502, -0.276887744342572, 0.32440136106289064, 0.3649501142855716, 0.3958152033488312, 0.41466127996390395, -0.41460220316579577, -0.28867513459480904], [-0.11508179734624095, -0.23513317383504265, 0.34057631907914854, -0.4040294467788514, 0.4066199361478797, 0.3416814659252804, -0.2164422458123439, -0.05079801268598177, 0.12589662368972282, 0.2807358208615474, -0.3777922348333691, -0.28867513459480937], [0.2167992345802383, 0.37774735282595495, -0.41130324122625533, 0.2832864571740084, -0.03740074835283666, 0.2232387791375993, -0.383242305116221, -0.36877981320541614, -0.18407481036648127, 0.08881601287364169, -0.31885846299355086, -0.2886751345948091], [-0.31464871401986133, -0.41870794772240716, 0.22587250255443833, 0.1356805178696957, -0.3859877819877301, -0.32434050252837215, -0.00032077748366070026, -0.3229555692043745, -0.37763161509470233, -0.11594851008477611, -0.24163090012334382, -0.2886751345948131], [0.390834663211766, 0.32603643189064935, 0.11080456171673626, -0.40252798293038916, 0.19242526758108347, -0.25652354030309, 0.38165485933432, 0.026545594677553606, -0.3599735886914035, -0.2860579301090125, -0.1506708841229538, -0.28867513459481303], [-0.4323418488596658, -0.12283882564070668, -0.3702574159424846, 0.21567934339969905, 0.3107705549638907, 0.2928315421111622, 0.23533234411311235, 0.35103768613265063, -0.14632227395580502, -0.382206673505301, -0.051187047094587365, -0.28867513459481553], [0.4323418488596589, -0.12283882564069337, 0.37025741594249434, 0.215679343399706, -0.3107705549638916, 0.29283154211115475, -0.23533234411310933, 0.3510376861326493, 0.14632227395581787, -0.38220667350530096, 0.05118704709458875, -0.28867513459481625], [-0.3908346632117504, 0.3260364318906463, -0.1108045617167602, -0.40252798293039316, -0.1924252675810806, -0.25652354030310254, -0.38165485933431764, 0.026545594677546715, 0.35997358869140644, -0.2860579301090112, 0.15067088412295285, -0.2886751345948159], [0.31464871401985445, -0.4187079477224272, -0.22587250255441454, 0.13568051786970178, 0.385987781987737, -0.3243405025283664, 0.0003207774836631738, -0.32295556920438323, 0.37763161509469045, -0.11594851008476639, 0.24163090012334332, -0.2886751345948158], [-0.21679923458023695, 0.37774735282598304, 0.41130324122623524, 0.28328645717399675, 0.03740074835283301, 0.22323877913760148, 0.38324230511621404, -0.3687798132054236, 0.1840748103664724, 0.08881601287364911, 0.3188584629935507, -0.2886751345948148], [0.11508179734624267, -0.23513317383506496, -0.34057631907913866, -0.4040294467788451, -0.4066199361478884, 0.341681465925278, 0.2164422458123359, -0.05079801268597737, -0.12589662368972743, 0.2807358208615495, 0.37779223483336255, -0.28867513459481187], [-0.03285194556478862, 0.07289616248156021, 0.12021157295134445, 0.17191111126583258, 0.22509780600821866, -0.2768877443425716, -0.3244013610628859, 0.3649501142855853, -0.39581520334882975, 0.41466127996390284, 0.41460220316578694, -0.28867513459481087]]

