[result]
infid = 0.0008356683764713102
tracedist = 0.015782490636086513
infid_ideal = 0.0663195485601149

