[phonon]
partialpos = [0.00e+00 5.00e-06 1.00e-05 1.50e-05 2.00e-05 2.50e-05 3.00e-05 3.50e-05
	 4.00e-05 4.50e-05 5.00e-05 5.50e-05 6.00e-05 6.50e-05 7.00e-05 7.50e-05
	 8.00e-05 8.50e-05 9.00e-05 9.50e-05 1.00e-04 1.05e-04 1.10e-04 1.15e-04]
z_freqcal = [2017098.937506153, 2018973.6670840373, 2021766.6412911117, 2025452.0614888815, 2029998.8883683374, 2035370.0972424864, 2041522.3906373647, 2048405.9915546698, 2055964.4248255342, 2064134.2444326752, 2072844.660556579, 2082017.032601025, 2091564.1541751907, 2101389.2799595394, 2111384.7381956642, 2121430.031661227, 2131389.0402000844, 2141106.079952654, 2150399.6564326873, 2159053.048794545, 2166796.9168307465, 2173278.886707255, 2177979.6428214605, 2180000.0]
z_modes = [[-0.008400242001847882, -0.018763318883682295, -0.03134999335581027, 0.04577513675647227, 0.06172132050561595, 0.07890032958835166, -0.09703429437815973, 0.11584852974603417, -0.1350672298805148, 0.15441451247953514, 0.17361306642941052, 0.1923887052964425, -0.2104683705842326, 0.2275877700373142, -0.24348567347470787, 0.25791655221196785, -0.2706349284669376, 0.2814196749631343, -0.29002781645687975, -0.29625443386489353, -0.2997395207154207, -0.3001693598502404, 0.29419618867396413, -0.20412414523190595], [0.030331746203620193, 0.06637176469366089, 0.10748614228683531, -0.1504410231119317, -0.1921688375130113, -0.22977985801520087, 0.2606444959951163, -0.28250021824207366, 0.2935617169853325, -0.29261291500362463, -0.279079522273555, -0.25306428292147953, 0.21535651925828866, -0.16739407834298375, 0.11120696581778047, -0.04930718767005471, -0.015414306495643364, 0.07985658934218448, -0.14080850275980347, -0.19516734281474393, -0.23987139947269093, -0.27222650898299816, 0.28679277246899343, -0.20412414523190558], [-0.06035824849214579, -0.12723671781769555, -0.19442470058118586, 0.25075413635434, 0.28682700627132474, 0.2959591522977407, -0.27495159513301226, 0.2245114742299151, -0.14921453496851128, 0.0569937490225858, -0.04180809717684647, -0.1356987166331882, 0.21347459043896594, -0.26563187812117023, 0.28560597098405055, -0.27063154322406296, 0.22218034247767582, -0.1458179579299701, 0.05065014713025212, -0.05180866298175527, -0.14874033933633898, -0.22772378396519935, 0.27473534548030465, -0.20412414523190642], [0.09507874322395152, 0.18950889800879808, 0.2643463737043056, -0.29687065989494626, -0.274656601114328, -0.19827594162298653, 0.08127683962722544, 0.052737499822109825, -0.1753708534245645, 0.2598983215165967, 0.2874584367107795, 0.25155607842179234, -0.1597883787767355, 0.03238180673706435, 0.10221042309834137, -0.21362088002825566, 0.2764513628795947, -0.27603646303649193, 0.2119557175443172, 0.09818648904560379, -0.03959173105351067, -0.1698415550502633, 0.25836830503422165, -0.20412414523191003], [-0.13214123812854636, -0.2438507657346615, -0.2972397815568153, 0.26337820611315577, 0.14612708333206345, -0.0189965384154191, 0.1772577704187277, -0.2742846339270253, 0.27587803817307355, -0.18085958501483634, -0.022184602975917015, 0.14429266978348568, -0.2594895915424471, 0.2822262809859639, -0.20414280526157366, 0.0530034279284118, 0.11702408350648334, -0.24458775818241366, 0.28325511801656383, 0.21821877399700806, 0.0722529950798918, -0.10234707213468215, 0.23802350487607343, -0.20412414523191313], [0.1694735078487373, 0.2824927567074646, 0.28182275790608957, -0.15337943088826195, 0.047483255536399725, 0.22399497864916137, -0.2880499389623576, 0.20665679277248006, -0.020423173192425197, -0.1760382785255757, -0.2821550953151458, -0.24320714430380325, 0.07897858343148922, 0.12597540278762517, -0.2657159007598201, 0.26776826818044913, -0.13088791656140492, -0.07385014462756227, 0.239707212208943, 0.2794505983300812, 0.17130355766423036, -0.029492822777977514, 0.2140560039871087, -0.20412414523191505], [-0.20523563280147203, -0.29976761891890197, -0.21745783274542232, -0.002819615833676789, -0.2191481554819749, -0.2856512021875424, 0.15616683456753422, 0.0807563156768074, -0.261360810656576, 0.26007790707982537, 0.07755264742117812, -0.15897852675620064, 0.2841344732976153, -0.210146666763451, -0.011234890711744555, 0.22465847016903148, -0.28004334418430077, 0.13833007855268373, 0.1006633229770202, 0.26778823678298247, 0.243970820277245, 0.04419361980964938, 0.1868549791156134, -0.20412414523192], [0.2377712683225385, 0.2924373899245842, 0.11393279513874388, 0.15807029264133993, 0.28899288272035556, 0.1629990150465216, 0.10806491781257667, -0.28159158479703456, 0.20155784489574097, 0.06006585310250175, 0.2671829150981432, 0.23252959856873998, 0.012599918735689674, -0.24613160348985558, 0.25626146509778047, -0.03372310713603402, -0.2193513414466575, 0.27288713701259243, -0.07809036642494921, 0.18726559034303744, 0.28041854927162985, 0.1141633188582699, 0.15684571694286092, -0.20412414523192193], [-0.26564058515864, -0.259967894385875, 0.01053272686052817, -0.2639096521479417, -0.22354913698584222, 0.0653870788282294, -0.280163410437325, 0.1801437905284565, 0.1221868439563489, -0.2865254856550468, -0.12771445038440932, 0.17505058236656854, -0.279931893427128, 0.06847457017169083, 0.22024304525925717, -0.25961696051608874, 0.005123624789250025, 0.25505697496066665, -0.22605023258800783, 0.05895481845176586, 0.27591086788560865, 0.17611201839195167, 0.12448755829096392, -0.20412414523192537], [0.2876405873845745, 0.2045089187191595, -0.1330080344694601, 0.2866892865950207, 0.05295953288669791, -0.25113261874088694, 0.21293528533679287, 0.11503690950320616, -0.28556259383391236, 0.06615286679641305, -0.2433403026377903, -0.219985807675787, -0.10412776418562937, 0.2855913721827643, -0.07616056191783828, -0.23734200094156732, 0.22563507258327484, 0.09517576631072393, -0.2852889041151393, -0.08433636251181006, 0.2314574065931738, 0.22623647480167772, 0.09026965814680069, -0.20412414523192793], [-0.30283980206785005, -0.13065054028905598, 0.23044420058312337, -0.21881893780903655, 0.1426021797192304, 0.27293429022950205, 0.03645224157934325, -0.2862794058003882, 0.07388007695749875, 0.25743820130516204, 0.17267088284927617, -0.19091759082230533, 0.24571022925943475, 0.09666459892703091, -0.28254630658914026, 0.011516042629392783, 0.27792653024779024, -0.11757273468000133, -0.2327920371659945, -0.20626724886911413, 0.15366187936141149, 0.26146294832491807, 0.05470542465654271, -0.2041241452319284], [0.3106009403298935, 0.04491712797620735, -0.28431177789720274, 0.08157226122546497, -0.2707226286011318, -0.11633868565745938, -0.2546047106787277, 0.14896453048750796, 0.23486959427805273, -0.17900514710353724, 0.21153571427571458, 0.20603443467572458, 0.18487648097770013, -0.2295975751119914, -0.15528929341901354, 0.24937891839680038, 0.1232213936885637, -0.2648611626855515, -0.08922639299456916, -0.2760304559081704, 0.053793107185749006, 0.27963272257481925, 0.01832611330324211, -0.2041241452319287], [-0.31060094032988467, 0.044917127976208164, 0.2843117778972052, 0.08157226122547453, 0.27072262860112517, -0.1163386856574883, 0.25460471067872303, 0.14896453048752206, -0.23486959427804385, -0.17900514710353496, -0.21153571427571594, 0.20603443467573537, -0.1848764809776953, -0.22959757511199486, 0.15528929341900832, 0.24937891839680448, -0.12322139368856724, -0.2648611626855489, 0.08922639299456551, -0.2760304559081673, -0.0537931071857391, 0.2796327225748201, -0.01832611330319757, -0.2041241452319353], [0.30283980206782224, -0.13065054028905926, -0.230444200583129, -0.21881893780904854, -0.14260217971921363, 0.2729342902295188, -0.036452241579336464, -0.2862794058003927, -0.0738800769575106, 0.2574382013051655, -0.17267088284927237, -0.19091759082229395, -0.24571022925943714, 0.09666459892702525, 0.2825463065891408, 0.01151604262940388, -0.27792653024779257, -0.11757273467999964, 0.23279203716599645, -0.2062672488691108, -0.1536618793614093, 0.26146294832492306, -0.054705424656503895, -0.2041241452319402], [-0.2876405873845389, 0.20450891871916613, 0.13300803446947676, 0.28668928659503634, -0.052959532886713984, -0.2511326187408854, -0.21293528533679393, 0.11503690950320106, 0.2855625938339114, 0.0661528667964061, 0.2433403026377915, -0.21998580767579376, 0.10412776418562471, 0.2855913721827625, 0.0761605619178429, -0.23734200094155997, -0.2256350725832743, 0.09517576631072597, 0.285288904115145, -0.08433636251180404, -0.23145740659317715, 0.2262364748016848, -0.09026965814676441, -0.20412414523194336], [0.26564058515860894, -0.25996789438589085, -0.010532726860557692, -0.26390965214796247, 0.2235491369858484, 0.0653870788282163, 0.28016341043732024, 0.18014379052846438, -0.1221868439563392, -0.28652548565505154, 0.12771445038440082, 0.17505058236656482, 0.2799318934271295, 0.06847457017168798, -0.22024304525925747, -0.2596169605160861, -0.005123624789242333, 0.2550569749606623, 0.22605023258800952, 0.05895481845176697, -0.2759108678856085, 0.17611201839195773, -0.12448755829093001, -0.20412414523194553], [-0.23777126832251094, 0.29243738992460794, -0.11393279513870873, 0.15807029264135794, -0.2889928827203482, 0.1629990150465359, -0.10806491781257006, -0.2815915847970328, -0.2015578448957445, 0.06006585310250714, -0.2671829150981381, 0.23252959856874725, -0.012599918735682487, -0.24613160348985527, -0.2562614650977846, -0.03372310713603798, 0.21935134144666538, 0.27288713701258277, 0.07809036642494678, 0.18726559034303483, -0.2804185492716291, 0.11416331885827616, -0.1568457169428296, -0.2041241452319468], [0.20523563280145513, -0.299767618918938, 0.2174578327453908, -0.0028196158336858275, 0.21914815548196115, -0.28565120218755646, -0.1561668345675436, 0.0807563156767966, 0.261360810656572, 0.26007790707983036, -0.0775526474211725, -0.15897852675619586, -0.2841344732976169, -0.2101466667634512, 0.01123489071174174, 0.22465847016902835, 0.2800433441843041, 0.13833007855267215, -0.10066332297702836, 0.26778823678297864, -0.24397082027724432, 0.04419361980965731, -0.18685497911558224, -0.2041241452319465], [-0.16947350784872525, 0.2824927567075065, -0.2818227579060649, -0.1533794308882591, -0.0474832555363899, 0.22399497864916273, 0.288049938962356, 0.20665679277248628, 0.02042317319243344, -0.17603827852557896, 0.2821550953151332, -0.24320714430380516, -0.07897858343149818, 0.1259754027876167, 0.2657159007598152, 0.2677682681804509, 0.13088791656140766, -0.07385014462756337, -0.23970721220895072, 0.27945059833007674, -0.17130355766423194, -0.029492822777966575, -0.21405600398708044, -0.20412414523194702], [0.13214123812853906, -0.24385076573470205, 0.2972397815567939, 0.26337820611315227, -0.14612708333206254, -0.018996538415404475, -0.177257770418712, -0.2742846339270168, -0.2758780381730773, -0.18085958501484842, 0.022184602975921255, 0.14429266978348068, 0.2594895915424501, 0.2822262809859643, 0.2041428052615772, 0.053003427928417876, -0.11702408350648488, -0.24458775818240697, -0.2832551180165705, 0.2182187739970034, -0.0722529950798923, -0.102347072134672, -0.23802350487604748, -0.20412414523194775], [-0.09507874322394826, 0.18950889800883383, -0.2643463737042901, -0.296870659894941, 0.2746566011143131, -0.19827594162300674, -0.08127683962724272, 0.05273749982209591, 0.17537085342455994, 0.25989832151660575, -0.2874584367107675, 0.2515560784217943, 0.15978837877674518, 0.032381806737071604, -0.10221042309833582, -0.21362088002825255, -0.27645136287960065, -0.2760364630364826, -0.21195571754432074, 0.0981864890456003, 0.03959173105351086, -0.16984155505025353, -0.25836830503419855, -0.20412414523194813], [0.06035824849214516, -0.1272367178177208, 0.19442470058117398, 0.25075413635433225, -0.2868270062713008, 0.2959591522977516, 0.27495159513301515, 0.22451147422992096, 0.14921453496851986, 0.05699374902259302, 0.04180809717683986, -0.13569871663318114, -0.21347459043896366, -0.2656318781211663, -0.2856059709840509, -0.27063154322406585, -0.2221803424776826, -0.14581795792996557, -0.05065014713025242, -0.05180866298175593, 0.1487403393363397, -0.22772378396519122, -0.2747353454802865, -0.2041241452319491], [-0.030331746203620363, 0.066371764693675, -0.1074861422868289, -0.1504410231119252, 0.19216883751299157, -0.22977985801520456, -0.2606444959951129, -0.28250021824207205, -0.2935617169853366, -0.29261291500363906, 0.2790795222735458, -0.25306428292148, -0.215356519258293, -0.1673940783429831, -0.11120696581778013, -0.04930718767005472, 0.015414306495644814, 0.0798565893421833, 0.14080850275980888, -0.19516734281474282, 0.23987139947269173, -0.27222650898298945, -0.28679277246897567, -0.20412414523194952], [0.008400242001848263, -0.01876331888368651, 0.031349993355808674, 0.045775136756470707, -0.06172132050560938, 0.07890032958835161, 0.09703429437815739, 0.1158485297460347, 0.1350672298805193, 0.15441451247954352, -0.17361306642940286, 0.19238870529643956, 0.2104683705842346, 0.2275877700373136, 0.24348567347471087, 0.25791655221197246, 0.27063492846694726, 0.28141967496312614, 0.29002781645688686, -0.296254433864888, 0.29973952071541804, -0.30016935985022813, -0.29419618867394354, -0.2041241452319485]]

