----- N 2 segNum 10 -----
init
Z_freq [2.1036848 2.18     ]
detuning [-0.03815759911898109, 0.03815759911898109]
tau 150.0
mode [[-0.70710678  0.70710678]
 [ 0.70710678  0.70710678]]
this ions should have laser shined:  [0 1]
>>>>>>>>>> P and G calculate time used is: 1.1440441608428955 seconds
error: 2.5012051275616455e-06
>>>>>>>>>> optimization time used is: 26.505296230316162 seconds
alpha max are: [1, 1]  for phonon cut-off in simulation
./calculation results/data/
segnum 10 (array([-0.45569536,  0.33143579,  0.49890812,  0.2164989 , -0.48389924,
       -0.48990122,  0.25164541,  0.47194069,  0.3356432 , -0.45946659]), array([-0.45569536,  0.33143579,  0.49890812,  0.2164989 , -0.48389924,
       -0.48990122,  0.25164541,  0.47194069,  0.3356432 , -0.45946659]))
test theta tf.Tensor(
[[0.       +0.j 0.3926934+0.j]
 [0.3926934+0.j 0.       +0.j]], shape=(2, 2), dtype=complex128)
segnum 10 (array([-0.45569536,  0.33143579,  0.49890812,  0.2164989 , -0.48389924,
       -0.48990122,  0.25164541,  0.47194069,  0.3356432 , -0.45946659]), array([-0.45569536,  0.33143579,  0.49890812,  0.2164989 , -0.48389924,
       -0.48990122,  0.25164541,  0.47194069,  0.3356432 , -0.45946659]))
----- break -----
----- N 3 segNum 18 -----
init
Z_freq [2.06446957 2.13262305 2.18      ]
detuning [-0.06122796937035835, 0.006925511717484234, 0.05430245765287367]
tau 269.99999999999994
mode [[ 4.08248290e-01 -8.16496581e-01  4.08248290e-01]
 [ 7.07106781e-01  1.19683070e-15 -7.07106781e-01]
 [-5.77350269e-01 -5.77350269e-01 -5.77350269e-01]]
this ions should have laser shined:  [0 1]
>>>>>>>>>> P and G calculate time used is: 9.46846079826355 seconds
error: 1.0583417588332803e-06
>>>>>>>>>> optimization time used is: 77.11749410629272 seconds
alpha max are: [1, 1, 1]  for phonon cut-off in simulation
./calculation results/data/
segnum 18 (array([ 0.28218359, -0.46189198, -0.36263391,  0.16227153,  0.35075453,
       -0.12838771, -0.4286181 ,  0.03945031,  0.47857103,  0.47920958,
        0.0418837 , -0.43287413, -0.12678631,  0.35157918,  0.16160462,
       -0.36329819, -0.46135331,  0.28236369]), array([ 0.28218359, -0.46189198, -0.36263391,  0.16227153,  0.35075453,
       -0.12838771, -0.4286181 ,  0.03945031,  0.47857103,  0.47920958,
        0.0418837 , -0.43287413, -0.12678631,  0.35157918,  0.16160462,
       -0.36329819, -0.46135331,  0.28236369]))
test theta tf.Tensor(
[[ 0.07502512+0.j  0.39270259+0.j  0.        +0.j]
 [ 0.39270259+0.j -0.34407893+0.j  0.        +0.j]
 [ 0.        +0.j  0.        +0.j  0.        +0.j]], shape=(3, 3), dtype=complex128)
segnum 18 (array([ 0.28218359, -0.46189198, -0.36263391,  0.16227153,  0.35075453,
       -0.12838771, -0.4286181 ,  0.03945031,  0.47857103,  0.47920958,
        0.0418837 , -0.43287413, -0.12678631,  0.35157918,  0.16160462,
       -0.36329819, -0.46135331,  0.28236369]), array([ 0.28218359, -0.46189198, -0.36263391,  0.16227153,  0.35075453,
       -0.12838771, -0.4286181 ,  0.03945031,  0.47857103,  0.47920958,
        0.0418837 , -0.43287413, -0.12678631,  0.35157918,  0.16160462,
       -0.36329819, -0.46135331,  0.28236369]))
----- break -----
----- N 4 segNum 20 -----
init
Z_freq [2.04605196 2.09394985 2.14748208 2.18      ]
detuning [-0.0708190100385826, -0.02292112533574997, 0.030611108082306604, 0.06312902729202641]
tau 300.0
mode [[ 0.25490142 -0.65956445  0.65956445 -0.25490142]
 [ 0.5        -0.5        -0.5         0.5       ]
 [-0.65956445 -0.25490142  0.25490142  0.65956445]
 [-0.5        -0.5        -0.5        -0.5       ]]
this ions should have laser shined:  [0 1]
>>>>>>>>>> P and G calculate time used is: 31.870585918426514 seconds
error: 2.9833000428682543e-06
>>>>>>>>>> optimization time used is: 110.78581023216248 seconds
alpha max are: [1, 1, 1, 1]  for phonon cut-off in simulation
./calculation results/data/
segnum 20 (array([-0.15550164,  0.46639642,  0.08281191, -0.48285458,  0.05913716,
        0.41820381,  0.14779408, -0.41967482, -0.15077694,  0.4426676 ,
        0.44026042, -0.15532397, -0.41581523,  0.13553533,  0.43752427,
        0.04780007, -0.48600943,  0.08547234,  0.47703666, -0.1665221 ]), array([-0.15550164,  0.46639642,  0.08281191, -0.48285458,  0.05913716,
        0.41820381,  0.14779408, -0.41967482, -0.15077694,  0.4426676 ,
        0.44026042, -0.15532397, -0.41581523,  0.13553533,  0.43752427,
        0.04780007, -0.48600943,  0.08547234,  0.47703666, -0.1665221 ]))
test theta tf.Tensor(
[[ 0.16078357+0.j  0.39269958+0.j  0.        +0.j  0.        +0.j]
 [ 0.39269958+0.j -0.27697438+0.j  0.        +0.j  0.        +0.j]
 [ 0.        +0.j  0.        +0.j  0.        +0.j  0.        +0.j]
 [ 0.        +0.j  0.        +0.j  0.        +0.j  0.        +0.j]], shape=(4, 4), dtype=complex128)
segnum 20 (array([-0.15550164,  0.46639642,  0.08281191, -0.48285458,  0.05913716,
        0.41820381,  0.14779408, -0.41967482, -0.15077694,  0.4426676 ,
        0.44026042, -0.15532397, -0.41581523,  0.13553533,  0.43752427,
        0.04780007, -0.48600943,  0.08547234,  0.47703666, -0.1665221 ]), array([-0.15550164,  0.46639642,  0.08281191, -0.48285458,  0.05913716,
        0.41820381,  0.14779408, -0.41967482, -0.15077694,  0.4426676 ,
        0.44026042, -0.15532397, -0.41581523,  0.13553533,  0.43752427,
        0.04780007, -0.48600943,  0.08547234,  0.47703666, -0.1665221 ]))
----- break -----
----- N 5 segNum 20 -----
init
Z_freq [2.03629824 2.07049482 2.11367225 2.15614805 2.18      ]
detuning [-0.07502443429270178, -0.04082785333594163, 0.0023495829042432526, 0.04482537538365161, 0.06867732934074944]
tau 300.0
mode [[-1.72308939e-01  5.02392969e-01 -6.60168061e-01  5.02392969e-01
  -1.72308939e-01]
 [ 3.55728185e-01 -6.11111658e-01 -3.96464796e-15  6.11111658e-01
  -3.55728185e-01]
 [ 5.19913098e-01 -2.18177232e-01 -6.03471732e-01 -2.18177232e-01
   5.19913098e-01]
 [ 6.11111658e-01  3.55728185e-01  4.29387656e-15 -3.55728185e-01
  -6.11111658e-01]
 [-4.47213595e-01 -4.47213595e-01 -4.47213595e-01 -4.47213595e-01
  -4.47213595e-01]]
this ions should have laser shined:  [0 1]
>>>>>>>>>> P and G calculate time used is: 73.6523790359497 seconds
error: 3.401673477371292e-07
>>>>>>>>>> optimization time used is: 174.05549693107605 seconds
alpha max are: [1, 1, 1, 1, 1]  for phonon cut-off in simulation
./calculation results/data/
segnum 20 (array([ 0.33184854, -0.23232584, -0.29780517,  0.48345132,  0.21763605,
       -0.48035984, -0.18339669,  0.30327682,  0.33461954, -0.46821497,
       -0.46830581,  0.33453516,  0.30329572, -0.18625594, -0.47128158,
        0.20521573,  0.49148723, -0.2987575 , -0.23430961,  0.33283387]), array([ 0.33184854, -0.23232584, -0.29780517,  0.48345132,  0.21763605,
       -0.48035984, -0.18339669,  0.30327682,  0.33461954, -0.46821497,
       -0.46830581,  0.33453516,  0.30329572, -0.18625594, -0.47128158,
        0.20521573,  0.49148723, -0.2987575 , -0.23430961,  0.33283387]))
test theta tf.Tensor(
[[ 0.22724276+0.j  0.39269908+0.j  0.        +0.j  0.        +0.j
   0.        +0.j]
 [ 0.39269908+0.j -0.17746766+0.j  0.        +0.j  0.        +0.j
   0.        +0.j]
 [ 0.        +0.j  0.        +0.j  0.        +0.j  0.        +0.j
   0.        +0.j]
 [ 0.        +0.j  0.        +0.j  0.        +0.j  0.        +0.j
   0.        +0.j]
 [ 0.        +0.j  0.        +0.j  0.        +0.j  0.        +0.j
   0.        +0.j]], shape=(5, 5), dtype=complex128)
segnum 20 (array([ 0.33184854, -0.23232584, -0.29780517,  0.48345132,  0.21763605,
       -0.48035984, -0.18339669,  0.30327682,  0.33461954, -0.46821497,
       -0.46830581,  0.33453516,  0.30329572, -0.18625594, -0.47128158,
        0.20521573,  0.49148723, -0.2987575 , -0.23430961,  0.33283387]), array([ 0.33184854, -0.23232584, -0.29780517,  0.48345132,  0.21763605,
       -0.48035984, -0.18339669,  0.30327682,  0.33461954, -0.46821497,
       -0.46830581,  0.33453516,  0.30329572, -0.18625594, -0.47128158,
        0.20521573,  0.49148723, -0.2987575 , -0.23430961,  0.33283387]))
----- break -----
----- N 6 segNum 24 -----
init
Z_freq [2.03058197 2.05590629 2.0896715  2.12727185 2.16166897 2.18      ]
detuning [-0.07693479044618146, -0.05161047501954963, -0.017845263494913777, 0.019755084132926815, 0.05415220664566256, 0.07248323818205638]
tau 360.0
mode [[-0.12350251  0.38498356 -0.58011618  0.58011618 -0.38498356  0.12350251]
 [ 0.26231938 -0.57657119  0.31425181  0.31425181 -0.57657119  0.26231938]
 [-0.40165268  0.44185272  0.37873645 -0.37873645 -0.44185272  0.40165268]
 [ 0.5143169  -0.0299832  -0.4843337  -0.4843337  -0.0299832   0.5143169 ]
 [ 0.56870226  0.39566884  0.14150586 -0.14150586 -0.39566884 -0.56870226]
 [-0.40824829 -0.40824829 -0.40824829 -0.40824829 -0.40824829 -0.40824829]]
this ions should have laser shined:  [0 1]
>>>>>>>>>> P and G calculate time used is: 133.78333616256714 seconds
error: 0.0025614637753524562
>>>>>>>>>> optimization time used is: 228.52607798576355 seconds
alpha max are: [1, 1, 1, 1, 1, 1]  for phonon cut-off in simulation
./calculation results/data/
segnum 24 (array([-0.31870064,  0.5       , -0.10077866, -0.5       ,  0.22361282,
        0.5       , -0.29374813, -0.5       ,  0.33582513,  0.5       ,
       -0.5       , -0.4243417 ,  0.5       ,  0.10874503, -0.5       ,
        0.22203265,  0.1939074 , -0.49887401,  0.5       , -0.01985546,
       -0.5       ,  0.45013773, -0.10817709, -0.09381745]), array([-0.31870064,  0.5       , -0.10077866, -0.5       ,  0.22361282,
        0.5       , -0.29374813, -0.5       ,  0.33582513,  0.5       ,
       -0.5       , -0.4243417 ,  0.5       ,  0.10874503, -0.5       ,
        0.22203265,  0.1939074 , -0.49887401,  0.5       , -0.01985546,
       -0.5       ,  0.45013773, -0.10817709, -0.09381745]))
test theta tf.Tensor(
[[ 0.27363721+0.j  0.3927457 +0.j  0.        +0.j  0.        +0.j
   0.        +0.j  0.        +0.j]
 [ 0.3927457 +0.j -0.10614167+0.j  0.        +0.j  0.        +0.j
   0.        +0.j  0.        +0.j]
 [ 0.        +0.j  0.        +0.j  0.        +0.j  0.        +0.j
   0.        +0.j  0.        +0.j]
 [ 0.        +0.j  0.        +0.j  0.        +0.j  0.        +0.j
   0.        +0.j  0.        +0.j]
 [ 0.        +0.j  0.        +0.j  0.        +0.j  0.        +0.j
   0.        +0.j  0.        +0.j]
 [ 0.        +0.j  0.        +0.j  0.        +0.j  0.        +0.j
   0.        +0.j  0.        +0.j]], shape=(6, 6), dtype=complex128)
segnum 24 (array([-0.31870064,  0.5       , -0.10077866, -0.5       ,  0.22361282,
        0.5       , -0.29374813, -0.5       ,  0.33582513,  0.5       ,
       -0.5       , -0.4243417 ,  0.5       ,  0.10874503, -0.5       ,
        0.22203265,  0.1939074 , -0.49887401,  0.5       , -0.01985546,
       -0.5       ,  0.45013773, -0.10817709, -0.09381745]), array([-0.31870064,  0.5       , -0.10077866, -0.5       ,  0.22361282,
        0.5       , -0.29374813, -0.5       ,  0.33582513,  0.5       ,
       -0.5       , -0.4243417 ,  0.5       ,  0.10874503, -0.5       ,
        0.22203265,  0.1939074 , -0.49887401,  0.5       , -0.01985546,
       -0.5       ,  0.45013773, -0.10817709, -0.09381745]))
----- N 6 segNum 25 -----
init
Z_freq [2.03058197 2.05590629 2.0896715  2.12727185 2.16166897 2.18      ]
detuning [-0.07693479044618146, -0.05161047501954963, -0.017845263494913777, 0.019755084132926815, 0.05415220664566256, 0.07248323818205638]
tau 374.99999999999994
mode [[-0.12350251  0.38498356 -0.58011618  0.58011618 -0.38498356  0.12350251]
 [ 0.26231938 -0.57657119  0.31425181  0.31425181 -0.57657119  0.26231938]
 [-0.40165268  0.44185272  0.37873645 -0.37873645 -0.44185272  0.40165268]
 [ 0.5143169  -0.0299832  -0.4843337  -0.4843337  -0.0299832   0.5143169 ]
 [ 0.56870226  0.39566884  0.14150586 -0.14150586 -0.39566884 -0.56870226]
 [-0.40824829 -0.40824829 -0.40824829 -0.40824829 -0.40824829 -0.40824829]]
this ions should have laser shined:  [0 1]
>>>>>>>>>> P and G calculate time used is: 142.5560908317566 seconds
error: 2.3295798225815347e-06
>>>>>>>>>> optimization time used is: 267.7327721118927 seconds
alpha max are: [1, 1, 1, 1, 1, 1]  for phonon cut-off in simulation
./calculation results/data/
segnum 25 (array([-0.34751793,  0.11425562,  0.2698071 , -0.30788367, -0.35184958,
        0.30797747,  0.32254239, -0.23901814, -0.41638543,  0.14980675,
        0.32779608, -0.19521017, -0.49811653, -0.21134101,  0.34124745,
        0.14431369, -0.40785839, -0.24648783,  0.31517603,  0.32130218,
       -0.34355879, -0.34486861,  0.31140689,  0.09043613, -0.34125917]), array([-0.34751793,  0.11425562,  0.2698071 , -0.30788367, -0.35184958,
        0.30797747,  0.32254239, -0.23901814, -0.41638543,  0.14980675,
        0.32779608, -0.19521017, -0.49811653, -0.21134101,  0.34124745,
        0.14431369, -0.40785839, -0.24648783,  0.31517603,  0.32130218,
       -0.34355879, -0.34486861,  0.31140689,  0.09043613, -0.34125917]))
test theta tf.Tensor(
[[ 0.27667464+0.j  0.39268501+0.j  0.        +0.j  0.        +0.j
   0.        +0.j  0.        +0.j]
 [ 0.39268501+0.j -0.09159256+0.j  0.        +0.j  0.        +0.j
   0.        +0.j  0.        +0.j]
 [ 0.        +0.j  0.        +0.j  0.        +0.j  0.        +0.j
   0.        +0.j  0.        +0.j]
 [ 0.        +0.j  0.        +0.j  0.        +0.j  0.        +0.j
   0.        +0.j  0.        +0.j]
 [ 0.        +0.j  0.        +0.j  0.        +0.j  0.        +0.j
   0.        +0.j  0.        +0.j]
 [ 0.        +0.j  0.        +0.j  0.        +0.j  0.        +0.j
   0.        +0.j  0.        +0.j]], shape=(6, 6), dtype=complex128)
segnum 25 (array([-0.34751793,  0.11425562,  0.2698071 , -0.30788367, -0.35184958,
        0.30797747,  0.32254239, -0.23901814, -0.41638543,  0.14980675,
        0.32779608, -0.19521017, -0.49811653, -0.21134101,  0.34124745,
        0.14431369, -0.40785839, -0.24648783,  0.31517603,  0.32130218,
       -0.34355879, -0.34486861,  0.31140689,  0.09043613, -0.34125917]), array([-0.34751793,  0.11425562,  0.2698071 , -0.30788367, -0.35184958,
        0.30797747,  0.32254239, -0.23901814, -0.41638543,  0.14980675,
        0.32779608, -0.19521017, -0.49811653, -0.21134101,  0.34124745,
        0.14431369, -0.40785839, -0.24648783,  0.31517603,  0.32130218,
       -0.34355879, -0.34486861,  0.31140689,  0.09043613, -0.34125917]))
----- break -----
----- N 7 segNum 32 -----
init
Z_freq [2.02696747 2.04636187 2.07303596 2.10443011 2.13700414 2.16541809
 2.18      ]
detuning [-0.0777779064589681, -0.05838350563113304, -0.03170941768003699, -0.00031526547903393265, 0.032258762321342616, 0.06067271184280809, 0.0752546210850209]
tau 480.0
mode [[-9.26089709e-02  3.00631832e-01 -4.90910561e-01  5.65775399e-01
  -4.90910561e-01  3.00631832e-01 -9.26089709e-02]
 [-1.99920417e-01  5.05429579e-01 -4.52297212e-01 -4.35660639e-15
   4.52297212e-01 -5.05429579e-01  1.99920417e-01]
 [ 3.14758444e-01 -5.08553673e-01 -6.85088171e-02  5.24608092e-01
  -6.85088171e-02 -5.08553673e-01  3.14758444e-01]
 [ 4.19990659e-01 -2.78007385e-01 -4.96306095e-01  1.64825507e-15
   4.96306095e-01  2.78007385e-01 -4.19990659e-01]
 [ 4.99493301e-01  9.02026607e-02 -3.33850596e-01 -5.11690731e-01
  -3.33850596e-01  9.02026607e-02  4.99493301e-01]
 [ 5.32578326e-01  4.08965567e-01  2.21602102e-01 -6.92737235e-16
  -2.21602102e-01 -4.08965567e-01 -5.32578326e-01]
 [-3.77964473e-01 -3.77964473e-01 -3.77964473e-01 -3.77964473e-01
  -3.77964473e-01 -3.77964473e-01 -3.77964473e-01]]
this ions should have laser shined:  [0 1]
>>>>>>>>>> P and G calculate time used is: 396.96604800224304 seconds
error: 5.996741678564161e-07
>>>>>>>>>> optimization time used is: 481.3493287563324 seconds
alpha max are: [1, 1, 1, 1, 1, 1, 1]  for phonon cut-off in simulation
./calculation results/data/
segnum 32 (array([ 0.04379859,  0.49625337,  0.01849594, -0.35106147,  0.49355544,
        0.47122414, -0.24466995, -0.49531445,  0.35301527,  0.48718601,
       -0.25521831, -0.49376986,  0.01168185,  0.32487363, -0.48940861,
       -0.38901476, -0.38051236, -0.4515596 ,  0.32557071, -0.02052187,
       -0.49364462, -0.21199222,  0.49512819,  0.31095352, -0.49149233,
       -0.22742697,  0.48974647,  0.49484588, -0.40346407,  0.0707455 ,
        0.49251268,  0.02274026]), array([ 0.04379859,  0.49625337,  0.01849594, -0.35106147,  0.49355544,
        0.47122414, -0.24466995, -0.49531445,  0.35301527,  0.48718601,
       -0.25521831, -0.49376986,  0.01168185,  0.32487363, -0.48940861,
       -0.38901476, -0.38051236, -0.4515596 ,  0.32557071, -0.02052187,
       -0.49364462, -0.21199222,  0.49512819,  0.31095352, -0.49149233,
       -0.22742697,  0.48974647,  0.49484588, -0.40346407,  0.0707455 ,
        0.49251268,  0.02274026]))
test theta tf.Tensor(
[[0.31150146+0.j 0.39268575+0.j 0.        +0.j 0.        +0.j
  0.        +0.j 0.        +0.j 0.        +0.j]
 [0.39268575+0.j 0.13905607+0.j 0.        +0.j 0.        +0.j
  0.        +0.j 0.        +0.j 0.        +0.j]
 [0.        +0.j 0.        +0.j 0.        +0.j 0.        +0.j
  0.        +0.j 0.        +0.j 0.        +0.j]
 [0.        +0.j 0.        +0.j 0.        +0.j 0.        +0.j
  0.        +0.j 0.        +0.j 0.        +0.j]
 [0.        +0.j 0.        +0.j 0.        +0.j 0.        +0.j
  0.        +0.j 0.        +0.j 0.        +0.j]
 [0.        +0.j 0.        +0.j 0.        +0.j 0.        +0.j
  0.        +0.j 0.        +0.j 0.        +0.j]
 [0.        +0.j 0.        +0.j 0.        +0.j 0.        +0.j
  0.        +0.j 0.        +0.j 0.        +0.j]], shape=(7, 7), dtype=complex128)
segnum 32 (array([ 0.04379859,  0.49625337,  0.01849594, -0.35106147,  0.49355544,
        0.47122414, -0.24466995, -0.49531445,  0.35301527,  0.48718601,
       -0.25521831, -0.49376986,  0.01168185,  0.32487363, -0.48940861,
       -0.38901476, -0.38051236, -0.4515596 ,  0.32557071, -0.02052187,
       -0.49364462, -0.21199222,  0.49512819,  0.31095352, -0.49149233,
       -0.22742697,  0.48974647,  0.49484588, -0.40346407,  0.0707455 ,
        0.49251268,  0.02274026]), array([ 0.04379859,  0.49625337,  0.01849594, -0.35106147,  0.49355544,
        0.47122414, -0.24466995, -0.49531445,  0.35301527,  0.48718601,
       -0.25521831, -0.49376986,  0.01168185,  0.32487363, -0.48940861,
       -0.38901476, -0.38051236, -0.4515596 ,  0.32557071, -0.02052187,
       -0.49364462, -0.21199222,  0.49512819,  0.31095352, -0.49149233,
       -0.22742697,  0.48974647,  0.49484588, -0.40346407,  0.0707455 ,
        0.49251268,  0.02274026]))
----- break -----
----- N 8 segNum 36 -----
init
Z_freq [2.02454511 2.03982514 2.06125984 2.08729881 2.11587912 2.14420491
 2.16808941 2.18      ]
detuning [-0.07809267856151614, -0.06281264985233781, -0.04137795733312721, -0.015338983563854214, 0.013241328054158341, 0.04156711267686175, 0.06545162178505803, 0.07736220679475947]
tau 539.9999999999999
mode [[-0.07189136  0.23972116 -0.4119937   0.51732638 -0.51732638  0.4119937
  -0.23972116  0.07189136]
 [-0.1568275   0.43288002 -0.49152133  0.21546881  0.21546881 -0.49152133
   0.43288002 -0.1568275 ]
 [-0.25117114  0.50318768 -0.16178176 -0.39691545  0.39691545  0.16178176
  -0.50318768  0.25117114]
 [ 0.34399251 -0.3997134  -0.30406269  0.35978358  0.35978358 -0.30406269
  -0.3997134   0.34399251]
 [-0.42419843  0.14622343  0.48216221  0.25728195 -0.25728195 -0.48216221
  -0.14622343  0.42419843]
 [-0.48174089 -0.16686545  0.20236765  0.44623869  0.44623869  0.20236765
  -0.16686545 -0.48174089]
 [ 0.50179715  0.40982268  0.26759569  0.09293833 -0.09293833 -0.26759569
  -0.40982268 -0.50179715]
 [ 0.35355339  0.35355339  0.35355339  0.35355339  0.35355339  0.35355339
   0.35355339  0.35355339]]
this ions should have laser shined:  [0 1]
>>>>>>>>>> P and G calculate time used is: 2278.521052837372 seconds
error: 3.973327270164175e-06
>>>>>>>>>> optimization time used is: 626.9897637367249 seconds
alpha max are: [1, 1, 1, 1, 1, 1, 1, 1]  for phonon cut-off in simulation
./calculation results/data/
segnum 36 (array([ 0.07019082, -0.49076126,  0.23618202,  0.14067786, -0.38307187,
       -0.23376104,  0.24246515,  0.21165108, -0.22494944, -0.2761921 ,
        0.11581848,  0.3624914 , -0.07792837, -0.39614091, -0.01420971,
        0.19486383, -0.05056272, -0.36195205, -0.35544446, -0.04067205,
        0.19477005, -0.02102349, -0.39609887, -0.06869584,  0.36746505,
        0.1084686 , -0.28415935, -0.22047167,  0.2203202 ,  0.24277983,
       -0.25208547, -0.38335684,  0.16620235,  0.21528967, -0.49121473,
        0.07920357]), array([ 0.07019082, -0.49076126,  0.23618202,  0.14067786, -0.38307187,
       -0.23376104,  0.24246515,  0.21165108, -0.22494944, -0.2761921 ,
        0.11581848,  0.3624914 , -0.07792837, -0.39614091, -0.01420971,
        0.19486383, -0.05056272, -0.36195205, -0.35544446, -0.04067205,
        0.19477005, -0.02102349, -0.39609887, -0.06869584,  0.36746505,
        0.1084686 , -0.28415935, -0.22047167,  0.2203202 ,  0.24277983,
       -0.25208547, -0.38335684,  0.16620235,  0.21528967, -0.49121473,
        0.07920357]))
test theta tf.Tensor(
[[0.31416786+0.j 0.39279168+0.j 0.        +0.j 0.        +0.j
  0.        +0.j 0.        +0.j 0.        +0.j 0.        +0.j]
 [0.39279168+0.j 0.05801153+0.j 0.        +0.j 0.        +0.j
  0.        +0.j 0.        +0.j 0.        +0.j 0.        +0.j]
 [0.        +0.j 0.        +0.j 0.        +0.j 0.        +0.j
  0.        +0.j 0.        +0.j 0.        +0.j 0.        +0.j]
 [0.        +0.j 0.        +0.j 0.        +0.j 0.        +0.j
  0.        +0.j 0.        +0.j 0.        +0.j 0.        +0.j]
 [0.        +0.j 0.        +0.j 0.        +0.j 0.        +0.j
  0.        +0.j 0.        +0.j 0.        +0.j 0.        +0.j]
 [0.        +0.j 0.        +0.j 0.        +0.j 0.        +0.j
  0.        +0.j 0.        +0.j 0.        +0.j 0.        +0.j]
 [0.        +0.j 0.        +0.j 0.        +0.j 0.        +0.j
  0.        +0.j 0.        +0.j 0.        +0.j 0.        +0.j]
 [0.        +0.j 0.        +0.j 0.        +0.j 0.        +0.j
  0.        +0.j 0.        +0.j 0.        +0.j 0.        +0.j]], shape=(8, 8), dtype=complex128)
segnum 36 (array([ 0.07019082, -0.49076126,  0.23618202,  0.14067786, -0.38307187,
       -0.23376104,  0.24246515,  0.21165108, -0.22494944, -0.2761921 ,
        0.11581848,  0.3624914 , -0.07792837, -0.39614091, -0.01420971,
        0.19486383, -0.05056272, -0.36195205, -0.35544446, -0.04067205,
        0.19477005, -0.02102349, -0.39609887, -0.06869584,  0.36746505,
        0.1084686 , -0.28415935, -0.22047167,  0.2203202 ,  0.24277983,
       -0.25208547, -0.38335684,  0.16620235,  0.21528967, -0.49121473,
        0.07920357]), array([ 0.07019082, -0.49076126,  0.23618202,  0.14067786, -0.38307187,
       -0.23376104,  0.24246515,  0.21165108, -0.22494944, -0.2761921 ,
        0.11581848,  0.3624914 , -0.07792837, -0.39614091, -0.01420971,
        0.19486383, -0.05056272, -0.36195205, -0.35544446, -0.04067205,
        0.19477005, -0.02102349, -0.39609887, -0.06869584,  0.36746505,
        0.1084686 , -0.28415935, -0.22047167,  0.2203202 ,  0.24277983,
       -0.25208547, -0.38335684,  0.16620235,  0.21528967, -0.49121473,
        0.07920357]))
----- break -----
----- N 9 segNum 36 -----
init
Z_freq [2.02284616 2.03517141 2.05269729 2.07442353 2.09905074 2.12489124
 2.14968592 2.17006543 2.18      ]
detuning [-0.0781351436362403, -0.06580989563352846, -0.04828400992063431, -0.026557767635716267, -0.0019305614937881188, 0.02390993541670694, 0.048704617351931656, 0.069084126630238, 0.07901869892102731]
tau 539.9999999999999
mode [[ 5.73741240e-02 -1.94875999e-01  3.46799641e-01 -4.60601857e-01
   5.02608184e-01 -4.60601857e-01  3.46799641e-01 -1.94875999e-01
   5.73741240e-02]
 [-1.26005135e-01  3.69084760e-01 -4.82595321e-01  3.39117829e-01
   4.66255505e-15 -3.39117829e-01  4.82595321e-01 -3.69084760e-01
   1.26005135e-01]
 [ 2.04153955e-01 -4.68700809e-01  3.01836387e-01  1.96204785e-01
  -4.66988635e-01  1.96204785e-01  3.01836387e-01 -4.68700809e-01
   2.04153955e-01]
 [-2.84344051e-01  4.44839484e-01  9.00197442e-02 -4.61695505e-01
  -9.84026250e-16  4.61695505e-01 -9.00197442e-02 -4.44839484e-01
   2.84344051e-01]
 [-3.59125744e-01  2.90763451e-01  4.09744907e-01 -1.10826972e-01
  -4.61111286e-01 -1.10826972e-01  4.09744907e-01  2.90763451e-01
  -3.59125744e-01]
 [ 4.21075247e-01 -4.60259173e-02 -4.15453134e-01 -3.84676415e-01
  -9.77010383e-16  3.84676415e-01  4.15453134e-01  4.60259173e-02
  -4.21075247e-01]
 [ 4.63623729e-01  2.16074990e-01 -9.80958941e-02 -3.54902638e-01
  -4.53400374e-01 -3.54902638e-01 -9.80958941e-02  2.16074990e-01
   4.63623729e-01]
 [ 4.75359656e-01  4.04692338e-01  2.93933487e-01  1.54468166e-01
  -1.52714371e-15 -1.54468166e-01 -2.93933487e-01 -4.04692338e-01
  -4.75359656e-01]
 [-3.33333333e-01 -3.33333333e-01 -3.33333333e-01 -3.33333333e-01
  -3.33333333e-01 -3.33333333e-01 -3.33333333e-01 -3.33333333e-01
  -3.33333333e-01]]
this ions should have laser shined:  [0 1]
>>>>>>>>>> P and G calculate time used is: 955.8578379154205 seconds
error: 5.764521897093938e-07
>>>>>>>>>> optimization time used is: 751.3726308345795 seconds
alpha max are: [1, 1, 1, 1, 1, 1, 1, 1, 1]  for phonon cut-off in simulation
./calculation results/data/
segnum 36 (array([-0.27640709,  0.43504785, -0.26838857, -0.12728004, -0.03835131,
        0.41174001, -0.24645903, -0.25182534,  0.19595285,  0.12342146,
        0.03165413, -0.21680357, -0.09820576,  0.17239171,  0.35860717,
       -0.34992052, -0.23054727,  0.36167404,  0.34942343, -0.22203987,
       -0.33210593,  0.31528481,  0.2010685 , -0.08913893, -0.23560462,
        0.02840175,  0.14541573,  0.17198603, -0.23468085, -0.24787995,
        0.39238824, -0.01209467, -0.13938167, -0.27283382,  0.44293822,
       -0.27945328]), array([-0.27640709,  0.43504785, -0.26838857, -0.12728004, -0.03835131,
        0.41174001, -0.24645903, -0.25182534,  0.19595285,  0.12342146,
        0.03165413, -0.21680357, -0.09820576,  0.17239171,  0.35860717,
       -0.34992052, -0.23054727,  0.36167404,  0.34942343, -0.22203987,
       -0.33210593,  0.31528481,  0.2010685 , -0.08913893, -0.23560462,
        0.02840175,  0.14541573,  0.17198603, -0.23468085, -0.24787995,
        0.39238824, -0.01209467, -0.13938167, -0.27283382,  0.44293822,
       -0.27945328]))
test theta tf.Tensor(
[[0.34384968+0.j 0.39270656+0.j 0.        +0.j 0.        +0.j
  0.        +0.j 0.        +0.j 0.        +0.j 0.        +0.j
  0.        +0.j]
 [0.39270656+0.j 0.03028318+0.j 0.        +0.j 0.        +0.j
  0.        +0.j 0.        +0.j 0.        +0.j 0.        +0.j
  0.        +0.j]
 [0.        +0.j 0.        +0.j 0.        +0.j 0.        +0.j
  0.        +0.j 0.        +0.j 0.        +0.j 0.        +0.j
  0.        +0.j]
 [0.        +0.j 0.        +0.j 0.        +0.j 0.        +0.j
  0.        +0.j 0.        +0.j 0.        +0.j 0.        +0.j
  0.        +0.j]
 [0.        +0.j 0.        +0.j 0.        +0.j 0.        +0.j
  0.        +0.j 0.        +0.j 0.        +0.j 0.        +0.j
  0.        +0.j]
 [0.        +0.j 0.        +0.j 0.        +0.j 0.        +0.j
  0.        +0.j 0.        +0.j 0.        +0.j 0.        +0.j
  0.        +0.j]
 [0.        +0.j 0.        +0.j 0.        +0.j 0.        +0.j
  0.        +0.j 0.        +0.j 0.        +0.j 0.        +0.j
  0.        +0.j]
 [0.        +0.j 0.        +0.j 0.        +0.j 0.        +0.j
  0.        +0.j 0.        +0.j 0.        +0.j 0.        +0.j
  0.        +0.j]
 [0.        +0.j 0.        +0.j 0.        +0.j 0.        +0.j
  0.        +0.j 0.        +0.j 0.        +0.j 0.        +0.j
  0.        +0.j]], shape=(9, 9), dtype=complex128)
segnum 36 (array([-0.27640709,  0.43504785, -0.26838857, -0.12728004, -0.03835131,
        0.41174001, -0.24645903, -0.25182534,  0.19595285,  0.12342146,
        0.03165413, -0.21680357, -0.09820576,  0.17239171,  0.35860717,
       -0.34992052, -0.23054727,  0.36167404,  0.34942343, -0.22203987,
       -0.33210593,  0.31528481,  0.2010685 , -0.08913893, -0.23560462,
        0.02840175,  0.14541573,  0.17198603, -0.23468085, -0.24787995,
        0.39238824, -0.01209467, -0.13938167, -0.27283382,  0.44293822,
       -0.27945328]), array([-0.27640709,  0.43504785, -0.26838857, -0.12728004, -0.03835131,
        0.41174001, -0.24645903, -0.25182534,  0.19595285,  0.12342146,
        0.03165413, -0.21680357, -0.09820576,  0.17239171,  0.35860717,
       -0.34992052, -0.23054727,  0.36167404,  0.34942343, -0.22203987,
       -0.33210593,  0.31528481,  0.2010685 , -0.08913893, -0.23560462,
        0.02840175,  0.14541573,  0.17198603, -0.23468085, -0.24787995,
        0.39238824, -0.01209467, -0.13938167, -0.27283382,  0.44293822,
       -0.27945328]))
----- break -----
----- N 10 segNum 38 -----
init
Z_freq [2.02161032 2.03174945 2.04630852 2.0646114  2.08579167 2.10875364
 2.13209655 2.15395903 2.1715716  2.18      ]
detuning [-0.07803489589483048, -0.0678957710976924, -0.053336699964738, -0.03503381584309073, -0.013853550911083534, 0.009108424675877469, 0.032451331160158414, 0.05431381218583553, 0.07192638301245635, 0.08035478267711094]
tau 570.0
mode [[-0.04681987  0.16116683 -0.29400233  0.40603911 -0.46960411  0.46960411
  -0.40603911  0.29400233 -0.16116683  0.04681987]
 [ 0.10330985 -0.31558963  0.45283534 -0.39932699  0.15877143  0.15877143
  -0.39932699  0.45283534 -0.31558963  0.10330985]
 [-0.16870564  0.42518803 -0.37535085 -0.01250798  0.38692225 -0.38692225
   0.01250798  0.37535085 -0.42518803  0.16870564]
 [ 0.2377656  -0.44825847  0.08292433  0.40106646 -0.27349792 -0.27349792
   0.40106646  0.08292433 -0.44825847  0.2377656 ]
 [-0.30514688  0.36747022  0.25635679 -0.34147481 -0.29921091  0.29921091
   0.34147481 -0.25635679 -0.36747022  0.30514688]
 [-0.36566378  0.19515505  0.43328658  0.09876445 -0.3615423  -0.3615423
   0.09876445  0.43328658  0.19515505 -0.36566378]
 [-0.41417233 -0.02879842  0.33429891  0.42441105  0.18908047 -0.18908047
  -0.42441105 -0.33429891  0.02879842  0.41417233]
 [ 0.44618897  0.24775399 -0.0180679  -0.26444136 -0.4114337  -0.4114337
  -0.26444136 -0.0180679   0.24775399  0.44618897]
 [ 0.45243007  0.39670729  0.30854465  0.19556585  0.06696679 -0.06696679
  -0.19556585 -0.30854465 -0.39670729 -0.45243007]
 [-0.31622777 -0.31622777 -0.31622777 -0.31622777 -0.31622777 -0.31622777
  -0.31622777 -0.31622777 -0.31622777 -0.31622777]]
this ions should have laser shined:  [0 1]
>>>>>>>>>> P and G calculate time used is: 1478.258178949356 seconds
error: 2.128263306785286e-06
>>>>>>>>>> optimization time used is: 1029.0203337669373 seconds
alpha max are: [1, 1, 1, 1, 1, 1, 1, 1, 1, 1]  for phonon cut-off in simulation
./calculation results/data/
segnum 38 (array([ 0.18774204, -0.48579456,  0.49156873,  0.05098109, -0.4608344 ,
        0.12763047,  0.36140965, -0.13623422, -0.31811031,  0.11305359,
        0.29500382, -0.08970357, -0.22903922, -0.00737221,  0.20263156,
        0.1197006 , -0.22179476, -0.13929337,  0.19758766,  0.20390548,
       -0.13149214, -0.22797474,  0.10784931,  0.21080996,  0.02096564,
       -0.28213723, -0.05927541,  0.3044059 ,  0.09822183, -0.33020325,
       -0.10963558,  0.35074621,  0.11825078, -0.45113835,  0.05299187,
        0.48362397, -0.48052198,  0.18639687]), array([ 0.18774204, -0.48579456,  0.49156873,  0.05098109, -0.4608344 ,
        0.12763047,  0.36140965, -0.13623422, -0.31811031,  0.11305359,
        0.29500382, -0.08970357, -0.22903922, -0.00737221,  0.20263156,
        0.1197006 , -0.22179476, -0.13929337,  0.19758766,  0.20390548,
       -0.13149214, -0.22797474,  0.10784931,  0.21080996,  0.02096564,
       -0.28213723, -0.05927541,  0.3044059 ,  0.09822183, -0.33020325,
       -0.10963558,  0.35074621,  0.11825078, -0.45113835,  0.05299187,
        0.48362397, -0.48052198,  0.18639687]))
test theta tf.Tensor(
[[0.35961975+0.j 0.39270356+0.j 0.        +0.j 0.        +0.j
  0.        +0.j 0.        +0.j 0.        +0.j 0.        +0.j
  0.        +0.j 0.        +0.j]
 [0.39270356+0.j 0.04057184+0.j 0.        +0.j 0.        +0.j
  0.        +0.j 0.        +0.j 0.        +0.j 0.        +0.j
  0.        +0.j 0.        +0.j]
 [0.        +0.j 0.        +0.j 0.        +0.j 0.        +0.j
  0.        +0.j 0.        +0.j 0.        +0.j 0.        +0.j
  0.        +0.j 0.        +0.j]
 [0.        +0.j 0.        +0.j 0.        +0.j 0.        +0.j
  0.        +0.j 0.        +0.j 0.        +0.j 0.        +0.j
  0.        +0.j 0.        +0.j]
 [0.        +0.j 0.        +0.j 0.        +0.j 0.        +0.j
  0.        +0.j 0.        +0.j 0.        +0.j 0.        +0.j
  0.        +0.j 0.        +0.j]
 [0.        +0.j 0.        +0.j 0.        +0.j 0.        +0.j
  0.        +0.j 0.        +0.j 0.        +0.j 0.        +0.j
  0.        +0.j 0.        +0.j]
 [0.        +0.j 0.        +0.j 0.        +0.j 0.        +0.j
  0.        +0.j 0.        +0.j 0.        +0.j 0.        +0.j
  0.        +0.j 0.        +0.j]
 [0.        +0.j 0.        +0.j 0.        +0.j 0.        +0.j
  0.        +0.j 0.        +0.j 0.        +0.j 0.        +0.j
  0.        +0.j 0.        +0.j]
 [0.        +0.j 0.        +0.j 0.        +0.j 0.        +0.j
  0.        +0.j 0.        +0.j 0.        +0.j 0.        +0.j
  0.        +0.j 0.        +0.j]
 [0.        +0.j 0.        +0.j 0.        +0.j 0.        +0.j
  0.        +0.j 0.        +0.j 0.        +0.j 0.        +0.j
  0.        +0.j 0.        +0.j]], shape=(10, 10), dtype=complex128)
segnum 38 (array([ 0.18774204, -0.48579456,  0.49156873,  0.05098109, -0.4608344 ,
        0.12763047,  0.36140965, -0.13623422, -0.31811031,  0.11305359,
        0.29500382, -0.08970357, -0.22903922, -0.00737221,  0.20263156,
        0.1197006 , -0.22179476, -0.13929337,  0.19758766,  0.20390548,
       -0.13149214, -0.22797474,  0.10784931,  0.21080996,  0.02096564,
       -0.28213723, -0.05927541,  0.3044059 ,  0.09822183, -0.33020325,
       -0.10963558,  0.35074621,  0.11825078, -0.45113835,  0.05299187,
        0.48362397, -0.48052198,  0.18639687]), array([ 0.18774204, -0.48579456,  0.49156873,  0.05098109, -0.4608344 ,
        0.12763047,  0.36140965, -0.13623422, -0.31811031,  0.11305359,
        0.29500382, -0.08970357, -0.22903922, -0.00737221,  0.20263156,
        0.1197006 , -0.22179476, -0.13929337,  0.19758766,  0.20390548,
       -0.13149214, -0.22797474,  0.10784931,  0.21080996,  0.02096564,
       -0.28213723, -0.05927541,  0.3044059 ,  0.09822183, -0.33020325,
       -0.10963558,  0.35074621,  0.11825078, -0.45113835,  0.05299187,
        0.48362397, -0.48052198,  0.18639687]))
----- break -----
----- N 11 segNum 48 -----
init
Z_freq [2.02068417 2.02916406 2.04143021 2.05700808 2.07529566 2.09554273
 2.11681818 2.13794331 2.15735879 2.17274817 2.18      ]
detuning [-0.07786067674400865, -0.06938079314042556, -0.05711464365207819, -0.04153677050791771, -0.023249186572164682, -0.003002125398428035, 0.018273332754501492, 0.03939845805860198, 0.05881393810781743, 0.07420331796536894, 0.08145514912873164]
tau 720.0
mode [[ 3.89182919e-02 -1.35300462e-01  2.51375088e-01 -3.57146597e-01
   4.30399492e-01 -4.56491626e-01  4.30399492e-01 -3.57146597e-01
   2.51375088e-01 -1.35300462e-01  3.89182919e-02]
 [ 8.61529706e-02 -2.71456175e-01  4.15735007e-01 -4.20399350e-01
   2.63283119e-01 -1.31607563e-14 -2.63283119e-01  4.20399350e-01
  -4.15735007e-01  2.71456175e-01 -8.61529706e-02]
 [ 1.41490968e-01 -3.81305872e-01  4.06174313e-01 -1.28076400e-01
  -2.50783292e-01  4.25000568e-01 -2.50783292e-01 -1.28076400e-01
   4.06174313e-01 -3.81305872e-01  1.41490968e-01]
 [-2.01085844e-01  4.30844289e-01 -2.04748609e-01 -2.73622630e-01
   3.96416884e-01  1.13551487e-15 -3.96416884e-01  2.73622630e-01
   2.04748609e-01 -4.30844289e-01  2.01085844e-01]
 [-2.61082558e-01  4.00248904e-01  9.72776708e-02 -4.16158937e-01
  -3.01387910e-02  4.19707422e-01 -3.01387910e-02 -4.16158937e-01
   9.72776708e-02  4.00248904e-01 -2.61082558e-01]
 [ 3.17594658e-01 -2.88835143e-01 -3.46883277e-01  1.65292702e-01
   4.09949031e-01  1.64738177e-15 -4.09949031e-01 -1.65292702e-01
   3.46883277e-01  2.88835143e-01 -3.17594658e-01]
 [-3.66928679e-01  1.15555426e-01  4.11868996e-01  2.40943922e-01
  -1.92605614e-01 -4.17668102e-01 -1.92605614e-01  2.40943922e-01
   4.11868996e-01  1.15555426e-01 -3.66928679e-01]
 [ 4.05401405e-01  8.44527010e-02 -2.55117036e-01 -4.13856437e-01
  -3.03571391e-01 -1.69434493e-15  3.03571391e-01  4.13856437e-01
   2.55117036e-01 -8.44527010e-02 -4.05401405e-01]
 [-4.29832321e-01 -2.68026648e-01 -4.27186893e-02  1.84096222e-01
   3.50641779e-01  4.11679315e-01  3.50641779e-01  1.84096222e-01
  -4.27186893e-02 -2.68026648e-01 -4.29832321e-01]
 [ 4.32348797e-01  3.87461927e-01  3.15958386e-01  2.23150655e-01
   1.15420344e-01  1.43605932e-14 -1.15420344e-01 -2.23150655e-01
  -3.15958386e-01 -3.87461927e-01 -4.32348797e-01]
 [-3.01511345e-01 -3.01511345e-01 -3.01511345e-01 -3.01511345e-01
  -3.01511345e-01 -3.01511345e-01 -3.01511345e-01 -3.01511345e-01
  -3.01511345e-01 -3.01511345e-01 -3.01511345e-01]]
this ions should have laser shined:  [0 1]
>>>>>>>>>> P and G calculate time used is: 3362.03547167778 seconds
error: 3.011082144106326e-06
>>>>>>>>>> optimization time used is: 1652.6260941028595 seconds
alpha max are: [1, 1, 1, 1, 1, 1, 1, 1, 1, 1, 1]  for phonon cut-off in simulation
./calculation results/data/
segnum 48 (array([-0.25574993, -0.17784622,  0.07736863, -0.25858607, -0.42996033,
       -0.08849139,  0.14589185, -0.1046859 , -0.33082559, -0.07802706,
        0.25539255,  0.11372041, -0.25500281, -0.20860816,  0.19718517,
        0.27762622, -0.12797313, -0.33961172,  0.0437516 ,  0.41678438,
        0.15597989, -0.17194677,  0.1325982 ,  0.4989267 ,  0.49890379,
        0.13359873, -0.17149098,  0.15545309,  0.41660599,  0.04464913,
       -0.3388795 , -0.12855041,  0.27671094,  0.1974144 , -0.2076096 ,
       -0.25473803,  0.11271459,  0.25472173, -0.07691975, -0.32958423,
       -0.105398  ,  0.1445062 , -0.08765621, -0.42764866, -0.25939116,
        0.0733    , -0.17252149, -0.25871771]), array([-0.25574993, -0.17784622,  0.07736863, -0.25858607, -0.42996033,
       -0.08849139,  0.14589185, -0.1046859 , -0.33082559, -0.07802706,
        0.25539255,  0.11372041, -0.25500281, -0.20860816,  0.19718517,
        0.27762622, -0.12797313, -0.33961172,  0.0437516 ,  0.41678438,
        0.15597989, -0.17194677,  0.1325982 ,  0.4989267 ,  0.49890379,
        0.13359873, -0.17149098,  0.15545309,  0.41660599,  0.04464913,
       -0.3388795 , -0.12855041,  0.27671094,  0.1974144 , -0.2076096 ,
       -0.25473803,  0.11271459,  0.25472173, -0.07691975, -0.32958423,
       -0.105398  ,  0.1445062 , -0.08765621, -0.42764866, -0.25939116,
        0.0733    , -0.17252149, -0.25871771]))
test theta tf.Tensor(
[[0.04448043+0.j 0.39284946+0.j 0.        +0.j 0.        +0.j
  0.        +0.j 0.        +0.j 0.        +0.j 0.        +0.j
  0.        +0.j 0.        +0.j 0.        +0.j]
 [0.39284946+0.j 0.32601234+0.j 0.        +0.j 0.        +0.j
  0.        +0.j 0.        +0.j 0.        +0.j 0.        +0.j
  0.        +0.j 0.        +0.j 0.        +0.j]
 [0.        +0.j 0.        +0.j 0.        +0.j 0.        +0.j
  0.        +0.j 0.        +0.j 0.        +0.j 0.        +0.j
  0.        +0.j 0.        +0.j 0.        +0.j]
 [0.        +0.j 0.        +0.j 0.        +0.j 0.        +0.j
  0.        +0.j 0.        +0.j 0.        +0.j 0.        +0.j
  0.        +0.j 0.        +0.j 0.        +0.j]
 [0.        +0.j 0.        +0.j 0.        +0.j 0.        +0.j
  0.        +0.j 0.        +0.j 0.        +0.j 0.        +0.j
  0.        +0.j 0.        +0.j 0.        +0.j]
 [0.        +0.j 0.        +0.j 0.        +0.j 0.        +0.j
  0.        +0.j 0.        +0.j 0.        +0.j 0.        +0.j
  0.        +0.j 0.        +0.j 0.        +0.j]
 [0.        +0.j 0.        +0.j 0.        +0.j 0.        +0.j
  0.        +0.j 0.        +0.j 0.        +0.j 0.        +0.j
  0.        +0.j 0.        +0.j 0.        +0.j]
 [0.        +0.j 0.        +0.j 0.        +0.j 0.        +0.j
  0.        +0.j 0.        +0.j 0.        +0.j 0.        +0.j
  0.        +0.j 0.        +0.j 0.        +0.j]
