[shined]
shined = [0, 1]

[amplitude]
pulse_type = AM
shape = rectangular
mu = 2097622.920980206
delta_t = 1.4999999999999999e-05
segnum = 57
amp_list0 = [-0.1988974286965735, 0.011324654715085796, 0.15483133065014257, -0.18862657172439948, -0.19815225027129205, 0.1471689815048232, 0.1480309568517671, -0.17890093068798404, -0.19825689775350994, -0.009952097410356952, 0.19679169316835152, -0.09630233233762615, -0.1992204260589806, -0.12929141026624622, 0.1934823197789731, 0.14425092610236706, -0.1995308962067151, -0.1990096055627907, 0.165548848144265, 0.199240107770359, -0.10728958026677243, -0.1986114463955912, 0.027783733394814915, -0.09472953405971263, 0.1968607589961738, -0.19816758426331496, -0.19894788874280958, 0.0317441021376284, 0.19093883637363698, 0.032095841453313664, -0.1974927892362611, -0.1992440841478128, 0.19475966629128427, -0.09122667531711147, 0.024761871134371213, -0.19550693087935797, -0.10948539189114918, 0.19915934414714612, 0.16561998919255036, -0.19856271468907166, -0.19926926723661026, 0.14994041928482352, 0.17551358818647686, -0.11181119716376021, -0.19772290460955308, -0.10945429972340623, 0.1991392792520165, -0.001738137088053047, -0.1970425742355364, -0.19283248604096984, 0.1579700543053058, 0.14765867511759723, -0.19836369172928756, -0.19533959610137075, 0.162947766061059, 0.007513623109579862, -0.19834910827808105]
amp_list1 = [-0.1988974286965735, 0.011324654715085796, 0.15483133065014257, -0.18862657172439948, -0.19815225027129205, 0.1471689815048232, 0.1480309568517671, -0.17890093068798404, -0.19825689775350994, -0.009952097410356952, 0.19679169316835152, -0.09630233233762615, -0.1992204260589806, -0.12929141026624622, 0.1934823197789731, 0.14425092610236706, -0.1995308962067151, -0.1990096055627907, 0.165548848144265, 0.199240107770359, -0.10728958026677243, -0.1986114463955912, 0.027783733394814915, -0.09472953405971263, 0.1968607589961738, -0.19816758426331496, -0.19894788874280958, 0.0317441021376284, 0.19093883637363698, 0.032095841453313664, -0.1974927892362611, -0.1992440841478128, 0.19475966629128427, -0.09122667531711147, 0.024761871134371213, -0.19550693087935797, -0.10948539189114918, 0.19915934414714612, 0.16561998919255036, -0.19856271468907166, -0.19926926723661026, 0.14994041928482352, 0.17551358818647686, -0.11181119716376021, -0.19772290460955308, -0.10945429972340623, 0.1991392792520165, -0.001738137088053047, -0.1970425742355364, -0.19283248604096984, 0.1579700543053058, 0.14765867511759723, -0.19836369172928756, -0.19533959610137075, 0.162947766061059, 0.007513623109579862, -0.19834910827808105]

