[shined]
shined = [0, 1]

[amplitude]
pulse_type = AM
shape = rectangular
mu = 2094329.3491198844
delta_t = 1.4999999999999999e-05
segnum = 40
amp_list0 = [0.12898355453313526, -0.3674903758916422, 0.49865606283620306, -0.14982805850881728, -0.28791714890830533, 0.27758348907663216, 0.21413583127434607, -0.25702219628542594, -0.14286829895036354, 0.3012783999389425, 0.15306068920113458, -0.2526591003308526, -0.12421788958822044, 0.27042900525685065, 0.168090249458959, -0.23038122055333857, -0.1705781553014826, 0.2334886100204035, 0.2125380549302961, -0.21534603522552517, -0.21629391214456906, 0.21144049037524187, 0.23434290856828718, -0.1692188940526198, -0.2312958935524924, 0.16600361318491436, 0.27134784234864096, -0.12059043020370681, -0.2537600994731763, 0.14162479265573477, 0.32036501123587796, -0.1525228070968315, -0.26333088134374444, 0.22374789138295303, 0.27826512124705743, -0.2966114090986344, -0.14352910522622975, 0.4986546981529457, -0.36966828959729436, 0.13003915644382136]
amp_list1 = [0.12898355453313526, -0.3674903758916422, 0.49865606283620306, -0.14982805850881728, -0.28791714890830533, 0.27758348907663216, 0.21413583127434607, -0.25702219628542594, -0.14286829895036354, 0.3012783999389425, 0.15306068920113458, -0.2526591003308526, -0.12421788958822044, 0.27042900525685065, 0.168090249458959, -0.23038122055333857, -0.1705781553014826, 0.2334886100204035, 0.2125380549302961, -0.21534603522552517, -0.21629391214456906, 0.21144049037524187, 0.23434290856828718, -0.1692188940526198, -0.2312958935524924, 0.16600361318491436, 0.27134784234864096, -0.12059043020370681, -0.2537600994731763, 0.14162479265573477, 0.32036501123587796, -0.1525228070968315, -0.26333088134374444, 0.22374789138295303, 0.27826512124705743, -0.2966114090986344, -0.14352910522622975, 0.4986546981529457, -0.36966828959729436, 0.13003915644382136]

