[shined]
shined = [0, 3]

[amplitude]
pulse_type = AM
shape = rectangular
mu = 2107516.761817944
delta_t = 1.4999999999999999e-05
segnum = 81
amp_list0 = [0.20025422585229183, 0.14873895441487417, 0.08311425162859312, 0.06677692595634092, 0.055676944565812625, 0.03199996909468096, 0.010388697628240441, 0.009541972533716908, 0.026695992657277907, 0.049547003064667985, 0.08699817601510762, 0.17357479716392235, 0.22584559019129613, 0.21937013082908796, 0.20604821971818832, 0.14359504941351914, 0.05349901627237326, -0.007970270448708464, -0.010573387959162855, 0.022724395231528964, 0.05182141122106618, 0.07264057368903318, 0.12402213830614561, 0.22483788081810313, 0.1208526493937566, 0.10772344980913123, 0.10501319640112117, 0.05643582658621497, -0.01145453218863864, -0.032758486962469635, 0.013112250002463076, 0.07776884109714881, 0.10645159572647886, 0.11531539656299025, 0.1838260588934733, 0.17693111619667573, 0.12892498613257103, 0.09896197585796192, 0.05096451541986522, -0.005714984730653995, -0.031626418671852494, -0.00565240098146219, 0.0506886892686824, 0.09832248988238312, 0.1287272677623594, 0.17754122324930227, 0.18447275477805605, 0.11535834188248774, 0.10619137767540342, 0.07784397843608525, 0.013399342798261257, -0.03292382633401777, -0.011776211613755649, 0.0566683100397792, 0.10544012051829739, 0.10773941965590139, 0.12051644409077333, 0.22466456661442433, 0.12457933636638656, 0.07352191863194352, 0.052048674478175454, 0.022412408069471885, -0.010764506549874396, -0.0080858527772919, 0.05318506273420837, 0.1433507066890385, 0.20642590544862408, 0.22015161286240573, 0.22622225317407385, 0.1734916716537483, 0.0869286658318122, 0.049784592983422006, 0.02721820741373819, 0.009682319696120033, 0.010003172524816311, 0.03200927057249944, 0.05596627538902956, 0.06648983042237781, 0.08270721537306505, 0.1490326621817664, 0.20122904043268414]
amp_list1 = [0.20025422585229183, 0.14873895441487417, 0.08311425162859312, 0.06677692595634092, 0.055676944565812625, 0.03199996909468096, 0.010388697628240441, 0.009541972533716908, 0.026695992657277907, 0.049547003064667985, 0.08699817601510762, 0.17357479716392235, 0.22584559019129613, 0.21937013082908796, 0.20604821971818832, 0.14359504941351914, 0.05349901627237326, -0.007970270448708464, -0.010573387959162855, 0.022724395231528964, 0.05182141122106618, 0.07264057368903318, 0.12402213830614561, 0.22483788081810313, 0.1208526493937566, 0.10772344980913123, 0.10501319640112117, 0.05643582658621497, -0.01145453218863864, -0.032758486962469635, 0.013112250002463076, 0.07776884109714881, 0.10645159572647886, 0.11531539656299025, 0.1838260588934733, 0.17693111619667573, 0.12892498613257103, 0.09896197585796192, 0.05096451541986522, -0.005714984730653995, -0.031626418671852494, -0.00565240098146219, 0.0506886892686824, 0.09832248988238312, 0.1287272677623594, 0.17754122324930227, 0.18447275477805605, 0.11535834188248774, 0.10619137767540342, 0.07784397843608525, 0.013399342798261257, -0.03292382633401777, -0.011776211613755649, 0.0566683100397792, 0.10544012051829739, 0.10773941965590139, 0.12051644409077333, 0.22466456661442433, 0.12457933636638656, 0.07352191863194352, 0.052048674478175454, 0.022412408069471885, -0.010764506549874396, -0.0080858527772919, 0.05318506273420837, 0.1433507066890385, 0.20642590544862408, 0.22015161286240573, 0.22622225317407385, 0.1734916716537483, 0.0869286658318122, 0.049784592983422006, 0.02721820741373819, 0.009682319696120033, 0.010003172524816311, 0.03200927057249944, 0.05596627538902956, 0.06648983042237781, 0.08270721537306505, 0.1490326621817664, 0.20122904043268414]

