[result]
infid = 0.013813561671298547
tracedist = 0.027492097348012726
infid_ideal = -8.094114781753703e-06
bound_eq26 = 0.0574990774834825

