python script
----- N 2 segNum 5 -----
2022-04-28 23:28:24.326172: I tensorflow/compiler/jit/xla_cpu_device.cc:41] Not creating XLA devices, tf_xla_enable_xla_devices not set
2022-04-28 23:28:24.327253: I tensorflow/core/platform/cpu_feature_guard.cc:142] This TensorFlow binary is optimized with oneAPI Deep Neural Network Library (oneDNN) to use the following CPU instructions in performance-critical operations:  SSE4.1 SSE4.2 AVX AVX2 FMA
To enable them in other operations, rebuild TensorFlow with the appropriate compiler flags.
2022-04-28 23:28:24.328747: I tensorflow/core/common_runtime/process_util.cc:146] Creating new thread pool with default inter op setting: 2. Tune using inter_op_parallelism_threads for best performance.
detuning [-0.03815759911898105, 0.03815759911898105]
tau 75.0
mode [[-0.70710678  0.70710678]
 [ 0.70710678  0.70710678]]
this ions should have laser shined:  [0 1]
>>>>>>>>>> P and G calculate time used is: 0.06128525733947754 seconds
>>>>>>>>>> optimization time used is: 0.08987760543823242 seconds
segnum 5 (array([-1.11668743, -0.13370942,  1.14783852, -0.13370942, -1.11668743]), array([-1.11668743, -0.13370942,  1.14783852, -0.13370942, -1.11668743]))
max_amp 1.1478385190000868
----- N 2 segNum 6 -----
detuning [-0.03815759911898105, 0.03815759911898105]
tau 90.0
mode [[-0.70710678  0.70710678]
 [ 0.70710678  0.70710678]]
this ions should have laser shined:  [0 1]
>>>>>>>>>> P and G calculate time used is: 0.08370089530944824 seconds
>>>>>>>>>> optimization time used is: 0.03899693489074707 seconds
segnum 6 (array([-0.75708825,  0.71572485,  0.7367053 , -0.7367053 , -0.71572485,
        0.75708825]), array([-0.75708825,  0.71572485,  0.7367053 , -0.7367053 , -0.71572485,
        0.75708825]))
max_amp 0.7570882486731608
----- break -----
----- N 3 segNum 8 -----
detuning [-0.03407674054392124, 0.03407674054392148, 0.0814536864793105]
tau 120.0
mode [[ 4.08248290e-01 -8.16496581e-01  4.08248290e-01]
 [ 7.07106781e-01  1.19683070e-15 -7.07106781e-01]
 [-5.77350269e-01 -5.77350269e-01 -5.77350269e-01]]
this ions should have laser shined:  [0 1]
>>>>>>>>>> P and G calculate time used is: 0.21473264694213867 seconds
>>>>>>>>>> optimization time used is: 0.030065298080444336 seconds
segnum 8 (array([-0.20886846,  0.89503004, -1.36509827,  0.79803771,  0.49161368,
       -1.3403823 ,  1.10806708, -0.35600383]), array([-0.20886846,  0.89503004, -1.36509827,  0.79803771,  0.49161368,
       -1.3403823 ,  1.10806708, -0.35600383]))
max_amp 1.3650982731342398
----- N 3 segNum 9 -----
detuning [-0.03407674054392124, 0.03407674054392148, 0.0814536864793105]
tau 134.99999999999997
mode [[ 4.08248290e-01 -8.16496581e-01  4.08248290e-01]
 [ 7.07106781e-01  1.19683070e-15 -7.07106781e-01]
 [-5.77350269e-01 -5.77350269e-01 -5.77350269e-01]]
this ions should have laser shined:  [0 1]
>>>>>>>>>> P and G calculate time used is: 0.26965785026550293 seconds
>>>>>>>>>> optimization time used is: 0.050643205642700195 seconds
segnum 9 (array([-0.47200885,  0.98904737, -0.62142275, -0.56420532,  1.09628832,
       -0.39622112, -0.76368868,  0.9510399 , -0.38524778]), array([-0.47200885,  0.98904737, -0.62142275, -0.56420532,  1.09628832,
       -0.39622112, -0.76368868,  0.9510399 , -0.38524778]))
max_amp 1.0962883175345586
----- N 3 segNum 10 -----
detuning [-0.03407674054392124, 0.03407674054392148, 0.0814536864793105]
tau 150.0
mode [[ 4.08248290e-01 -8.16496581e-01  4.08248290e-01]
 [ 7.07106781e-01  1.19683070e-15 -7.07106781e-01]
 [-5.77350269e-01 -5.77350269e-01 -5.77350269e-01]]
this ions should have laser shined:  [0 1]
>>>>>>>>>> P and G calculate time used is: 0.3323349952697754 seconds
>>>>>>>>>> optimization time used is: 0.065826416015625 seconds
segnum 10 (array([ 0.53395232, -0.77307811,  0.02399993,  0.86622701, -0.45146722,
       -0.51584616,  0.84496636,  0.11151675, -0.7820118 ,  0.47488213]), array([ 0.53395232, -0.77307811,  0.02399993,  0.86622701, -0.45146722,
       -0.51584616,  0.84496636,  0.11151675, -0.7820118 ,  0.47488213]))
max_amp 0.8662270139900585
----- break -----
----- N 4 segNum 10 -----
detuning [-0.0746640014118608, -0.026766116709028138, 0.02676611670902837, 0.05928403591874801]
tau 150.0
mode [[ 0.25490142 -0.65956445  0.65956445 -0.25490142]
 [ 0.5        -0.5        -0.5         0.5       ]
 [-0.65956445 -0.25490142  0.25490142  0.65956445]
 [-0.5        -0.5        -0.5        -0.5       ]]
this ions should have laser shined:  [1 2]
>>>>>>>>>> P and G calculate time used is: 0.44686007499694824 seconds
>>>>>>>>>> optimization time used is: 0.04276323318481445 seconds
segnum 10 (array([-0.16867161,  0.67498941, -1.2022466 ,  1.01765987,  0.06774953,
       -1.19631099,  1.43631613, -0.87911322,  0.27287644, -0.02576588]), array([-0.16867161,  0.67498941, -1.2022466 ,  1.01765987,  0.06774953,
       -1.19631099,  1.43631613, -0.87911322,  0.27287644, -0.02576588]))
max_amp 1.4363161325923672
----- N 4 segNum 11 -----
detuning [-0.0746640014118608, -0.026766116709028138, 0.02676611670902837, 0.05928403591874801]
tau 165.0
mode [[ 0.25490142 -0.65956445  0.65956445 -0.25490142]
 [ 0.5        -0.5        -0.5         0.5       ]
 [-0.65956445 -0.25490142  0.25490142  0.65956445]
 [-0.5        -0.5        -0.5        -0.5       ]]
this ions should have laser shined:  [1 2]
>>>>>>>>>> P and G calculate time used is: 0.5377438068389893 seconds
>>>>>>>>>> optimization time used is: 0.05432248115539551 seconds
segnum 11 (array([-0.19193187,  0.68557762, -1.01384089,  0.46341011,  0.69822903,
       -1.20616964,  0.44325407,  0.64714269, -0.96024079,  0.54301873,
       -0.12584475]), array([-0.19193187,  0.68557762, -1.01384089,  0.46341011,  0.69822903,
       -1.20616964,  0.44325407,  0.64714269, -0.96024079,  0.54301873,
       -0.12584475]))
max_amp 1.206169641913951
----- N 4 segNum 12 -----
detuning [-0.0746640014118608, -0.026766116709028138, 0.02676611670902837, 0.05928403591874801]
tau 180.0
mode [[ 0.25490142 -0.65956445  0.65956445 -0.25490142]
 [ 0.5        -0.5        -0.5         0.5       ]
 [-0.65956445 -0.25490142  0.25490142  0.65956445]
 [-0.5        -0.5        -0.5        -0.5       ]]
this ions should have laser shined:  [1 2]
>>>>>>>>>> P and G calculate time used is: 0.6354770660400391 seconds
>>>>>>>>>> optimization time used is: 0.07799553871154785 seconds
segnum 12 (array([ 0.22238546, -0.66226623,  0.67659193,  0.15761794, -0.93489239,
        0.49704285,  0.64066341, -0.87512261,  0.00499578,  0.72153149,
       -0.60003886,  0.17436432]), array([ 0.22238546, -0.66226623,  0.67659193,  0.15761794, -0.93489239,
        0.49704285,  0.64066341, -0.87512261,  0.00499578,  0.72153149,
       -0.60003886,  0.17436432]))
max_amp 0.9348923927562574
----- break -----
----- N 5 segNum 12 -----
detuning [-0.05578529907685239, -0.021588718120092294, 0.021588718120092526, 0.06406451059950097, 0.08791646455659857]
tau 180.0
mode [[-1.72308939e-01  5.02392969e-01 -6.60168061e-01  5.02392969e-01
  -1.72308939e-01]
 [ 3.55728185e-01 -6.11111658e-01 -3.96464796e-15  6.11111658e-01
  -3.55728185e-01]
 [ 5.19913098e-01 -2.18177232e-01 -6.03471732e-01 -2.18177232e-01
   5.19913098e-01]
 [ 6.11111658e-01  3.55728185e-01  4.29387656e-15 -3.55728185e-01
  -6.11111658e-01]
 [-4.47213595e-01 -4.47213595e-01 -4.47213595e-01 -4.47213595e-01
  -4.47213595e-01]]
this ions should have laser shined:  [1 3]
>>>>>>>>>> P and G calculate time used is: 0.8005597591400146 seconds
>>>>>>>>>> optimization time used is: 0.05971026420593262 seconds
segnum 12 (array([ 0.37402195, -1.3317069 ,  2.35656541, -2.1003984 ,  0.05645986,
        2.58060317, -3.89540841,  3.27933629, -1.74920069,  0.62123295,
       -0.15556529,  0.05547483]), array([ 0.37402195, -1.3317069 ,  2.35656541, -2.1003984 ,  0.05645986,
        2.58060317, -3.89540841,  3.27933629, -1.74920069,  0.62123295,
       -0.15556529,  0.05547483]))
max_amp 3.8954084138717535
----- N 5 segNum 13 -----
detuning [-0.05578529907685239, -0.021588718120092294, 0.021588718120092526, 0.06406451059950097, 0.08791646455659857]
tau 194.99999999999997
mode [[-1.72308939e-01  5.02392969e-01 -6.60168061e-01  5.02392969e-01
  -1.72308939e-01]
 [ 3.55728185e-01 -6.11111658e-01 -3.96464796e-15  6.11111658e-01
  -3.55728185e-01]
 [ 5.19913098e-01 -2.18177232e-01 -6.03471732e-01 -2.18177232e-01
   5.19913098e-01]
 [ 6.11111658e-01  3.55728185e-01  4.29387656e-15 -3.55728185e-01
  -6.11111658e-01]
 [-4.47213595e-01 -4.47213595e-01 -4.47213595e-01 -4.47213595e-01
  -4.47213595e-01]]
this ions should have laser shined:  [1 3]
>>>>>>>>>> P and G calculate time used is: 0.9349730014801025 seconds
>>>>>>>>>> optimization time used is: 0.0812070369720459 seconds
segnum 13 (array([-0.41336586,  1.35756896, -1.82395454,  0.68746898,  1.28251865,
       -1.70710117, -0.0192809 ,  1.69434906, -1.13965503, -0.93624742,
        2.09503964, -1.52962632,  0.48015439]), array([-0.41336586,  1.35756896, -1.82395454,  0.68746898,  1.28251865,
       -1.70710117, -0.0192809 ,  1.69434906, -1.13965503, -0.93624742,
        2.09503964, -1.52962632,  0.48015439]))
max_amp 2.0950396429675444
----- N 5 segNum 14 -----
detuning [-0.05578529907685239, -0.021588718120092294, 0.021588718120092526, 0.06406451059950097, 0.08791646455659857]
tau 210.0
mode [[-1.72308939e-01  5.02392969e-01 -6.60168061e-01  5.02392969e-01
  -1.72308939e-01]
 [ 3.55728185e-01 -6.11111658e-01 -3.96464796e-15  6.11111658e-01
  -3.55728185e-01]
 [ 5.19913098e-01 -2.18177232e-01 -6.03471732e-01 -2.18177232e-01
   5.19913098e-01]
 [ 6.11111658e-01  3.55728185e-01  4.29387656e-15 -3.55728185e-01
  -6.11111658e-01]
 [-4.47213595e-01 -4.47213595e-01 -4.47213595e-01 -4.47213595e-01
  -4.47213595e-01]]
this ions should have laser shined:  [1 3]
>>>>>>>>>> P and G calculate time used is: 1.095731496810913 seconds
>>>>>>>>>> optimization time used is: 0.10432887077331543 seconds
segnum 14 (array([-0.37988642,  1.21816846, -1.6532974 ,  0.54770106,  1.43813977,
       -2.04866388,  0.34211955,  1.72206766, -1.72193198, -0.21299645,
        1.76627255, -1.69102466,  0.75085349, -0.13466955]), array([-0.37988642,  1.21816846, -1.6532974 ,  0.54770106,  1.43813977,
       -2.04866388,  0.34211955,  1.72206766, -1.72193198, -0.21299645,
        1.76627255, -1.69102466,  0.75085349, -0.13466955]))
max_amp 2.0486638846407814
----- N 5 segNum 15 -----
detuning [-0.05578529907685239, -0.021588718120092294, 0.021588718120092526, 0.06406451059950097, 0.08791646455659857]
tau 225.0
mode [[-1.72308939e-01  5.02392969e-01 -6.60168061e-01  5.02392969e-01
  -1.72308939e-01]
 [ 3.55728185e-01 -6.11111658e-01 -3.96464796e-15  6.11111658e-01
  -3.55728185e-01]
 [ 5.19913098e-01 -2.18177232e-01 -6.03471732e-01 -2.18177232e-01
   5.19913098e-01]
 [ 6.11111658e-01  3.55728185e-01  4.29387656e-15 -3.55728185e-01
  -6.11111658e-01]
 [-4.47213595e-01 -4.47213595e-01 -4.47213595e-01 -4.47213595e-01
  -4.47213595e-01]]
this ions should have laser shined:  [1 3]
>>>>>>>>>> P and G calculate time used is: 1.2423350811004639 seconds
>>>>>>>>>> optimization time used is: 0.12567830085754395 seconds
segnum 15 (array([ 0.36774847, -1.11936614,  1.27625662, -0.01234132, -1.49560462,
        1.15788388,  0.78946899, -1.71828959,  0.34702624,  1.45346569,
       -1.2931385 , -0.35480159,  1.34980276, -0.97820961,  0.26332879]), array([ 0.36774847, -1.11936614,  1.27625662, -0.01234132, -1.49560462,
        1.15788388,  0.78946899, -1.71828959,  0.34702624,  1.45346569,
       -1.2931385 , -0.35480159,  1.34980276, -0.97820961,  0.26332879]))
max_amp 1.7182895937666596
----- N 5 segNum 16 -----
detuning [-0.05578529907685239, -0.021588718120092294, 0.021588718120092526, 0.06406451059950097, 0.08791646455659857]
tau 240.0
mode [[-1.72308939e-01  5.02392969e-01 -6.60168061e-01  5.02392969e-01
  -1.72308939e-01]
 [ 3.55728185e-01 -6.11111658e-01 -3.96464796e-15  6.11111658e-01
  -3.55728185e-01]
 [ 5.19913098e-01 -2.18177232e-01 -6.03471732e-01 -2.18177232e-01
   5.19913098e-01]
 [ 6.11111658e-01  3.55728185e-01  4.29387656e-15 -3.55728185e-01
  -6.11111658e-01]
 [-4.47213595e-01 -4.47213595e-01 -4.47213595e-01 -4.47213595e-01
  -4.47213595e-01]]
this ions should have laser shined:  [1 3]
>>>>>>>>>> P and G calculate time used is: 1.3877010345458984 seconds
>>>>>>>>>> optimization time used is: 0.16443443298339844 seconds
segnum 16 (array([ 0.3409068 , -0.99460563,  0.89547365,  0.3792329 , -1.28642716,
        0.32139679,  1.22247063, -0.92547434, -0.76135624,  1.30932387,
        0.11376587, -1.28953178,  0.54612014,  0.8268317 , -1.07676588,
        0.42984383]), array([ 0.3409068 , -0.99460563,  0.89547365,  0.3792329 , -1.28642716,
        0.32139679,  1.22247063, -0.92547434, -0.76135624,  1.30932387,
        0.11376587, -1.28953178,  0.54612014,  0.8268317 , -1.07676588,
        0.42984383]))
max_amp 1.3093238720059412
----- N 5 segNum 17 -----
detuning [-0.05578529907685239, -0.021588718120092294, 0.021588718120092526, 0.06406451059950097, 0.08791646455659857]
tau 254.99999999999997
mode [[-1.72308939e-01  5.02392969e-01 -6.60168061e-01  5.02392969e-01
  -1.72308939e-01]
 [ 3.55728185e-01 -6.11111658e-01 -3.96464796e-15  6.11111658e-01
  -3.55728185e-01]
 [ 5.19913098e-01 -2.18177232e-01 -6.03471732e-01 -2.18177232e-01
   5.19913098e-01]
 [ 6.11111658e-01  3.55728185e-01  4.29387656e-15 -3.55728185e-01
  -6.11111658e-01]
 [-4.47213595e-01 -4.47213595e-01 -4.47213595e-01 -4.47213595e-01
  -4.47213595e-01]]
this ions should have laser shined:  [1 3]
>>>>>>>>>> P and G calculate time used is: 1.5870463848114014 seconds
>>>>>>>>>> optimization time used is: 0.23635387420654297 seconds
segnum 17 (array([ 0.44662817, -0.95280323,  0.44046353,  0.77857158, -0.84066479,
       -0.49941283,  1.08468356,  0.16701994, -1.10232961,  0.27609518,
        1.03394908, -0.59241308, -0.78438865,  0.84663577,  0.3603131 ,
       -0.95180908,  0.49334387]), array([ 0.44662817, -0.95280323,  0.44046353,  0.77857158, -0.84066479,
       -0.49941283,  1.08468356,  0.16701994, -1.10232961,  0.27609518,
        1.03394908, -0.59241308, -0.78438865,  0.84663577,  0.3603131 ,
       -0.95180908,  0.49334387]))
max_amp 1.1023296082825267
----- N 5 segNum 18 -----
detuning [-0.05578529907685239, -0.021588718120092294, 0.021588718120092526, 0.06406451059950097, 0.08791646455659857]
tau 269.99999999999994
mode [[-1.72308939e-01  5.02392969e-01 -6.60168061e-01  5.02392969e-01
  -1.72308939e-01]
 [ 3.55728185e-01 -6.11111658e-01 -3.96464796e-15  6.11111658e-01
  -3.55728185e-01]
 [ 5.19913098e-01 -2.18177232e-01 -6.03471732e-01 -2.18177232e-01
   5.19913098e-01]
 [ 6.11111658e-01  3.55728185e-01  4.29387656e-15 -3.55728185e-01
  -6.11111658e-01]
 [-4.47213595e-01 -4.47213595e-01 -4.47213595e-01 -4.47213595e-01
  -4.47213595e-01]]
this ions should have laser shined:  [1 3]
>>>>>>>>>> P and G calculate time used is: 1.7790775299072266 seconds
>>>>>>>>>> optimization time used is: 0.3121488094329834 seconds
segnum 18 (array([ 0.57302501, -0.77462106, -0.06022404,  0.88993913, -0.18464208,
       -0.8807548 ,  0.41396743,  0.82156999, -0.5341579 , -0.58544986,
        0.78512619,  0.49171369, -0.83230001, -0.26549728,  0.87273002,
        0.00886403, -0.80390072,  0.5254351 ]), array([ 0.57302501, -0.77462106, -0.06022404,  0.88993913, -0.18464208,
       -0.8807548 ,  0.41396743,  0.82156999, -0.5341579 , -0.58544986,
        0.78512619,  0.49171369, -0.83230001, -0.26549728,  0.87273002,
        0.00886403, -0.80390072,  0.5254351 ]))
max_amp 0.88993912564293
----- break -----
----- N 6 segNum 18 -----
detuning [-0.07788970076518809, -0.05256538533855625, -0.018800173813920237, 0.01880017381392047, 0.053197296326655895, 0.07152832786304969]
tau 269.99999999999994
mode [[-0.12350251  0.38498356 -0.58011618  0.58011618 -0.38498356  0.12350251]
 [ 0.26231938 -0.57657119  0.31425181  0.31425181 -0.57657119  0.26231938]
 [-0.40165268  0.44185272  0.37873645 -0.37873645 -0.44185272  0.40165268]
 [ 0.5143169  -0.0299832  -0.4843337  -0.4843337  -0.0299832   0.5143169 ]
 [ 0.56870226  0.39566884  0.14150586 -0.14150586 -0.39566884 -0.56870226]
 [-0.40824829 -0.40824829 -0.40824829 -0.40824829 -0.40824829 -0.40824829]]
this ions should have laser shined:  [1 4]
>>>>>>>>>> P and G calculate time used is: 2.10532283782959 seconds
>>>>>>>>>> optimization time used is: 0.2211301326751709 seconds
segnum 18 (array([-0.0898109 ,  0.58994782, -1.37077663,  1.35667357,  0.20352198,
       -1.76934835,  0.94747579,  1.55385346, -2.23033509, -0.04329867,
        1.98844999, -0.96277241, -1.17739365,  1.39360706,  0.15313425,
       -1.18501212,  0.89873172, -0.26444864]), array([-0.0898109 ,  0.58994782, -1.37077663,  1.35667357,  0.20352198,
       -1.76934835,  0.94747579,  1.55385346, -2.23033509, -0.04329867,
        1.98844999, -0.96277241, -1.17739365,  1.39360706,  0.15313425,
       -1.18501212,  0.89873172, -0.26444864]))
max_amp 2.230335091662859
----- N 6 segNum 19 -----
detuning [-0.07788970076518809, -0.05256538533855625, -0.018800173813920237, 0.01880017381392047, 0.053197296326655895, 0.07152832786304969]
tau 285.0
mode [[-0.12350251  0.38498356 -0.58011618  0.58011618 -0.38498356  0.12350251]
 [ 0.26231938 -0.57657119  0.31425181  0.31425181 -0.57657119  0.26231938]
 [-0.40165268  0.44185272  0.37873645 -0.37873645 -0.44185272  0.40165268]
 [ 0.5143169  -0.0299832  -0.4843337  -0.4843337  -0.0299832   0.5143169 ]
 [ 0.56870226  0.39566884  0.14150586 -0.14150586 -0.39566884 -0.56870226]
 [-0.40824829 -0.40824829 -0.40824829 -0.40824829 -0.40824829 -0.40824829]]
this ions should have laser shined:  [1 4]
>>>>>>>>>> P and G calculate time used is: 2.391296863555908 seconds
>>>>>>>>>> optimization time used is: 0.285353422164917 seconds
segnum 19 (array([-0.1391087 ,  0.68933544, -1.12822315,  0.47500892,  0.99242788,
       -1.13353881, -0.64321644,  1.68177579, -0.08815022, -1.71380877,
        0.74142571,  1.39102545, -1.21725166, -0.77725089,  1.44347441,
       -0.04560649, -1.17540144,  1.0091741 , -0.31580776]), array([-0.1391087 ,  0.68933544, -1.12822315,  0.47500892,  0.99242788,
       -1.13353881, -0.64321644,  1.68177579, -0.08815022, -1.71380877,
        0.74142571,  1.39102545, -1.21725166, -0.77725089,  1.44347441,
       -0.04560649, -1.17540144,  1.0091741 , -0.31580776]))
max_amp 1.7138087721504762
----- N 6 segNum 20 -----
detuning [-0.07788970076518809, -0.05256538533855625, -0.018800173813920237, 0.01880017381392047, 0.053197296326655895, 0.07152832786304969]
tau 300.0
mode [[-0.12350251  0.38498356 -0.58011618  0.58011618 -0.38498356  0.12350251]
 [ 0.26231938 -0.57657119  0.31425181  0.31425181 -0.57657119  0.26231938]
 [-0.40165268  0.44185272  0.37873645 -0.37873645 -0.44185272  0.40165268]
 [ 0.5143169  -0.0299832  -0.4843337  -0.4843337  -0.0299832   0.5143169 ]
 [ 0.56870226  0.39566884  0.14150586 -0.14150586 -0.39566884 -0.56870226]
 [-0.40824829 -0.40824829 -0.40824829 -0.40824829 -0.40824829 -0.40824829]]
this ions should have laser shined:  [1 4]
>>>>>>>>>> P and G calculate time used is: 2.6369731426239014 seconds
>>>>>>>>>> optimization time used is: 0.31661534309387207 seconds
segnum 20 (array([-0.28702385,  0.8801324 , -0.91275194, -0.23930937,  1.20195638,
       -0.26041204, -1.2869319 ,  0.72024181,  1.15217757, -1.07429662,
       -0.90931632,  1.26511592,  0.54315416, -1.33354076, -0.09586792,
        1.19714753, -0.3747785 , -0.83566062,  0.89609855, -0.31869407]), array([-0.28702385,  0.8801324 , -0.91275194, -0.23930937,  1.20195638,
       -0.26041204, -1.2869319 ,  0.72024181,  1.15217757, -1.07429662,
       -0.90931632,  1.26511592,  0.54315416, -1.33354076, -0.09586792,
        1.19714753, -0.3747785 , -0.83566062,  0.89609855, -0.31869407]))
max_amp 1.3335407551469967
----- N 6 segNum 21 -----
detuning [-0.07788970076518809, -0.05256538533855625, -0.018800173813920237, 0.01880017381392047, 0.053197296326655895, 0.07152832786304969]
tau 315.0
mode [[-0.12350251  0.38498356 -0.58011618  0.58011618 -0.38498356  0.12350251]
 [ 0.26231938 -0.57657119  0.31425181  0.31425181 -0.57657119  0.26231938]
 [-0.40165268  0.44185272  0.37873645 -0.37873645 -0.44185272  0.40165268]
 [ 0.5143169  -0.0299832  -0.4843337  -0.4843337  -0.0299832   0.5143169 ]
 [ 0.56870226  0.39566884  0.14150586 -0.14150586 -0.39566884 -0.56870226]
 [-0.40824829 -0.40824829 -0.40824829 -0.40824829 -0.40824829 -0.40824829]]
this ions should have laser shined:  [1 4]
>>>>>>>>>> P and G calculate time used is: 2.9220526218414307 seconds
>>>>>>>>>> optimization time used is: 0.38588929176330566 seconds
segnum 21 (array([ 0.33828069, -0.84983394,  0.59963109,  0.56101327, -0.91804251,
       -0.36010467,  1.12771894,  0.17610268, -1.21974761,  0.01749191,
        1.27988104, -0.14539559, -1.20870902,  0.32497619,  1.07753938,
       -0.47730435, -0.86297926,  0.64353218,  0.54301603, -0.87020308,
        0.3820703 ]), array([ 0.33828069, -0.84983394,  0.59963109,  0.56101327, -0.91804251,
       -0.36010467,  1.12771894,  0.17610268, -1.21974761,  0.01749191,
        1.27988104, -0.14539559, -1.20870902,  0.32497619,  1.07753938,
       -0.47730435, -0.86297926,  0.64353218,  0.54301603, -0.87020308,
        0.3820703 ]))
max_amp 1.2798810426500744
----- N 6 segNum 22 -----
detuning [-0.07788970076518809, -0.05256538533855625, -0.018800173813920237, 0.01880017381392047, 0.053197296326655895, 0.07152832786304969]
tau 330.0
mode [[-0.12350251  0.38498356 -0.58011618  0.58011618 -0.38498356  0.12350251]
 [ 0.26231938 -0.57657119  0.31425181  0.31425181 -0.57657119  0.26231938]
 [-0.40165268  0.44185272  0.37873645 -0.37873645 -0.44185272  0.40165268]
 [ 0.5143169  -0.0299832  -0.4843337  -0.4843337  -0.0299832   0.5143169 ]
 [ 0.56870226  0.39566884  0.14150586 -0.14150586 -0.39566884 -0.56870226]
 [-0.40824829 -0.40824829 -0.40824829 -0.40824829 -0.40824829 -0.40824829]]
this ions should have laser shined:  [1 4]
>>>>>>>>>> P and G calculate time used is: 3.218622922897339 seconds
>>>>>>>>>> optimization time used is: 0.47580695152282715 seconds
segnum 22 (array([-0.42471539,  0.78188649, -0.25704845, -0.75248266,  0.47381491,
        0.75453415, -0.61635368, -0.77747047,  0.68928339,  0.76151425,
       -0.77703311, -0.81234594,  0.73166307,  0.71578593, -0.75278871,
       -0.64709636,  0.73329483,  0.50142695, -0.73655349, -0.27753995,
        0.78439924, -0.41076496]), array([-0.42471539,  0.78188649, -0.25704845, -0.75248266,  0.47381491,
        0.75453415, -0.61635368, -0.77747047,  0.68928339,  0.76151425,
       -0.77703311, -0.81234594,  0.73166307,  0.71578593, -0.75278871,
       -0.64709636,  0.73329483,  0.50142695, -0.73655349, -0.27753995,
        0.78439924, -0.41076496]))
max_amp 0.8123459448933589
----- break -----
----- N 7 segNum 22 -----
detuning [-0.061765564879432557, -0.04237116405159747, -0.015697076100501466, 0.015697076100501698, 0.04827110390087822, 0.07668505342234345, 0.09126696266455622]
tau 330.0
mode [[-9.26089709e-02  3.00631832e-01 -4.90910561e-01  5.65775399e-01
  -4.90910561e-01  3.00631832e-01 -9.26089709e-02]
 [-1.99920417e-01  5.05429579e-01 -4.52297212e-01 -4.35660639e-15
   4.52297212e-01 -5.05429579e-01  1.99920417e-01]
 [ 3.14758444e-01 -5.08553673e-01 -6.85088171e-02  5.24608092e-01
  -6.85088171e-02 -5.08553673e-01  3.14758444e-01]
 [ 4.19990659e-01 -2.78007385e-01 -4.96306095e-01  1.64825507e-15
   4.96306095e-01  2.78007385e-01 -4.19990659e-01]
 [ 4.99493301e-01  9.02026607e-02 -3.33850596e-01 -5.11690731e-01
  -3.33850596e-01  9.02026607e-02  4.99493301e-01]
 [ 5.32578326e-01  4.08965567e-01  2.21602102e-01 -6.92737235e-16
  -2.21602102e-01 -4.08965567e-01 -5.32578326e-01]
 [-3.77964473e-01 -3.77964473e-01 -3.77964473e-01 -3.77964473e-01
  -3.77964473e-01 -3.77964473e-01 -3.77964473e-01]]
this ions should have laser shined:  [1 4]
>>>>>>>>>> P and G calculate time used is: 3.822720527648926 seconds
>>>>>>>>>> optimization time used is: 0.41291093826293945 seconds
segnum 22 (array([-0.11037054,  0.53704261, -0.89254401,  0.43061865,  0.70126231,
       -0.96496728, -0.25904062,  1.32220594, -0.48989897, -1.10692966,
        1.01921442,  0.63801702, -1.2781804 , -0.04779978,  1.24018697,
       -0.52758271, -0.84922958,  0.91192222,  0.23343463, -0.95043517,
        0.69734478, -0.18919032]), array([-0.11037054,  0.53704261, -0.89254401,  0.43061865,  0.70126231,
       -0.96496728, -0.25904062,  1.32220594, -0.48989897, -1.10692966,
        1.01921442,  0.63801702, -1.2781804 , -0.04779978,  1.24018697,
       -0.52758271, -0.84922958,  0.91192222,  0.23343463, -0.95043517,
        0.69734478, -0.18919032]))
max_amp 1.3222059384360474
----- N 7 segNum 23 -----
detuning [-0.061765564879432557, -0.04237116405159747, -0.015697076100501466, 0.015697076100501698, 0.04827110390087822, 0.07668505342234345, 0.09126696266455622]
tau 345.0
mode [[-9.26089709e-02  3.00631832e-01 -4.90910561e-01  5.65775399e-01
  -4.90910561e-01  3.00631832e-01 -9.26089709e-02]
 [-1.99920417e-01  5.05429579e-01 -4.52297212e-01 -4.35660639e-15
   4.52297212e-01 -5.05429579e-01  1.99920417e-01]
 [ 3.14758444e-01 -5.08553673e-01 -6.85088171e-02  5.24608092e-01
  -6.85088171e-02 -5.08553673e-01  3.14758444e-01]
 [ 4.19990659e-01 -2.78007385e-01 -4.96306095e-01  1.64825507e-15
   4.96306095e-01  2.78007385e-01 -4.19990659e-01]
 [ 4.99493301e-01  9.02026607e-02 -3.33850596e-01 -5.11690731e-01
  -3.33850596e-01  9.02026607e-02  4.99493301e-01]
 [ 5.32578326e-01  4.08965567e-01  2.21602102e-01 -6.92737235e-16
  -2.21602102e-01 -4.08965567e-01 -5.32578326e-01]
 [-3.77964473e-01 -3.77964473e-01 -3.77964473e-01 -3.77964473e-01
  -3.77964473e-01 -3.77964473e-01 -3.77964473e-01]]
this ions should have laser shined:  [1 4]
>>>>>>>>>> P and G calculate time used is: 4.1746134757995605 seconds
>>>>>>>>>> optimization time used is: 0.436892032623291 seconds
segnum 23 (array([-0.13935472,  0.57916417, -0.77925104,  0.11015624,  0.8293702 ,
       -0.5689142 , -0.68866841,  0.98830841,  0.27579276, -1.11682201,
        0.10334428,  1.08650668, -0.47443027, -0.91351445,  0.77918813,
        0.60323721, -0.93671283, -0.19727939,  0.95101133, -0.26933115,
       -0.6844122 ,  0.74301259, -0.26897364]), array([-0.13935472,  0.57916417, -0.77925104,  0.11015624,  0.8293702 ,
       -0.5689142 , -0.68866841,  0.98830841,  0.27579276, -1.11682201,
        0.10334428,  1.08650668, -0.47443027, -0.91351445,  0.77918813,
        0.60323721, -0.93671283, -0.19727939,  0.95101133, -0.26933115,
       -0.6844122 ,  0.74301259, -0.26897364]))
max_amp 1.1168220057197864
----- N 7 segNum 24 -----
detuning [-0.061765564879432557, -0.04237116405159747, -0.015697076100501466, 0.015697076100501698, 0.04827110390087822, 0.07668505342234345, 0.09126696266455622]
tau 360.0
mode [[-9.26089709e-02  3.00631832e-01 -4.90910561e-01  5.65775399e-01
  -4.90910561e-01  3.00631832e-01 -9.26089709e-02]
 [-1.99920417e-01  5.05429579e-01 -4.52297212e-01 -4.35660639e-15
   4.52297212e-01 -5.05429579e-01  1.99920417e-01]
 [ 3.14758444e-01 -5.08553673e-01 -6.85088171e-02  5.24608092e-01
  -6.85088171e-02 -5.08553673e-01  3.14758444e-01]
 [ 4.19990659e-01 -2.78007385e-01 -4.96306095e-01  1.64825507e-15
   4.96306095e-01  2.78007385e-01 -4.19990659e-01]
 [ 4.99493301e-01  9.02026607e-02 -3.33850596e-01 -5.11690731e-01
  -3.33850596e-01  9.02026607e-02  4.99493301e-01]
 [ 5.32578326e-01  4.08965567e-01  2.21602102e-01 -6.92737235e-16
  -2.21602102e-01 -4.08965567e-01 -5.32578326e-01]
 [-3.77964473e-01 -3.77964473e-01 -3.77964473e-01 -3.77964473e-01
  -3.77964473e-01 -3.77964473e-01 -3.77964473e-01]]
this ions should have laser shined:  [1 4]
>>>>>>>>>> P and G calculate time used is: 4.501171588897705 seconds
>>>>>>>>>> optimization time used is: 0.5300636291503906 seconds
segnum 24 (array([ 0.21363498, -0.65638975,  0.59275709,  0.26915805, -0.80336215,
        0.0283196 ,  0.87590189, -0.33245659, -0.79911143,  0.57463127,
        0.68928668, -0.74681345, -0.49121571,  0.88213308,  0.26190824,
       -0.92418397, -0.01023801,  0.87333235, -0.25677013, -0.72386019,
        0.4910615 ,  0.4537172 , -0.71692848,  0.31416148]), array([ 0.21363498, -0.65638975,  0.59275709,  0.26915805, -0.80336215,
        0.0283196 ,  0.87590189, -0.33245659, -0.79911143,  0.57463127,
        0.68928668, -0.74681345, -0.49121571,  0.88213308,  0.26190824,
       -0.92418397, -0.01023801,  0.87333235, -0.25677013, -0.72386019,
        0.4910615 ,  0.4537172 , -0.71692848,  0.31416148]))
max_amp 0.9241839734154127
----- break -----
----- N 8 segNum 24 -----
detuning [-0.0770438508066684, -0.061763822097490075, -0.04032912957827956, -0.014290155809006654, 0.014290155809006187, 0.0426159404317094, 0.06650044953990587, 0.07841103454960696]
tau 360.0
mode [[-0.07189136  0.23972116 -0.4119937   0.51732638 -0.51732638  0.4119937
  -0.23972116  0.07189136]
 [-0.1568275   0.43288002 -0.49152133  0.21546881  0.21546881 -0.49152133
   0.43288002 -0.1568275 ]
 [-0.25117114  0.50318768 -0.16178176 -0.39691545  0.39691545  0.16178176
  -0.50318768  0.25117114]
 [ 0.34399251 -0.3997134  -0.30406269  0.35978358  0.35978358 -0.30406269
  -0.3997134   0.34399251]
 [-0.42419843  0.14622343  0.48216221  0.25728195 -0.25728195 -0.48216221
  -0.14622343  0.42419843]
 [-0.48174089 -0.16686545  0.20236765  0.44623869  0.44623869  0.20236765
  -0.16686545 -0.48174089]
 [ 0.50179715  0.40982268  0.26759569  0.09293833 -0.09293833 -0.26759569
  -0.40982268 -0.50179715]
 [ 0.35355339  0.35355339  0.35355339  0.35355339  0.35355339  0.35355339
   0.35355339  0.35355339]]
this ions should have laser shined:  [2 5]
>>>>>>>>>> P and G calculate time used is: 5.234870195388794 seconds
>>>>>>>>>> optimization time used is: 0.6173632144927979 seconds
segnum 24 (array([-0.13633456,  0.4351199 , -0.533482  , -0.04380862,  0.75429165,
       -0.42391427, -0.77353467,  0.91219488,  0.55994271, -1.28098482,
       -0.42315736,  2.26768232, -1.32677171, -1.11212475,  1.49886804,
        0.33757531, -1.35495344,  0.28539744,  0.84344071, -0.43775742,
       -0.64045445,  0.96689148, -0.55031773,  0.12926227]), array([-0.13633456,  0.4351199 , -0.533482  , -0.04380862,  0.75429165,
       -0.42391427, -0.77353467,  0.91219488,  0.55994271, -1.28098482,
       -0.42315736,  2.26768232, -1.32677171, -1.11212475,  1.49886804,
        0.33757531, -1.35495344,  0.28539744,  0.84344071, -0.43775742,
       -0.64045445,  0.96689148, -0.55031773,  0.12926227]))
max_amp 2.2676823187412127
----- N 8 segNum 25 -----
detuning [-0.0770438508066684, -0.061763822097490075, -0.04032912957827956, -0.014290155809006654, 0.014290155809006187, 0.0426159404317094, 0.06650044953990587, 0.07841103454960696]
tau 374.99999999999994
mode [[-0.07189136  0.23972116 -0.4119937   0.51732638 -0.51732638  0.4119937
  -0.23972116  0.07189136]
 [-0.1568275   0.43288002 -0.49152133  0.21546881  0.21546881 -0.49152133
   0.43288002 -0.1568275 ]
 [-0.25117114  0.50318768 -0.16178176 -0.39691545  0.39691545  0.16178176
  -0.50318768  0.25117114]
 [ 0.34399251 -0.3997134  -0.30406269  0.35978358  0.35978358 -0.30406269
  -0.3997134   0.34399251]
 [-0.42419843  0.14622343  0.48216221  0.25728195 -0.25728195 -0.48216221
  -0.14622343  0.42419843]
 [-0.48174089 -0.16686545  0.20236765  0.44623869  0.44623869  0.20236765
  -0.16686545 -0.48174089]
 [ 0.50179715  0.40982268  0.26759569  0.09293833 -0.09293833 -0.26759569
  -0.40982268 -0.50179715]
 [ 0.35355339  0.35355339  0.35355339  0.35355339  0.35355339  0.35355339
   0.35355339  0.35355339]]
this ions should have laser shined:  [2 5]
>>>>>>>>>> P and G calculate time used is: 5.711184024810791 seconds
>>>>>>>>>> optimization time used is: 0.5746591091156006 seconds
segnum 25 (array([ 0.21819854, -0.725586  ,  0.96738433, -0.13388965, -1.14224081,
        1.06058627,  0.54056942, -1.25204477, -0.17593799,  1.44411692,
       -0.52533368, -0.75700538,  0.01774724,  1.24613487, -0.38431123,
       -1.48834577,  1.4437661 ,  0.34108482, -1.14224947,  0.26062008,
        0.55793799, -0.28879864, -0.27443434,  0.34418943, -0.12647242]), array([ 0.21819854, -0.725586  ,  0.96738433, -0.13388965, -1.14224081,
        1.06058627,  0.54056942, -1.25204477, -0.17593799,  1.44411692,
       -0.52533368, -0.75700538,  0.01774724,  1.24613487, -0.38431123,
       -1.48834577,  1.4437661 ,  0.34108482, -1.14224947,  0.26062008,
        0.55793799, -0.28879864, -0.27443434,  0.34418943, -0.12647242]))
max_amp 1.4883457733340748
----- N 8 segNum 26 -----
detuning [-0.0770438508066684, -0.061763822097490075, -0.04032912957827956, -0.014290155809006654, 0.014290155809006187, 0.0426159404317094, 0.06650044953990587, 0.07841103454960696]
tau 389.99999999999994
mode [[-0.07189136  0.23972116 -0.4119937   0.51732638 -0.51732638  0.4119937
  -0.23972116  0.07189136]
 [-0.1568275   0.43288002 -0.49152133  0.21546881  0.21546881 -0.49152133
   0.43288002 -0.1568275 ]
 [-0.25117114  0.50318768 -0.16178176 -0.39691545  0.39691545  0.16178176
  -0.50318768  0.25117114]
 [ 0.34399251 -0.3997134  -0.30406269  0.35978358  0.35978358 -0.30406269
  -0.3997134   0.34399251]
 [-0.42419843  0.14622343  0.48216221  0.25728195 -0.25728195 -0.48216221
  -0.14622343  0.42419843]
 [-0.48174089 -0.16686545  0.20236765  0.44623869  0.44623869  0.20236765
  -0.16686545 -0.48174089]
 [ 0.50179715  0.40982268  0.26759569  0.09293833 -0.09293833 -0.26759569
  -0.40982268 -0.50179715]
 [ 0.35355339  0.35355339  0.35355339  0.35355339  0.35355339  0.35355339
   0.35355339  0.35355339]]
this ions should have laser shined:  [2 5]
>>>>>>>>>> P and G calculate time used is: 6.22569465637207 seconds
>>>>>>>>>> optimization time used is: 0.5927760601043701 seconds
segnum 26 (array([-0.19525912,  0.64297968, -0.84483396,  0.11976152,  0.90286921,
       -0.68098925, -0.70337752,  1.03526843,  0.4328384 , -1.27433576,
       -0.05575127,  1.27912356, -0.18676394, -1.29866403,  0.51746824,
        1.15442882, -0.88788947, -0.7329081 ,  0.98314813,  0.28680487,
       -0.92694635,  0.15713916,  0.71460772, -0.73023428,  0.30407643,
       -0.03949495]), array([-0.19525912,  0.64297968, -0.84483396,  0.11976152,  0.90286921,
       -0.68098925, -0.70337752,  1.03526843,  0.4328384 , -1.27433576,
       -0.05575127,  1.27912356, -0.18676394, -1.29866403,  0.51746824,
        1.15442882, -0.88788947, -0.7329081 ,  0.98314813,  0.28680487,
       -0.92694635,  0.15713916,  0.71460772, -0.73023428,  0.30407643,
       -0.03949495]))
max_amp 1.298664032641001
----- N 8 segNum 27 -----
detuning [-0.0770438508066684, -0.061763822097490075, -0.04032912957827956, -0.014290155809006654, 0.014290155809006187, 0.0426159404317094, 0.06650044953990587, 0.07841103454960696]
tau 405.0
mode [[-0.07189136  0.23972116 -0.4119937   0.51732638 -0.51732638  0.4119937
  -0.23972116  0.07189136]
 [-0.1568275   0.43288002 -0.49152133  0.21546881  0.21546881 -0.49152133
   0.43288002 -0.1568275 ]
 [-0.25117114  0.50318768 -0.16178176 -0.39691545  0.39691545  0.16178176
  -0.50318768  0.25117114]
 [ 0.34399251 -0.3997134  -0.30406269  0.35978358  0.35978358 -0.30406269
  -0.3997134   0.34399251]
 [-0.42419843  0.14622343  0.48216221  0.25728195 -0.25728195 -0.48216221
  -0.14622343  0.42419843]
 [-0.48174089 -0.16686545  0.20236765  0.44623869  0.44623869  0.20236765
  -0.16686545 -0.48174089]
 [ 0.50179715  0.40982268  0.26759569  0.09293833 -0.09293833 -0.26759569
  -0.40982268 -0.50179715]
 [ 0.35355339  0.35355339  0.35355339  0.35355339  0.35355339  0.35355339
   0.35355339  0.35355339]]
this ions should have laser shined:  [2 5]
>>>>>>>>>> P and G calculate time used is: 6.582462549209595 seconds
>>>>>>>>>> optimization time used is: 0.7279813289642334 seconds
segnum 27 (array([ 0.17436314, -0.5725737 ,  0.71608548, -0.03828859, -0.7947319 ,
        0.43812953,  0.75274291, -0.74971604, -0.63910958,  0.9868033 ,
        0.47958243, -1.16510651, -0.24894034,  1.22027724,  0.03766197,
       -1.19136995,  0.18809581,  1.08732952, -0.39591179, -0.89545896,
        0.5948037 ,  0.59574202, -0.72782354, -0.17313391,  0.72658225,
       -0.51012364,  0.13474435]), array([ 0.17436314, -0.5725737 ,  0.71608548, -0.03828859, -0.7947319 ,
        0.43812953,  0.75274291, -0.74971604, -0.63910958,  0.9868033 ,
        0.47958243, -1.16510651, -0.24894034,  1.22027724,  0.03766197,
       -1.19136995,  0.18809581,  1.08732952, -0.39591179, -0.89545896,
        0.5948037 ,  0.59574202, -0.72782354, -0.17313391,  0.72658225,
       -0.51012364,  0.13474435]))
max_amp 1.2202772364305907
----- N 8 segNum 28 -----
detuning [-0.0770438508066684, -0.061763822097490075, -0.04032912957827956, -0.014290155809006654, 0.014290155809006187, 0.0426159404317094, 0.06650044953990587, 0.07841103454960696]
tau 420.0
mode [[-0.07189136  0.23972116 -0.4119937   0.51732638 -0.51732638  0.4119937
  -0.23972116  0.07189136]
 [-0.1568275   0.43288002 -0.49152133  0.21546881  0.21546881 -0.49152133
   0.43288002 -0.1568275 ]
 [-0.25117114  0.50318768 -0.16178176 -0.39691545  0.39691545  0.16178176
  -0.50318768  0.25117114]
 [ 0.34399251 -0.3997134  -0.30406269  0.35978358  0.35978358 -0.30406269
  -0.3997134   0.34399251]
 [-0.42419843  0.14622343  0.48216221  0.25728195 -0.25728195 -0.48216221
  -0.14622343  0.42419843]
 [-0.48174089 -0.16686545  0.20236765  0.44623869  0.44623869  0.20236765
  -0.16686545 -0.48174089]
 [ 0.50179715  0.40982268  0.26759569  0.09293833 -0.09293833 -0.26759569
  -0.40982268 -0.50179715]
 [ 0.35355339  0.35355339  0.35355339  0.35355339  0.35355339  0.35355339
   0.35355339  0.35355339]]
this ions should have laser shined:  [2 5]
>>>>>>>>>> P and G calculate time used is: 7.151996850967407 seconds
>>>>>>>>>> optimization time used is: 0.8361160755157471 seconds
segnum 28 (array([-0.18993344,  0.56774641, -0.59232992, -0.13922274,  0.74340992,
       -0.12777475, -0.81450472,  0.33831949,  0.84877283, -0.50775197,
       -0.84951489,  0.64011899,  0.8156317 , -0.74736824, -0.76145418,
        0.80366383,  0.65546901, -0.84218243, -0.52193876,  0.8439248 ,
        0.35027004, -0.81214242, -0.13779876,  0.74398251, -0.1316465 ,
       -0.59529817,  0.56557574, -0.18748624]), array([-0.18993344,  0.56774641, -0.59232992, -0.13922274,  0.74340992,
       -0.12777475, -0.81450472,  0.33831949,  0.84877283, -0.50775197,
       -0.84951489,  0.64011899,  0.8156317 , -0.74736824, -0.76145418,
        0.80366383,  0.65546901, -0.84218243, -0.52193876,  0.8439248 ,
        0.35027004, -0.81214242, -0.13779876,  0.74398251, -0.1316465 ,
       -0.59529817,  0.56557574, -0.18748624]))
max_amp 0.8495148850232926
----- break -----
----- N 9 segNum 28 -----
detuning [-0.06389097907148837, -0.05156573106877645, -0.03403984535588231, -0.012313603070964338, 0.012313603070964105, 0.038154099981458856, 0.06294878191668354, 0.08332829119498981, 0.09326286348577915]
tau 420.0
mode [[ 5.73741240e-02 -1.94875999e-01  3.46799641e-01 -4.60601857e-01
   5.02608184e-01 -4.60601857e-01  3.46799641e-01 -1.94875999e-01
   5.73741240e-02]
 [-1.26005135e-01  3.69084760e-01 -4.82595321e-01  3.39117829e-01
   4.66255505e-15 -3.39117829e-01  4.82595321e-01 -3.69084760e-01
   1.26005135e-01]
 [ 2.04153955e-01 -4.68700809e-01  3.01836387e-01  1.96204785e-01
  -4.66988635e-01  1.96204785e-01  3.01836387e-01 -4.68700809e-01
   2.04153955e-01]
 [-2.84344051e-01  4.44839484e-01  9.00197442e-02 -4.61695505e-01
  -9.84026250e-16  4.61695505e-01 -9.00197442e-02 -4.44839484e-01
   2.84344051e-01]
 [-3.59125744e-01  2.90763451e-01  4.09744907e-01 -1.10826972e-01
  -4.61111286e-01 -1.10826972e-01  4.09744907e-01  2.90763451e-01
  -3.59125744e-01]
 [ 4.21075247e-01 -4.60259173e-02 -4.15453134e-01 -3.84676415e-01
  -9.77010383e-16  3.84676415e-01  4.15453134e-01  4.60259173e-02
  -4.21075247e-01]
 [ 4.63623729e-01  2.16074990e-01 -9.80958941e-02 -3.54902638e-01
  -4.53400374e-01 -3.54902638e-01 -9.80958941e-02  2.16074990e-01
   4.63623729e-01]
 [ 4.75359656e-01  4.04692338e-01  2.93933487e-01  1.54468166e-01
  -1.52714371e-15 -1.54468166e-01 -2.93933487e-01 -4.04692338e-01
  -4.75359656e-01]
