[shined]
shined = [2, 6]

[amplitude]
pulse_type = AM
shape = rectangular
mu = 2086737.1365142204
delta_t = 1.4999999999999999e-05
segnum = 32
amp_list0 = [-0.259801984461459, 0.6701505289072246, -0.5196400015786854, -0.36020342990384036, 0.6993135701520604, 0.1534239965925708, -0.7860617505902933, 0.016313973146288064, 0.8159841471625323, -0.17869170406703466, -0.8193185985393431, 0.3376153775178601, 0.7916203377693293, -0.4812634054049972, -0.747652983680548, 0.585474185857162, 0.6629477830478632, -0.6835023690520553, -0.5655376218191086, 0.7363657148883592, 0.4214585070827009, -0.7841266382914704, -0.27062967797051807, 0.7985226910689743, 0.1045771993196946, -0.7862641538701943, 0.07266568469821488, 0.7208846985208548, -0.29227901783445237, -0.5585000210582376, 0.6513990930547325, -0.23192953410810177]
amp_list1 = [-0.259801984461459, 0.6701505289072246, -0.5196400015786854, -0.36020342990384036, 0.6993135701520604, 0.1534239965925708, -0.7860617505902933, 0.016313973146288064, 0.8159841471625323, -0.17869170406703466, -0.8193185985393431, 0.3376153775178601, 0.7916203377693293, -0.4812634054049972, -0.747652983680548, 0.585474185857162, 0.6629477830478632, -0.6835023690520553, -0.5655376218191086, 0.7363657148883592, 0.4214585070827009, -0.7841266382914704, -0.27062967797051807, 0.7985226910689743, 0.1045771993196946, -0.7862641538701943, 0.07266568469821488, 0.7208846985208548, -0.29227901783445237, -0.5585000210582376, 0.6513990930547325, -0.23192953410810177]

