[result]
infid = 0.02348706442320936
tracedist = 0.048477956729864026
infid_ideal = -2.3479667810910598e-05
bound_eq26 = 0.0972518961135070

