[phonon]
partialpos = [0.00e+00 5.00e-06 1.00e-05 1.50e-05 2.00e-05 2.50e-05 3.00e-05 3.50e-05
	 4.00e-05 4.50e-05 5.00e-05 5.50e-05 6.00e-05 6.50e-05 7.00e-05 7.50e-05
	 8.00e-05 8.50e-05 9.00e-05 9.50e-05 1.00e-04 1.05e-04 1.10e-04 1.15e-04
	 1.20e-04 1.25e-04 1.30e-04]
z_freqcal = [2016893.3976908384, 2018379.7565951042, 2020598.2655214951, 2023532.3093767809, 2027162.0841294725, 2031464.0556514116, 2036410.7736192346, 2041970.7562294183, 2048108.3863309806, 2054783.7927530543, 2061952.701595267, 2069566.2375903728, 2077570.661713981, 2085907.0138887179, 2094510.6418269703, 2103310.5563178607, 2112228.58103267, 2121178.1679116758, 2130062.8122139783, 2138773.749659916, 2147186.761157253, 2155157.141207533, 2162512.1901307013, 2169037.3675252525, 2174452.2548373053, 2178344.056779028, 2179999.9999999995]
z_modes = [[-0.006653610816166064, -0.014863213831101911, -0.024844622758162214, 0.03630976388242731, -0.049030306439970556, 0.06280530332389207, 0.07744588462227739, 0.09276744531766266, 0.10858672932618102, -0.12471967693184008, 0.14098211381070638, -0.15718889340540138, 0.17315634111619588, -0.18870112976087766, 0.2036442640594126, -0.21780840994882114, 0.231024105721143, -0.2431233900089248, 0.2539503978939853, -0.2633458957478671, 0.27116857947662004, -0.2772519139027059, -0.28145828375614973, 0.2835017655064737, 0.28313310684749987, -0.2773021757197424, -0.19245008972986713], [0.024076651714919295, 0.052916662727948705, 0.08630141740299886, -0.12200138299162049, 0.1579194193284053, -0.19205623266023844, -0.2225334678640183, -0.24764423454552043, -0.26591091567932873, 0.27614338990206017, -0.2774878699532134, 0.26946717188713243, -0.2520031658672774, 0.225427931291197, -0.19047191116173304, 0.1482433416896671, -0.10018104596580801, 0.048007729631076246, 0.006348432499025099, -0.060811338647784784, 0.11326110978175397, -0.1615681353913602, -0.20372886779048974, 0.23774486816193197, 0.26186313813761203, -0.2716818196897801, -0.19245008972986655], [-0.04809546201387952, -0.10264542370104482, -0.15997633501237973, 0.2123242668254786, -0.25279880149104106, 0.2758542705397807, 0.277760085290849, 0.2569572590233144, 0.2142318115140424, -0.15266578819150817, 0.07736411881539929, 0.005028033322905539, -0.08696596297773762, 0.16075241333135765, -0.21930388070271448, 0.25687659078743363, -0.26965510765453704, 0.25617432016947395, -0.21748793156417523, 0.15712553077482583, -0.08075542063874587, -0.004279346008711856, -0.08970829291787578, 0.16688631152117964, 0.2277670360762178, -0.26252161314798134, -0.1924500897298679], [0.07619013592962598, 0.1556369184096626, 0.22617108750834214, -0.2708613191691725, 0.2780123611686187, -0.24307716825598938, -0.1694791852038861, -0.06807425235506027, 0.044729912494867546, -0.14989371679247446, 0.22919986240093615, -0.2686118528345791, 0.2609266567739629, -0.20721196335487246, 0.11676089524232461, -0.005532311737897245, -0.10663025946841595, 0.19954380104347336, -0.2563049941719185, 0.2663984037586878, -0.22761935493766297, 0.14661925190470368, 0.03772176892089788, 0.0793038237325199, 0.1828815584234912, -0.25006136096854437, -0.19245008972987138], [-0.10668743894518362, -0.20532211671323983, -0.2698598697187143, 0.27466775977261565, -0.21221216130592602, 0.09520426043268088, -0.0468645510445583, -0.17603014654303226, -0.2567430811353715, 0.26624602138264875, -0.2014198737020063, 0.08006343397823075, 0.06385929524446092, -0.18970109146461278, 0.26167806656061504, -0.25914549271584203, 0.182649568077504, -0.053923404233740736, -0.09017146039613026, 0.20814923938335905, -0.26573903590487935, 0.24586129259970574, 0.1535741165728598, -0.0151191106984847, 0.12958286801985539, -0.23452035409739894, -0.1924500897298757], [0.13813169887082846, 0.2460024324905461, 0.2806099598083037, -0.21680605427915198, 0.07221532929769592, 0.09974734338625536, 0.23178758408559022, 0.27078394925229204, 0.20039116243650326, -0.04864175933679244, -0.12286446827670447, 0.24394090654204445, -0.26470589313605475, 0.17638511759495604, -0.015234161005964633, -0.152200284072191, 0.2565408790575253, -0.25437675489089634, 0.14647478417097953, 0.022345317415858126, -0.18159363771065135, 0.26442674352871054, 0.23541802614129054, -0.10590441512181496, 0.07057296139265093, -0.2161262155779416, -0.19245008972987704], [-0.1692292951219688, -0.27310259770698825, -0.25394561215985695, 0.10785954761490163, 0.0937354220037294, -0.24380505712678519, -0.2602541356628009, -0.1333252909910661, 0.06728890332003797, -0.23026860033451702, 0.264607767320223, -0.1508650339175821, -0.04740918432320446, 0.2189563436970811, -0.2672360004534656, 0.16492795121545017, 0.030405660321344095, -0.20853206614165187, 0.26873523100166763, -0.1768238386258714, -0.015178745329020691, 0.19823509849537, 0.2676919148704564, -0.18307004181142075, 0.008787965737170892, -0.19512474655785167, -0.1924500897298788], [0.19879379467506614, 0.2833412823924232, 0.19176772848115245, 0.027180418216375797, -0.22511652083922679, 0.2623473982113258, 0.11164457049360413, -0.1191298801110946, -0.26340622908427197, 0.21648024039986563, -0.012230189023601522, -0.20078213408150325, 0.2672347035457604, -0.1385092926236337, -0.09140286711888564, 0.25432248423838244, -0.23088906945578605, 0.03819637617031487, 0.18248234974550903, -0.26910586180064155, 0.15796886291046375, 0.06922148242214372, 0.24470820431490603, -0.23820367296437586, -0.052726114854243666, -0.1717830475967641, -0.19245008972987798], [-0.2257584513077674, -0.2749517943846517, -0.10201438160770124, -0.15547115626281216, 0.27273987995127724, -0.14487077416145164, 0.11330766009442704, 0.2682072468275276, 0.17907413163267938, 0.073056124569384, -0.2582776755854489, 0.2073941842020567, 0.033131163604552316, -0.243196144199791, 0.23038105407060255, -0.00639336655351875, -0.2233405369530268, 0.24797471558142584, -0.044834702085925694, -0.1994335264919144, 0.2602395436772106, -0.08156194376997085, 0.17172485214024996, -0.2653776611274694, -0.11095172519413649, -0.1463896596650533, -0.19245008972987793], [0.24918081273349932, 0.2477685882644869, -0.002667414473226815, 0.2450201506570555, -0.2182458753480628, -0.04804242093438243, -0.2603907308775466, -0.18404122645712465, 0.09628818530004785, -0.2692894922629163, 0.14264556369727777, 0.14266239478286896, -0.26884194534746636, 0.0952789697394359, 0.18445660081223908, -0.2582496244603551, 0.043756106584835, 0.21948545981957282, -0.23736724282096416, -0.010069212106740692, 0.24615522385340416, -0.20669505452674206, 0.06386121718896431, -0.2617954397557308, -0.16304085636337942, -0.11925313879326843, -0.19245008972987884], [-0.26826266304784707, -0.20322314100391553, 0.10693664269291064, -0.2731227124900711, 0.08168185446844842, 0.21581993180946404, 0.22821502117899342, -0.06042329081545173, -0.26872102532781816, 0.12139818149700018, 0.18641699756519894, -0.24709746655293793, -0.019642552217689267, 0.2601686870339562, -0.15557460966283845, -0.15532076491668295, 0.2600053055973427, -0.019593958625927665, -0.2466706473562678, 0.1852347243428238, 0.1222503320975685, -0.26705606592224684, -0.056930744616459396, -0.2280941815819799, -0.20645009986814516, -0.0906996986434401, -0.19245008972987596], [0.28236295889354845, 0.14420340461363404, -0.19522071775531333, 0.2324367506228021, 0.08567632327597792, -0.27055151878852596, -0.03870117807732127, 0.2521647149374634, 0.1537492221881136, 0.18171338708419826, -0.23630737037548052, -0.07405118353911345, 0.26978205408438244, -0.048535735134932693, -0.2475811284395493, 0.16082625147521223, 0.1745454959997311, -0.23985585884125477, -0.06577815255538424, 0.269474220472365, -0.05609053821547227, -0.24388152499634827, -0.16624154470593527, -0.1682684504972649, -0.23906216040761796, -0.06107025065209927, -0.19245008972987437], [-0.29101373075947384, -0.07480821618632821, 0.25419233120600415, -0.13304548371671562, -0.22064766447297857, 0.18339950769292115, -0.1775069080416004, -0.22379222138012714, 0.1257515468575342, -0.25231581846498374, -0.06778138907403031, 0.26759073415600476, 0.00651903895162174, -0.2688962010609855, 0.054922384262616836, 0.2562057455189653, -0.11334728236477645, -0.23022451799762444, 0.16579857465740278, 0.19230430413027627, -0.20937958195939044, -0.14450333358837583, -0.24205958545018375, -0.08922244171622537, -0.2592874381011762, -0.030717038388599283, -0.19245008972987812], [0.29392919838960074, 2.1514499173192363e-14, -0.27490042722871033, -1.499324593232941e-14, 0.2721414808061139, -1.9720155501760987e-15, 0.27113870201198514, 1.0517292699319303e-14, -0.2706207076864429, 1.9968402292252625e-14, 0.27030482476149337, -1.4311230045447173e-14, -0.27008109890301957, 3.660012432936587e-15, 0.2699225870746823, -5.4437449620418626e-15, -0.2697676389941793, 5.145709904798047e-15, 0.269650721964378, 3.981533987756068e-15, -0.26937467420239, 1.3148299035472193e-16, -0.2691455618251258, 1.2961264180327579e-15, -0.26614047969141413, -5.1940975253338674e-15, -0.19245008972988095], [-0.29101373075947495, 0.07480821618628763, 0.25419233120600304, 0.13304548371674363, -0.22064766447300588, -0.1833995076929205, -0.17750690804159874, 0.22379222138011584, 0.12575154685755754, 0.25231581846496937, -0.06778138907404348, -0.2675907341559988, 0.006519038951629338, 0.268896201060983, 0.05492238426260023, -0.2562057455189666, -0.11334728236475536, 0.23022451799762786, 0.1657985746574025, -0.1923043041302689, -0.20937958195938938, 0.14450333358837317, -0.24205958545018724, 0.08922244171622284, -0.2592874381011847, 0.030717038388584857, -0.19245008972987862], [0.28236295889354435, -0.14420340461360248, -0.19522071775530478, -0.23243675062282418, 0.08567632327601493, 0.27055151878852934, -0.03870117807733224, -0.25216471493746406, 0.15374922218809714, -0.1817133870842177, -0.23630737037547486, 0.07405118353913002, 0.2697820540843785, 0.048535735134933, -0.24758112843955016, -0.16082625147520574, 0.17454549599974073, 0.23985585884124666, -0.06577815255537989, -0.2694742204723589, -0.05609053821546966, 0.24388152499634166, -0.16624154470593655, 0.16826845049725922, -0.23906216040763276, 0.061070250652080965, -0.1924500897298776], [-0.2682626630478422, 0.20322314100389588, 0.10693664269289643, 0.2731227124900816, 0.08168185446841861, -0.2158199318094697, 0.22821502117901238, 0.0604232908154578, -0.2687210253278259, -0.12139818149697879, 0.1864169975652044, 0.2470974665529343, -0.01964255221769015, -0.2601686870339602, -0.15557460966282938, 0.15532076491669428, 0.2600053055973394, 0.01959395862591555, -0.24667064735626754, -0.18523472434282606, 0.12225033209757111, 0.2670560659222412, -0.056930744616460756, 0.22809418158197317, -0.20645009986816176, 0.09069969864342364, -0.19245008972987718], [0.24918081273350307, -0.24776858826448442, -0.002667414473218057, -0.24502015065705915, -0.2182458753480459, 0.0480424209343952, -0.260390730877561, 0.18404122645711615, 0.09628818530007131, 0.26928949226291726, 0.1426455636972666, -0.14266239478288034, -0.2688419453474568, -0.0952789697394391, 0.18445660081223827, 0.258249624460355, 0.0437561065848253, -0.21948545981957585, -0.23736724282096747, 0.010069212106732239, 0.24615522385340577, 0.20669505452673678, 0.06386121718896601, 0.26179543975572234, -0.16304085636339247, 0.11925313879325408, -0.1924500897298761], [-0.2257584513077812, 0.2749517943846625, -0.10201438160769628, 0.15547115626281002, 0.27273987995127397, 0.1448707741614321, 0.11330766009442575, -0.26820724682751984, 0.17907413163266905, -0.07305612456940096, -0.2582776755854532, -0.20739418420205752, 0.033131163604552136, 0.24319614419979935, 0.2303810540705983, 0.006393366553510235, -0.22334053695303485, -0.24797471558142353, -0.044834702085933126, 0.19943352649190932, 0.2602395436772138, 0.08156194376996768, 0.17172485214025507, 0.2653776611274626, -0.11095172519415242, 0.1463896596650373, -0.19245008972987454], [0.19879379467508215, -0.2833412823924372, 0.19176772848112647, -0.027180418216372182, -0.22511652083923625, -0.26234739821130254, 0.11164457049361033, 0.1191298801110993, -0.26340622908427996, -0.2164802403998464, -0.01223018902358748, 0.20078213408151216, 0.2672347035457506, 0.13850929262363873, -0.09140286711888711, -0.2543224842383883, -0.23088906945578316, -0.03819637617031088, 0.18248234974550478, 0.2691058618006453, 0.15796886291047194, -0.06922148242214105, 0.2447082043149141, 0.2382036729643742, -0.05272611485426008, 0.17178304759674978, -0.1924500897298745], [-0.16922929512198756, 0.27310259770700546, -0.2539456121598141, -0.10785954761490789, 0.09373542200374418, 0.24380505712676712, -0.2602541356628101, 0.13332529099105822, 0.06728890332005688, 0.2302686003345252, 0.26460776732022123, 0.15086503391757805, -0.04740918432320734, -0.21895634369709255, -0.2672360004534632, -0.16492795121544082, 0.030405660321359117, 0.20853206614165598, 0.2687352310016665, 0.17682383862587786, -0.015178745329014946, -0.19823509849536428, 0.267691914870465, 0.1830700418114217, 0.00878796573715424, 0.19512474655783785, -0.192450089729874], [0.13813169887084517, -0.24600243249056297, 0.2806099598082577, 0.21680605427917374, 0.07221532929769102, -0.0997473433862523, 0.23178758408560207, -0.27078394925229227, 0.20039116243649557, 0.04864175933676521, -0.12286446827672377, -0.24394090654205586, -0.2647058931360414, -0.17638511759495734, -0.015234161005959843, 0.15220028407220101, 0.25654087905753226, 0.25437675489089157, 0.14647478417097912, -0.022345317415853497, -0.18159363771065196, -0.2644267435287061, 0.2354180261413009, 0.10590441512182072, 0.07057296139263575, 0.21612621557793146, -0.192450089729874], [-0.10668743894519583, 0.20532211671325482, -0.2698598697186749, -0.2746677597726529, -0.21221216130593692, -0.09520426043266879, -0.04686455104456589, 0.17603014654304197, -0.25674308113538175, -0.2662460213826329, -0.20141987370199121, -0.08006343397822088, 0.06385929524446353, 0.18970109146462005, 0.2616780665606095, 0.25914549271583814, 0.1826495680774991, 0.053923404233738044, -0.09017146039612428, -0.20814923938335625, -0.2657390359048853, -0.24586129259970413, 0.15357411657286932, 0.015119110698493685, 0.1295828680198434, 0.2345203540973933, -0.19245008972987454], [0.07619013592963132, -0.15563691840966967, 0.226171087508307, 0.27086131916920964, 0.27801236116863465, 0.24307716825596407, -0.16947918520388874, 0.06807425235505606, 0.04472991249487535, 0.1498937167924756, 0.2291998624009342, 0.26861185283458094, 0.26092665677394966, 0.20721196335487824, 0.11676089524232117, 0.005532311737891556, -0.10663025946841964, -0.19954380104346617, -0.25630499417190816, -0.26639840375868873, -0.2276193549376729, -0.14661925190470745, 0.03772176892090687, -0.07930382373250738, 0.18288155842348408, 0.25006136096854653, -0.1924500897298751], [-0.048095462013879486, 0.10264542370104525, -0.1599763350123514, -0.21232426682550426, -0.25279880149105166, -0.27585427053974926, 0.27776008529085605, -0.25695725902331773, 0.21423181151404852, 0.15266578819149926, 0.0773641188153928, -0.00502803332290967, -0.08696596297773607, -0.16075241333136672, -0.21930388070271753, -0.25687659078744063, -0.26965510765453937, -0.2561743201694648, -0.21748793156416832, -0.15712553077482844, -0.08075542063875273, 0.004279346008705749, -0.08970829291787082, -0.166886311521166, 0.22776703607621604, 0.26252161314799033, -0.1924500897298756], [0.024076651714917793, -0.05291666272794683, 0.08630141740298204, 0.122001382991635, 0.15791941932841264, 0.19205623266021749, -0.2225334678640273, 0.24764423454552978, -0.2659109156793436, -0.2761433899020549, -0.27748786995320834, -0.26946717188713143, -0.2520031658672606, -0.22542793129120148, -0.19047191116172946, -0.14824334168966466, -0.10018104596580325, -0.04800772963107072, 0.0063484324990264835, 0.06081133864778513, 0.11326110978175581, 0.16156813539135498, -0.2037288677904906, -0.2377448681619182, 0.2618631381376137, 0.27168181968979155, -0.1924500897298757], [-0.006653610816165649, 0.01486321383110161, -0.024844622758157683, -0.03630976388243186, -0.04903030643997327, -0.06280530332388665, 0.07744588462228359, -0.09276744531767032, 0.10858672932619054, 0.12471967693183988, 0.14098211381070494, 0.15718889340540312, 0.17315634111618886, 0.18870112976088702, 0.20364426405941446, 0.21780840994882744, 0.2310241057211469, 0.24312339000891667, 0.2539503978939741, 0.2633458957478648, 0.2711685794766243, 0.27725191390269704, -0.28145828375615084, -0.2835017655064567, 0.2831331068475015, 0.27730217571975346, -0.19245008972987582]]

