{
 "cells": [
  {
   "cell_type": "code",
   "execution_count": 1,
   "metadata": {},
   "outputs": [],
   "source": [
    "\n",
    "import os\n",
    "import shutil\n",
    "shutil.rmtree('./configurations')"
   ]
  },
  {
   "cell_type": "code",
   "execution_count": 2,
   "metadata": {},
   "outputs": [
    {
     "name": "stdout",
     "output_type": "stream",
     "text": [
      "---  new folder ./configurations/N2  ---\n",
      "---  new folder ./configurations/N3  ---\n",
      "---  new folder ./configurations/N4  ---\n",
      "---  new folder ./configurations/N5  ---\n",
      "---  new folder ./configurations/N6  ---\n",
      "---  new folder ./configurations/N7  ---\n",
      "---  new folder ./configurations/N8  ---\n",
      "---  new folder ./configurations/N9  ---\n",
      "---  new folder ./configurations/N10  ---\n",
      "---  new folder ./configurations/N11  ---\n",
      "---  new folder ./configurations/N12  ---\n",
      "---  new folder ./configurations/N13  ---\n",
      "---  new folder ./configurations/N14  ---\n",
      "---  new folder ./configurations/N15  ---\n",
      "---  new folder ./configurations/N16  ---\n",
      "---  new folder ./configurations/N17  ---\n",
      "---  new folder ./configurations/N18  ---\n",
      "---  new folder ./configurations/N19  ---\n",
      "---  new folder ./configurations/N20  ---\n"
     ]
    }
   ],
   "source": [
    "import set_configs\n",
    "set_configs.create_config()"
   ]
  },
  {
   "cell_type": "code",
   "execution_count": 3,
   "metadata": {},
   "outputs": [
    {
     "name": "stdout",
     "output_type": "stream",
     "text": [
      "--- N = 12 finished ---\n",
      "--- N = 15 finished ---\n",
      "--- N = 14 finished ---\n",
      "--- N = 13 finished ---\n",
      "--- N = 7 finished ---\n",
      "--- N = 9 finished ---\n",
      "--- N = 8 finished ---\n",
      "--- N = 6 finished ---\n",
      "--- N = 18 finished ---\n",
      "--- N = 20 finished ---\n",
      "--- N = 16 finished ---\n",
      "--- N = 11 finished ---\n",
      "--- N = 10 finished ---\n",
      "--- N = 17 finished ---\n",
      "--- N = 19 finished ---\n",
      "--- N = 4 finished ---\n",
      "--- N = 3 finished ---\n",
      "--- N = 2 finished ---\n",
      "--- N = 5 finished ---\n"
     ]
    }
   ],
   "source": [
    "import compute_phonon\n",
    "compute_phonon.compute_phonon()"
   ]
  },
  {
   "cell_type": "code",
   "execution_count": 4,
   "metadata": {},
   "outputs": [
    {
     "name": "stdout",
     "output_type": "stream",
     "text": [
      "----- N 2 segNum 5 -----\n",
      "detuning [-0.03815759911898105, 0.03815759911898105]\n",
      "tau 75.0\n",
      "mode [[-0.70710678  0.70710678]\n",
      " [ 0.70710678  0.70710678]]\n",
      "this ions should have laser shined:  [0 1]\n",
      ">>>>>>>>>> P and G calculate time used is: 0.08435487747192383 seconds\n",
      ">>>>>>>>>> optimization time used is: 0.10432314872741699 seconds\n",
      "segnum 5 (array([-1.11668743, -0.13370942,  1.14783852, -0.13370942, -1.11668743]), array([-1.11668743, -0.13370942,  1.14783852, -0.13370942, -1.11668743]))\n",
      "max_amp 1.147838519000087\n",
      "----- N 2 segNum 6 -----\n",
      "detuning [-0.03815759911898105, 0.03815759911898105]\n",
      "tau 90.0\n",
      "mode [[-0.70710678  0.70710678]\n",
      " [ 0.70710678  0.70710678]]\n"
     ]
    },
    {
     "name": "stderr",
     "output_type": "stream",
     "text": [
      "2022-04-28 23:16:31.637226: I tensorflow/core/platform/cpu_feature_guard.cc:151] This TensorFlow binary is optimized with oneAPI Deep Neural Network Library (oneDNN) to use the following CPU instructions in performance-critical operations:  AVX2 FMA\n",
      "To enable them in other operations, rebuild TensorFlow with the appropriate compiler flags.\n"
     ]
    },
    {
     "name": "stdout",
     "output_type": "stream",
     "text": [
      "this ions should have laser shined:  [0 1]\n",
      ">>>>>>>>>> P and G calculate time used is: 0.16151785850524902 seconds\n",
      ">>>>>>>>>> optimization time used is: 0.05097794532775879 seconds\n",
      "segnum 6 (array([-0.75708825,  0.71572485,  0.7367053 , -0.7367053 , -0.71572485,\n",
      "        0.75708825]), array([-0.75708825,  0.71572485,  0.7367053 , -0.7367053 , -0.71572485,\n",
      "        0.75708825]))\n",
      "max_amp 0.7570882486731604\n",
      "----- break -----\n",
      "----- N 3 segNum 8 -----\n",
      "detuning [-0.03407674054392124, 0.03407674054392148, 0.0814536864793105]\n",
      "tau 120.0\n",
      "mode [[ 4.08248290e-01 -8.16496581e-01  4.08248290e-01]\n",
      " [ 7.07106781e-01  1.19683070e-15 -7.07106781e-01]\n",
      " [-5.77350269e-01 -5.77350269e-01 -5.77350269e-01]]\n",
      "this ions should have laser shined:  [0 1]\n",
      ">>>>>>>>>> P and G calculate time used is: 0.3838012218475342 seconds\n",
      ">>>>>>>>>> optimization time used is: 0.04935121536254883 seconds\n",
      "segnum 8 (array([ 0.27993355, -0.97711733,  1.40481042, -0.76852778, -0.51731825,\n",
      "        1.32675649, -1.05641963,  0.34812132]), array([ 0.27993355, -0.97711733,  1.40481042, -0.76852778, -0.51731825,\n",
      "        1.32675649, -1.05641963,  0.34812132]))\n",
      "max_amp 1.4048104200660745\n",
      "----- N 3 segNum 9 -----\n",
      "detuning [-0.03407674054392124, 0.03407674054392148, 0.0814536864793105]\n",
      "tau 134.99999999999997\n",
      "mode [[ 4.08248290e-01 -8.16496581e-01  4.08248290e-01]\n",
      " [ 7.07106781e-01  1.19683070e-15 -7.07106781e-01]\n",
      " [-5.77350269e-01 -5.77350269e-01 -5.77350269e-01]]\n",
      "this ions should have laser shined:  [0 1]\n",
      ">>>>>>>>>> P and G calculate time used is: 0.4209120273590088 seconds\n",
      ">>>>>>>>>> optimization time used is: 0.10376930236816406 seconds\n",
      "segnum 9 (array([-0.44911025,  0.98539181, -0.64838563, -0.53229854,  1.10434217,\n",
      "       -0.43500939, -0.72820394,  0.95663036, -0.39375274]), array([-0.44911025,  0.98539181, -0.64838563, -0.53229854,  1.10434217,\n",
      "       -0.43500939, -0.72820394,  0.95663036, -0.39375274]))\n",
      "max_amp 1.1043421727024114\n",
      "----- N 3 segNum 10 -----\n",
      "detuning [-0.03407674054392124, 0.03407674054392148, 0.0814536864793105]\n",
      "tau 150.0\n",
      "mode [[ 4.08248290e-01 -8.16496581e-01  4.08248290e-01]\n",
      " [ 7.07106781e-01  1.19683070e-15 -7.07106781e-01]\n",
      " [-5.77350269e-01 -5.77350269e-01 -5.77350269e-01]]\n",
      "this ions should have laser shined:  [0 1]\n",
      ">>>>>>>>>> P and G calculate time used is: 0.5651800632476807 seconds\n",
      ">>>>>>>>>> optimization time used is: 0.14166784286499023 seconds\n",
      "segnum 10 (array([ 0.51828739, -0.77913014,  0.04087181,  0.85884485, -0.46593955,\n",
      "       -0.50542869,  0.8514692 ,  0.0851802 , -0.77810956,  0.48030727]), array([ 0.51828739, -0.77913014,  0.04087181,  0.85884485, -0.46593955,\n",
      "       -0.50542869,  0.8514692 ,  0.0851802 , -0.77810956,  0.48030727]))\n",
      "max_amp 0.8588448451961711\n",
      "----- break -----\n",
      "----- N 4 segNum 10 -----\n",
      "detuning [-0.0746640014118608, -0.026766116709028138, 0.02676611670902837, 0.05928403591874801]\n",
      "tau 150.0\n",
      "mode [[ 0.25490142 -0.65956445  0.65956445 -0.25490142]\n",
      " [ 0.5        -0.5        -0.5         0.5       ]\n",
      " [-0.65956445 -0.25490142  0.25490142  0.65956445]\n",
      " [-0.5        -0.5        -0.5        -0.5       ]]\n",
      "this ions should have laser shined:  [1 2]\n",
      ">>>>>>>>>> P and G calculate time used is: 0.7970232963562012 seconds\n",
      ">>>>>>>>>> optimization time used is: 0.0774068832397461 seconds\n",
      "segnum 10 (array([-0.07830986, -0.02198749,  0.54919546, -1.17549191,  0.97763067,\n",
      "        0.19161819, -1.29111795,  1.34617355, -0.6906769 ,  0.13720058]), array([-0.07830986, -0.02198749,  0.54919546, -1.17549191,  0.97763067,\n",
      "        0.19161819, -1.29111795,  1.34617355, -0.6906769 ,  0.13720058]))\n",
      "max_amp 1.3461735540103335\n",
      "----- N 4 segNum 11 -----\n",
      "detuning [-0.0746640014118608, -0.026766116709028138, 0.02676611670902837, 0.05928403591874801]\n",
      "tau 165.0\n",
      "mode [[ 0.25490142 -0.65956445  0.65956445 -0.25490142]\n",
      " [ 0.5        -0.5        -0.5         0.5       ]\n",
      " [-0.65956445 -0.25490142  0.25490142  0.65956445]\n",
      " [-0.5        -0.5        -0.5        -0.5       ]]\n",
      "this ions should have laser shined:  [1 2]\n",
      ">>>>>>>>>> P and G calculate time used is: 0.784980058670044 seconds\n",
      ">>>>>>>>>> optimization time used is: 0.07825112342834473 seconds\n",
      "segnum 11 (array([ 0.01684354,  0.25933691, -0.80460854,  0.92261083, -0.01997363,\n",
      "       -1.08305441,  1.05108139,  0.0525132 , -0.83945383,  0.69991586,\n",
      "       -0.20426011]), array([ 0.01684354,  0.25933691, -0.80460854,  0.92261083, -0.01997363,\n",
      "       -1.08305441,  1.05108139,  0.0525132 , -0.83945383,  0.69991586,\n",
      "       -0.20426011]))\n",
      "max_amp 1.083054406885613\n",
      "----- N 4 segNum 12 -----\n",
      "detuning [-0.0746640014118608, -0.026766116709028138, 0.02676611670902837, 0.05928403591874801]\n",
      "tau 180.0\n",
      "mode [[ 0.25490142 -0.65956445  0.65956445 -0.25490142]\n",
      " [ 0.5        -0.5        -0.5         0.5       ]\n",
      " [-0.65956445 -0.25490142  0.25490142  0.65956445]\n",
      " [-0.5        -0.5        -0.5        -0.5       ]]\n",
      "this ions should have laser shined:  [1 2]\n",
      ">>>>>>>>>> P and G calculate time used is: 1.2587060928344727 seconds\n",
      ">>>>>>>>>> optimization time used is: 0.18227410316467285 seconds\n",
      "segnum 12 (array([ 0.21924576, -0.65974468,  0.69430056,  0.12979308, -0.93440271,\n",
      "        0.54204938,  0.60020057, -0.88379369,  0.04234868,  0.70595388,\n",
      "       -0.6091846 ,  0.18544872]), array([ 0.21924576, -0.65974468,  0.69430056,  0.12979308, -0.93440271,\n",
      "        0.54204938,  0.60020057, -0.88379369,  0.04234868,  0.70595388,\n",
      "       -0.6091846 ,  0.18544872]))\n",
      "max_amp 0.9344027072566711\n",
      "----- break -----\n",
      "----- N 5 segNum 12 -----\n",
      "detuning [-0.05578529907685239, -0.021588718120092294, 0.021588718120092526, 0.06406451059950097, 0.08791646455659857]\n",
      "tau 180.0\n",
      "mode [[-1.72308939e-01  5.02392969e-01 -6.60168061e-01  5.02392969e-01\n",
      "  -1.72308939e-01]\n",
      " [ 3.55728185e-01 -6.11111658e-01 -3.96464796e-15  6.11111658e-01\n",
      "  -3.55728185e-01]\n",
      " [ 5.19913098e-01 -2.18177232e-01 -6.03471732e-01 -2.18177232e-01\n",
      "   5.19913098e-01]\n",
      " [ 6.11111658e-01  3.55728185e-01  4.29387656e-15 -3.55728185e-01\n",
      "  -6.11111658e-01]\n",
      " [-4.47213595e-01 -4.47213595e-01 -4.47213595e-01 -4.47213595e-01\n",
      "  -4.47213595e-01]]\n",
      "this ions should have laser shined:  [1 3]\n",
      ">>>>>>>>>> P and G calculate time used is: 1.5946931838989258 seconds\n",
      ">>>>>>>>>> optimization time used is: 0.18081188201904297 seconds\n",
      "segnum 12 (array([ 0.50419532, -1.60066154,  2.4078721 , -1.39787814, -1.19178899,\n",
      "        3.18337868, -2.72856727,  0.57430047,  1.09119084, -1.14516504,\n",
      "        0.47970393, -0.0295171 ]), array([ 0.50419532, -1.60066154,  2.4078721 , -1.39787814, -1.19178899,\n",
      "        3.18337868, -2.72856727,  0.57430047,  1.09119084, -1.14516504,\n",
      "        0.47970393, -0.0295171 ]))\n",
      "max_amp 3.1833786844480247\n",
      "----- N 5 segNum 13 -----\n",
      "detuning [-0.05578529907685239, -0.021588718120092294, 0.021588718120092526, 0.06406451059950097, 0.08791646455659857]\n",
      "tau 194.99999999999997\n",
      "mode [[-1.72308939e-01  5.02392969e-01 -6.60168061e-01  5.02392969e-01\n",
      "  -1.72308939e-01]\n",
      " [ 3.55728185e-01 -6.11111658e-01 -3.96464796e-15  6.11111658e-01\n",
      "  -3.55728185e-01]\n",
      " [ 5.19913098e-01 -2.18177232e-01 -6.03471732e-01 -2.18177232e-01\n",
      "   5.19913098e-01]\n",
      " [ 6.11111658e-01  3.55728185e-01  4.29387656e-15 -3.55728185e-01\n",
      "  -6.11111658e-01]\n",
      " [-4.47213595e-01 -4.47213595e-01 -4.47213595e-01 -4.47213595e-01\n",
      "  -4.47213595e-01]]\n",
      "this ions should have laser shined:  [1 3]\n",
      ">>>>>>>>>> P and G calculate time used is: 1.7218241691589355 seconds\n",
      ">>>>>>>>>> optimization time used is: 0.20510578155517578 seconds\n",
      "segnum 13 (array([ 0.38506426, -1.22771972,  1.55344871, -0.29105958, -1.73977775,\n",
      "        2.13586022, -0.178739  , -1.96901824,  1.93802525, -0.09427247,\n",
      "       -1.26212144,  1.11401357, -0.37154177]), array([ 0.38506426, -1.22771972,  1.55344871, -0.29105958, -1.73977775,\n",
      "        2.13586022, -0.178739  , -1.96901824,  1.93802525, -0.09427247,\n",
      "       -1.26212144,  1.11401357, -0.37154177]))\n",
      "max_amp 2.1358602179472483\n",
      "----- N 5 segNum 14 -----\n",
      "detuning [-0.05578529907685239, -0.021588718120092294, 0.021588718120092526, 0.06406451059950097, 0.08791646455659857]\n",
      "tau 210.0\n",
      "mode [[-1.72308939e-01  5.02392969e-01 -6.60168061e-01  5.02392969e-01\n",
      "  -1.72308939e-01]\n",
      " [ 3.55728185e-01 -6.11111658e-01 -3.96464796e-15  6.11111658e-01\n",
      "  -3.55728185e-01]\n",
      " [ 5.19913098e-01 -2.18177232e-01 -6.03471732e-01 -2.18177232e-01\n",
      "   5.19913098e-01]\n",
      " [ 6.11111658e-01  3.55728185e-01  4.29387656e-15 -3.55728185e-01\n",
      "  -6.11111658e-01]\n",
      " [-4.47213595e-01 -4.47213595e-01 -4.47213595e-01 -4.47213595e-01\n",
      "  -4.47213595e-01]]\n",
      "this ions should have laser shined:  [1 3]\n",
      ">>>>>>>>>> P and G calculate time used is: 1.706089973449707 seconds\n",
      ">>>>>>>>>> optimization time used is: 0.15175867080688477 seconds\n",
      "segnum 14 (array([ 0.45390081, -1.33533248,  1.59020523, -0.17880814, -1.82046929,\n",
      "        2.04884448, -0.15082399, -1.48843827,  0.86822818,  1.11166889,\n",
      "       -2.04870113,  1.40093026, -0.39556901, -0.00289119]), array([ 0.45390081, -1.33533248,  1.59020523, -0.17880814, -1.82046929,\n",
      "        2.04884448, -0.15082399, -1.48843827,  0.86822818,  1.11166889,\n",
      "       -2.04870113,  1.40093026, -0.39556901, -0.00289119]))\n",
      "max_amp 2.0488444796116636\n",
      "----- N 5 segNum 15 -----\n",
      "detuning [-0.05578529907685239, -0.021588718120092294, 0.021588718120092526, 0.06406451059950097, 0.08791646455659857]\n",
      "tau 225.0\n",
      "mode [[-1.72308939e-01  5.02392969e-01 -6.60168061e-01  5.02392969e-01\n",
      "  -1.72308939e-01]\n",
      " [ 3.55728185e-01 -6.11111658e-01 -3.96464796e-15  6.11111658e-01\n",
      "  -3.55728185e-01]\n",
      " [ 5.19913098e-01 -2.18177232e-01 -6.03471732e-01 -2.18177232e-01\n",
      "   5.19913098e-01]\n",
      " [ 6.11111658e-01  3.55728185e-01  4.29387656e-15 -3.55728185e-01\n",
      "  -6.11111658e-01]\n",
      " [-4.47213595e-01 -4.47213595e-01 -4.47213595e-01 -4.47213595e-01\n",
      "  -4.47213595e-01]]\n",
      "this ions should have laser shined:  [1 3]\n",
      ">>>>>>>>>> P and G calculate time used is: 3.0772199630737305 seconds\n",
      ">>>>>>>>>> optimization time used is: 0.4804670810699463 seconds\n",
      "segnum 15 (array([-0.37603811,  1.13498709, -1.27944335, -0.00320901,  1.50845128,\n",
      "       -1.14549775, -0.79899444,  1.6900333 , -0.29239274, -1.48430648,\n",
      "        1.28063352,  0.37537421, -1.34380788,  0.95774174, -0.25039866]), array([-0.37603811,  1.13498709, -1.27944335, -0.00320901,  1.50845128,\n",
      "       -1.14549775, -0.79899444,  1.6900333 , -0.29239274, -1.48430648,\n",
      "        1.28063352,  0.37537421, -1.34380788,  0.95774174, -0.25039866]))\n",
      "max_amp 1.690033304291827\n",
      "----- N 5 segNum 16 -----\n",
      "detuning [-0.05578529907685239, -0.021588718120092294, 0.021588718120092526, 0.06406451059950097, 0.08791646455659857]\n",
      "tau 240.0\n",
      "mode [[-1.72308939e-01  5.02392969e-01 -6.60168061e-01  5.02392969e-01\n",
      "  -1.72308939e-01]\n",
      " [ 3.55728185e-01 -6.11111658e-01 -3.96464796e-15  6.11111658e-01\n",
      "  -3.55728185e-01]\n",
      " [ 5.19913098e-01 -2.18177232e-01 -6.03471732e-01 -2.18177232e-01\n",
      "   5.19913098e-01]\n",
      " [ 6.11111658e-01  3.55728185e-01  4.29387656e-15 -3.55728185e-01\n",
      "  -6.11111658e-01]\n",
      " [-4.47213595e-01 -4.47213595e-01 -4.47213595e-01 -4.47213595e-01\n",
      "  -4.47213595e-01]]\n",
      "this ions should have laser shined:  [1 3]\n",
      ">>>>>>>>>> P and G calculate time used is: 3.317586898803711 seconds\n",
      ">>>>>>>>>> optimization time used is: 0.42803311347961426 seconds\n",
      "segnum 16 (array([ 0.35926433, -1.01565959,  0.87861949,  0.41601903, -1.28506998,\n",
      "        0.26088648,  1.25315776, -0.89158117, -0.80138739,  1.28522535,\n",
      "        0.16909847, -1.29381779,  0.49937742,  0.84845342, -1.06031525,\n",
      "        0.4051104 ]), array([ 0.35926433, -1.01565959,  0.87861949,  0.41601903, -1.28506998,\n",
      "        0.26088648,  1.25315776, -0.89158117, -0.80138739,  1.28522535,\n",
      "        0.16909847, -1.29381779,  0.49937742,  0.84845342, -1.06031525,\n",
      "        0.4051104 ]))\n",
      "max_amp 1.2938177907741992\n",
      "----- N 5 segNum 17 -----\n",
      "detuning [-0.05578529907685239, -0.021588718120092294, 0.021588718120092526, 0.06406451059950097, 0.08791646455659857]\n",
      "tau 254.99999999999997\n",
      "mode [[-1.72308939e-01  5.02392969e-01 -6.60168061e-01  5.02392969e-01\n",
      "  -1.72308939e-01]\n",
      " [ 3.55728185e-01 -6.11111658e-01 -3.96464796e-15  6.11111658e-01\n",
      "  -3.55728185e-01]\n",
      " [ 5.19913098e-01 -2.18177232e-01 -6.03471732e-01 -2.18177232e-01\n",
      "   5.19913098e-01]\n",
      " [ 6.11111658e-01  3.55728185e-01  4.29387656e-15 -3.55728185e-01\n",
      "  -6.11111658e-01]\n",
      " [-4.47213595e-01 -4.47213595e-01 -4.47213595e-01 -4.47213595e-01\n",
      "  -4.47213595e-01]]\n",
      "this ions should have laser shined:  [1 3]\n",
      ">>>>>>>>>> P and G calculate time used is: 3.3075809478759766 seconds\n",
      ">>>>>>>>>> optimization time used is: 0.5058140754699707 seconds\n",
      "segnum 17 (array([-0.49402268,  0.95790919, -0.38604827, -0.84078243,  0.79655428,\n",
      "        0.57353526, -1.06131372, -0.2440164 ,  1.1022364 , -0.20032062,\n",
      "       -1.07446209,  0.52008367,  0.82009689, -0.80083288, -0.42163916,\n",
      "        0.94701171, -0.46131131]), array([-0.49402268,  0.95790919, -0.38604827, -0.84078243,  0.79655428,\n",
      "        0.57353526, -1.06131372, -0.2440164 ,  1.1022364 , -0.20032062,\n",
      "       -1.07446209,  0.52008367,  0.82009689, -0.80083288, -0.42163916,\n",
      "        0.94701171, -0.46131131]))\n",
      "max_amp 1.1022364022932207\n",
      "----- N 5 segNum 18 -----\n",
      "detuning [-0.05578529907685239, -0.021588718120092294, 0.021588718120092526, 0.06406451059950097, 0.08791646455659857]\n",
      "tau 269.99999999999994\n",
      "mode [[-1.72308939e-01  5.02392969e-01 -6.60168061e-01  5.02392969e-01\n",
      "  -1.72308939e-01]\n",
      " [ 3.55728185e-01 -6.11111658e-01 -3.96464796e-15  6.11111658e-01\n",
      "  -3.55728185e-01]\n",
      " [ 5.19913098e-01 -2.18177232e-01 -6.03471732e-01 -2.18177232e-01\n",
      "   5.19913098e-01]\n",
      " [ 6.11111658e-01  3.55728185e-01  4.29387656e-15 -3.55728185e-01\n",
      "  -6.11111658e-01]\n",
      " [-4.47213595e-01 -4.47213595e-01 -4.47213595e-01 -4.47213595e-01\n",
      "  -4.47213595e-01]]\n",
      "this ions should have laser shined:  [1 3]\n",
      ">>>>>>>>>> P and G calculate time used is: 2.8591699600219727 seconds\n",
      ">>>>>>>>>> optimization time used is: 0.8979940414428711 seconds\n",
      "segnum 18 (array([ 0.55232874, -0.79211912, -0.03022651,  0.8814486 , -0.22456118,\n",
      "       -0.86418677,  0.45094127,  0.80189802, -0.5615954 , -0.55831201,\n",
      "        0.79939649,  0.45098845, -0.85059302, -0.23365617,  0.87529222,\n",
      "       -0.02187277, -0.79244317,  0.54275622]), array([ 0.55232874, -0.79211912, -0.03022651,  0.8814486 , -0.22456118,\n",
      "       -0.86418677,  0.45094127,  0.80189802, -0.5615954 , -0.55831201,\n",
      "        0.79939649,  0.45098845, -0.85059302, -0.23365617,  0.87529222,\n",
      "       -0.02187277, -0.79244317,  0.54275622]))\n",
      "max_amp 0.8814485970194851\n",
      "----- break -----\n",
      "----- N 6 segNum 14 -----\n",
      "detuning [-0.07788970076518809, -0.05256538533855625, -0.018800173813920237, 0.01880017381392047, 0.053197296326655895, 0.07152832786304969]\n",
      "tau 210.0\n",
      "mode [[-0.12350251  0.38498356 -0.58011618  0.58011618 -0.38498356  0.12350251]\n",
      " [ 0.26231938 -0.57657119  0.31425181  0.31425181 -0.57657119  0.26231938]\n",
      " [-0.40165268  0.44185272  0.37873645 -0.37873645 -0.44185272  0.40165268]\n",
      " [ 0.5143169  -0.0299832  -0.4843337  -0.4843337  -0.0299832   0.5143169 ]\n",
      " [ 0.56870226  0.39566884  0.14150586 -0.14150586 -0.39566884 -0.56870226]\n",
      " [-0.40824829 -0.40824829 -0.40824829 -0.40824829 -0.40824829 -0.40824829]]\n",
      "this ions should have laser shined:  [1 4]\n",
      ">>>>>>>>>> P and G calculate time used is: 2.0327789783477783 seconds\n",
      ">>>>>>>>>> optimization time used is: 0.13100790977478027 seconds\n",
      "segnum 14 (array([ 0.33621921, -1.59115565,  3.7399634 , -5.16273916,  3.97093655,\n",
      "       -0.5500155 , -2.15038321,  1.92555606,  0.21222409, -1.66050281,\n",
      "        1.43405402, -0.5175587 ,  0.00942061,  0.05075267]), array([ 0.33621921, -1.59115565,  3.7399634 , -5.16273916,  3.97093655,\n",
      "       -0.5500155 , -2.15038321,  1.92555606,  0.21222409, -1.66050281,\n",
      "        1.43405402, -0.5175587 ,  0.00942061,  0.05075267]))\n",
      "max_amp 5.162739159166202\n",
      "----- N 6 segNum 15 -----\n",
      "detuning [-0.07788970076518809, -0.05256538533855625, -0.018800173813920237, 0.01880017381392047, 0.053197296326655895, 0.07152832786304969]\n",
      "tau 225.0\n",
      "mode [[-0.12350251  0.38498356 -0.58011618  0.58011618 -0.38498356  0.12350251]\n",
      " [ 0.26231938 -0.57657119  0.31425181  0.31425181 -0.57657119  0.26231938]\n",
      " [-0.40165268  0.44185272  0.37873645 -0.37873645 -0.44185272  0.40165268]\n",
      " [ 0.5143169  -0.0299832  -0.4843337  -0.4843337  -0.0299832   0.5143169 ]\n",
      " [ 0.56870226  0.39566884  0.14150586 -0.14150586 -0.39566884 -0.56870226]\n",
      " [-0.40824829 -0.40824829 -0.40824829 -0.40824829 -0.40824829 -0.40824829]]\n",
      "this ions should have laser shined:  [1 4]\n",
      ">>>>>>>>>> P and G calculate time used is: 2.4461491107940674 seconds\n",
      ">>>>>>>>>> optimization time used is: 0.18352198600769043 seconds\n",
      "segnum 15 (array([-0.08527284,  0.64286561, -1.7655439 ,  2.53226232, -1.51665118,\n",
      "       -0.80686569,  1.8136496 ,  0.04957299, -2.56130037,  2.40202177,\n",
      "        0.44505393, -2.88368315,  2.92964817, -1.48832647,  0.35831876]), array([-0.08527284,  0.64286561, -1.7655439 ,  2.53226232, -1.51665118,\n",
      "       -0.80686569,  1.8136496 ,  0.04957299, -2.56130037,  2.40202177,\n",
      "        0.44505393, -2.88368315,  2.92964817, -1.48832647,  0.35831876]))\n",
      "max_amp 2.929648168591302\n",
      "----- N 6 segNum 16 -----\n",
      "detuning [-0.07788970076518809, -0.05256538533855625, -0.018800173813920237, 0.01880017381392047, 0.053197296326655895, 0.07152832786304969]\n",
      "tau 240.0\n",
      "mode [[-0.12350251  0.38498356 -0.58011618  0.58011618 -0.38498356  0.12350251]\n",
      " [ 0.26231938 -0.57657119  0.31425181  0.31425181 -0.57657119  0.26231938]\n",
      " [-0.40165268  0.44185272  0.37873645 -0.37873645 -0.44185272  0.40165268]\n",
      " [ 0.5143169  -0.0299832  -0.4843337  -0.4843337  -0.0299832   0.5143169 ]\n",
      " [ 0.56870226  0.39566884  0.14150586 -0.14150586 -0.39566884 -0.56870226]\n",
      " [-0.40824829 -0.40824829 -0.40824829 -0.40824829 -0.40824829 -0.40824829]]\n",
      "this ions should have laser shined:  [1 4]\n",
      ">>>>>>>>>> P and G calculate time used is: 3.617741107940674 seconds\n",
      ">>>>>>>>>> optimization time used is: 0.48659491539001465 seconds\n",
      "segnum 16 (array([-0.15003338,  0.76074442, -1.51749528,  1.40514027, -0.07946585,\n",
      "       -0.68498854, -0.69561221,  2.71584841, -2.15291472, -1.02656571,\n",
      "        3.21370184, -2.07864001, -0.53023129,  1.75938726, -1.19675138,\n",
      "        0.34545522]), array([-0.15003338,  0.76074442, -1.51749528,  1.40514027, -0.07946585,\n",
      "       -0.68498854, -0.69561221,  2.71584841, -2.15291472, -1.02656571,\n",
      "        3.21370184, -2.07864001, -0.53023129,  1.75938726, -1.19675138,\n",
      "        0.34545522]))\n",
      "max_amp 3.21370183979312\n",
      "----- N 6 segNum 17 -----\n",
      "detuning [-0.07788970076518809, -0.05256538533855625, -0.018800173813920237, 0.01880017381392047, 0.053197296326655895, 0.07152832786304969]\n",
      "tau 254.99999999999997\n",
      "mode [[-0.12350251  0.38498356 -0.58011618  0.58011618 -0.38498356  0.12350251]\n",
      " [ 0.26231938 -0.57657119  0.31425181  0.31425181 -0.57657119  0.26231938]\n",
      " [-0.40165268  0.44185272  0.37873645 -0.37873645 -0.44185272  0.40165268]\n",
      " [ 0.5143169  -0.0299832  -0.4843337  -0.4843337  -0.0299832   0.5143169 ]\n",
      " [ 0.56870226  0.39566884  0.14150586 -0.14150586 -0.39566884 -0.56870226]\n",
      " [-0.40824829 -0.40824829 -0.40824829 -0.40824829 -0.40824829 -0.40824829]]\n"
     ]
    },
    {
     "ename": "KeyboardInterrupt",
     "evalue": "",
     "output_type": "error",
     "traceback": [
      "\u001b[0;31m---------------------------------------------------------------------------\u001b[0m",
      "\u001b[0;31mKeyboardInterrupt\u001b[0m                         Traceback (most recent call last)",
      "\u001b[1;32m/Users/hewenhao/Desktop/huawei/alg1_alg2/examples/simple/all copy.ipynb Cell 4'\u001b[0m in \u001b[0;36m<cell line: 2>\u001b[0;34m()\u001b[0m\n\u001b[1;32m      <a href='vscode-notebook-cell:/Users/hewenhao/Desktop/huawei/alg1_alg2/examples/simple/all%20copy.ipynb#ch0000003?line=0'>1</a>\u001b[0m \u001b[39mimport\u001b[39;00m \u001b[39moptimize_pulse\u001b[39;00m\n\u001b[0;32m----> <a href='vscode-notebook-cell:/Users/hewenhao/Desktop/huawei/alg1_alg2/examples/simple/all%20copy.ipynb#ch0000003?line=1'>2</a>\u001b[0m optimize_pulse\u001b[39m.\u001b[39;49moptimize_pulse()\n",
      "File \u001b[0;32m~/Desktop/huawei/alg1_alg2/examples/simple/optimize_pulse.py:57\u001b[0m, in \u001b[0;36moptimize_pulse\u001b[0;34m()\u001b[0m\n\u001b[1;32m     <a href='file:///Users/hewenhao/Desktop/huawei/alg1_alg2/examples/simple/optimize_pulse.py?line=52'>53</a>\u001b[0m \u001b[39m#error = p(N,segNum)\u001b[39;00m\n\u001b[1;32m     <a href='file:///Users/hewenhao/Desktop/huawei/alg1_alg2/examples/simple/optimize_pulse.py?line=53'>54</a>\u001b[0m \u001b[39m#in syc_amp MHz = us = 1\u001b[39;00m\n\u001b[1;32m     <a href='file:///Users/hewenhao/Desktop/huawei/alg1_alg2/examples/simple/optimize_pulse.py?line=54'>55</a>\u001b[0m syc \u001b[39m=\u001b[39m syc_amp(ion_number\u001b[39m=\u001b[39mN_ions,j_list\u001b[39m=\u001b[39mj_ions,omega\u001b[39m=\u001b[39m[(x \u001b[39m-\u001b[39m mu)\u001b[39m/\u001b[39mMHz \u001b[39mfor\u001b[39;00m x \u001b[39min\u001b[39;00m Z_freqcal],bij\u001b[39m=\u001b[39mnp\u001b[39m.\u001b[39mmatrix(Z_modes)\u001b[39m.\u001b[39mtranspose(),tau\u001b[39m=\u001b[39mdelta_t\u001b[39m*\u001b[39msegNum\u001b[39m/\u001b[39mus,segment_num\u001b[39m=\u001b[39msegNum,lamb_dicke\u001b[39m=\u001b[39mlamb_dicke,mu \u001b[39m=\u001b[39m mu\u001b[39m/\u001b[39mMHz)\n\u001b[0;32m---> <a href='file:///Users/hewenhao/Desktop/huawei/alg1_alg2/examples/simple/optimize_pulse.py?line=56'>57</a>\u001b[0m syc\u001b[39m.\u001b[39;49mfunc2_optimize_process_save_data(plotfig\u001b[39m=\u001b[39;49m\u001b[39mFalse\u001b[39;49;00m, pulse_symmetry \u001b[39m=\u001b[39;49m \u001b[39mFalse\u001b[39;49;00m, ions_same_amps \u001b[39m=\u001b[39;49m \u001b[39mTrue\u001b[39;49;00m)\n\u001b[1;32m     <a href='file:///Users/hewenhao/Desktop/huawei/alg1_alg2/examples/simple/optimize_pulse.py?line=59'>60</a>\u001b[0m syc\u001b[39m.\u001b[39mimport_amp()\n\u001b[1;32m     <a href='file:///Users/hewenhao/Desktop/huawei/alg1_alg2/examples/simple/optimize_pulse.py?line=60'>61</a>\u001b[0m ampList0,ampList1, max_amp \u001b[39m=\u001b[39m syc\u001b[39m.\u001b[39mprint_amp()\n",
      "File \u001b[0;32m~/Desktop/huawei/alg1_alg2/syc_amp/wave_pulse.py:47\u001b[0m, in \u001b[0;36msyc_amp.func2_optimize_process_save_data\u001b[0;34m(self, plotfig, pulse_symmetry, ions_same_amps, if_restrict, restrictNum, amp_restrict)\u001b[0m\n\u001b[1;32m     <a href='file:///Users/hewenhao/Desktop/huawei/alg1_alg2/syc_amp/wave_pulse.py?line=44'>45</a>\u001b[0m \u001b[39mdef\u001b[39;00m \u001b[39mfunc2_optimize_process_save_data\u001b[39m(\u001b[39mself\u001b[39m, plotfig \u001b[39m=\u001b[39m \u001b[39mFalse\u001b[39;00m, pulse_symmetry \u001b[39m=\u001b[39m \u001b[39mTrue\u001b[39;00m, ions_same_amps \u001b[39m=\u001b[39m \u001b[39mTrue\u001b[39;00m,if_restrict \u001b[39m=\u001b[39m \u001b[39mFalse\u001b[39;00m,restrictNum \u001b[39m=\u001b[39m \u001b[39mNone\u001b[39;00m,amp_restrict \u001b[39m=\u001b[39m \u001b[39m0.5\u001b[39m):\n\u001b[1;32m     <a href='file:///Users/hewenhao/Desktop/huawei/alg1_alg2/syc_amp/wave_pulse.py?line=45'>46</a>\u001b[0m     \u001b[39m#   1. 开始optimization的过程\u001b[39;00m\n\u001b[0;32m---> <a href='file:///Users/hewenhao/Desktop/huawei/alg1_alg2/syc_amp/wave_pulse.py?line=46'>47</a>\u001b[0m     op \u001b[39m=\u001b[39m AM_optimize(\u001b[39mself\u001b[39;49m\u001b[39m.\u001b[39;49mdetuning_list, \u001b[39mself\u001b[39;49m\u001b[39m.\u001b[39;49mgate_duration, \u001b[39mself\u001b[39;49m\u001b[39m.\u001b[39;49msegments_number, \u001b[39mself\u001b[39;49m\u001b[39m.\u001b[39;49mtheta, \u001b[39mself\u001b[39;49m\u001b[39m.\u001b[39;49meta, pulse_symmetry \u001b[39m=\u001b[39;49m pulse_symmetry, ions_same_amps \u001b[39m=\u001b[39;49m ions_same_amps)\n\u001b[1;32m     <a href='file:///Users/hewenhao/Desktop/huawei/alg1_alg2/syc_amp/wave_pulse.py?line=47'>48</a>\u001b[0m     op\u001b[39m.\u001b[39m_optimizer_AM()\n\u001b[1;32m     <a href='file:///Users/hewenhao/Desktop/huawei/alg1_alg2/syc_amp/wave_pulse.py?line=48'>49</a>\u001b[0m     \u001b[39mself\u001b[39m\u001b[39m.\u001b[39mP \u001b[39m=\u001b[39m op\u001b[39m.\u001b[39mP\n",
      "File \u001b[0;32m~/Desktop/huawei/alg1_alg2/syc_amp/pakages/quantum_dynamics_simulation/AM_optimization.py:152\u001b[0m, in \u001b[0;36mAM_optimize.__init__\u001b[0;34m(self, detuning_list, gate_duration, segments_number, theta, eta, pulse_symmetry, ions_same_amps)\u001b[0m\n\u001b[1;32m    <a href='file:///Users/hewenhao/Desktop/huawei/alg1_alg2/syc_amp/pakages/quantum_dynamics_simulation/AM_optimization.py?line=149'>150</a>\u001b[0m time_start \u001b[39m=\u001b[39m time\u001b[39m.\u001b[39mtime()\n\u001b[1;32m    <a href='file:///Users/hewenhao/Desktop/huawei/alg1_alg2/syc_amp/pakages/quantum_dynamics_simulation/AM_optimization.py?line=150'>151</a>\u001b[0m \u001b[39mself\u001b[39m\u001b[39m.\u001b[39mP \u001b[39m=\u001b[39m calculator_P(detuning_list, gate_duration, segments_number)  \u001b[39m# define tensor P\u001b[39;00m\n\u001b[0;32m--> <a href='file:///Users/hewenhao/Desktop/huawei/alg1_alg2/syc_amp/pakages/quantum_dynamics_simulation/AM_optimization.py?line=151'>152</a>\u001b[0m \u001b[39mself\u001b[39m\u001b[39m.\u001b[39mG \u001b[39m=\u001b[39m calculator_G(detuning_list, gate_duration, segments_number, eta)  \u001b[39m# define tensor G\u001b[39;00m\n\u001b[1;32m    <a href='file:///Users/hewenhao/Desktop/huawei/alg1_alg2/syc_amp/pakages/quantum_dynamics_simulation/AM_optimization.py?line=152'>153</a>\u001b[0m \u001b[39mself\u001b[39m\u001b[39m.\u001b[39mtheta \u001b[39m=\u001b[39m tf\u001b[39m.\u001b[39mconstant(theta, dtype\u001b[39m=\u001b[39mtf\u001b[39m.\u001b[39mdtypes\u001b[39m.\u001b[39mcomplex128)  \u001b[39m# transfer the target interaction\u001b[39;00m\n\u001b[1;32m    <a href='file:///Users/hewenhao/Desktop/huawei/alg1_alg2/syc_amp/pakages/quantum_dynamics_simulation/AM_optimization.py?line=153'>154</a>\u001b[0m \u001b[39mself\u001b[39m\u001b[39m.\u001b[39mions_on_index \u001b[39m=\u001b[39m \u001b[39mself\u001b[39m\u001b[39m.\u001b[39mtheta_non_zero_index()     \u001b[39m#   通过theta的值，看哪些离子上应该打光\u001b[39;00m\n",
      "File \u001b[0;32m~/Desktop/huawei/alg1_alg2/syc_amp/pakages/quantum_dynamics_simulation/AM_optimization.py:110\u001b[0m, in \u001b[0;36mcalculator_G\u001b[0;34m(detuning_list, duration, number_of_segments, eta)\u001b[0m\n\u001b[1;32m    <a href='file:///Users/hewenhao/Desktop/huawei/alg1_alg2/syc_amp/pakages/quantum_dynamics_simulation/AM_optimization.py?line=106'>107</a>\u001b[0m \u001b[39mdef\u001b[39;00m \u001b[39mcalculator_G\u001b[39m(detuning_list, duration, number_of_segments, eta):\n\u001b[1;32m    <a href='file:///Users/hewenhao/Desktop/huawei/alg1_alg2/syc_amp/pakages/quantum_dynamics_simulation/AM_optimization.py?line=107'>108</a>\u001b[0m     spin_number \u001b[39m=\u001b[39m \u001b[39mlen\u001b[39m(detuning_list)\n\u001b[0;32m--> <a href='file:///Users/hewenhao/Desktop/huawei/alg1_alg2/syc_amp/pakages/quantum_dynamics_simulation/AM_optimization.py?line=109'>110</a>\u001b[0m     G_int_terms_real, G_int_terms_imag \u001b[39m=\u001b[39m pre_process_G_integral(detuning_list, duration, number_of_segments, eta)\n\u001b[1;32m    <a href='file:///Users/hewenhao/Desktop/huawei/alg1_alg2/syc_amp/pakages/quantum_dynamics_simulation/AM_optimization.py?line=111'>112</a>\u001b[0m     G_real \u001b[39m=\u001b[39m [[calculator_G_ijspecified_real(G_int_terms_real, detuning_list, duration, number_of_segments, eta, i, j) \\\n\u001b[1;32m    <a href='file:///Users/hewenhao/Desktop/huawei/alg1_alg2/syc_amp/pakages/quantum_dynamics_simulation/AM_optimization.py?line=112'>113</a>\u001b[0m                \u001b[39mfor\u001b[39;00m i \u001b[39min\u001b[39;00m np\u001b[39m.\u001b[39marange(spin_number)] \u001b[39mfor\u001b[39;00m j \u001b[39min\u001b[39;00m np\u001b[39m.\u001b[39marange(spin_number)]\n\u001b[1;32m    <a href='file:///Users/hewenhao/Desktop/huawei/alg1_alg2/syc_amp/pakages/quantum_dynamics_simulation/AM_optimization.py?line=113'>114</a>\u001b[0m                \u001b[39m#for [i,j] in\u001b[39;00m\n",
