{
 "cells": [
  {
   "cell_type": "code",
   "execution_count": 1,
   "metadata": {},
   "outputs": [],
   "source": [
    "\n",
    "import os\n",
    "import shutil\n",
    "shutil.rmtree('./configurations')"
   ]
  },
  {
   "cell_type": "code",
   "execution_count": 2,
   "metadata": {},
   "outputs": [
    {
     "name": "stdout",
     "output_type": "stream",
     "text": [
      "---  new folder ./configurations/N10  ---\n",
      "---  new folder ./configurations/N11  ---\n",
      "---  new folder ./configurations/N12  ---\n"
     ]
    }
   ],
   "source": [
    "import set_configs\n",
    "set_configs.create_config()"
   ]
  },
  {
   "cell_type": "code",
   "execution_count": 3,
   "metadata": {},
   "outputs": [
    {
     "name": "stdout",
     "output_type": "stream",
     "text": [
      "--- N = 12 finished ---\n",
      "--- N = 11 finished ---\n",
      "--- N = 10 finished ---\n"
     ]
    }
   ],
   "source": [
    "import compute_phonon\n",
    "compute_phonon.compute_phonon()"
   ]
  },
  {
   "cell_type": "code",
   "execution_count": 4,
   "metadata": {},
   "outputs": [
    {
     "name": "stdout",
     "output_type": "stream",
     "text": [
      "[[-0.04681986573204303, 0.10330985234828216, -0.16870564029404372, 0.2377656032452239, -0.3051468752100612, -0.3656637777814978, -0.41417233048413493, 0.44618896662711277, 0.45243007450509876, -0.3162277660168387], [0.16116683117679326, -0.3155896291910604, 0.42518803429475227, -0.44825846709583805, 0.36747022079785396, 0.1951550509434193, -0.02879841996816453, 0.24775398829324227, 0.3967072924148363, -0.31622776601684094], [-0.2940023335642033, 0.45283534325762065, -0.3753508533904672, 0.08292432694065356, 0.25635678803525663, 0.4332865782092737, 0.33429891348008256, -0.01806790087100625, 0.308544645703244, -0.316227766016839], [0.4060391075782066, -0.39932699211597583, -0.01250797923516153, 0.40106646097861226, -0.3414748133611321, 0.09876444629480138, 0.42441105421166536, -0.26444135719243084, 0.19556585201787138, -0.3162277660168367], [-0.46960411377795125, 0.1587714257011334, 0.38692225283645626, -0.2734979240686521, -0.29921091297701596, -0.36154229766600443, 0.18908047275608186, -0.4114336968569238, 0.06696678998268087, -0.3162277660168351], [0.4696041137779426, 0.15877142570113692, -0.3869222528364637, -0.27349792406864476, 0.2992109129770143, -0.36154229766600077, -0.18908047275608011, -0.4114336968569274, -0.0669667899826884, -0.3162277660168397], [-0.406039107578192, -0.39932699211598044, 0.012507979235181528, 0.40106646097861676, 0.34147481336113006, 0.09876444629480804, -0.42441105421166186, -0.26444135719243317, -0.19556585201787594, -0.31622776601683855], [0.29400233356419186, 0.4528353432576347, 0.37535085339046076, 0.0829243269406398, -0.2563567880352644, 0.43328657820927685, -0.33429891348007423, -0.01806790087100148, -0.30854464570324663, -0.3162277660168385], [-0.1611668311767904, -0.3155896291910784, -0.4251880342947583, -0.448258467095828, -0.3674702207978498, 0.19515505094341762, 0.028798419968165193, 0.24775398829324635, -0.39670729241483255, -0.3162277660168366], [0.046819865732041534, 0.10330985234828696, 0.16870564029404542, 0.23776560324521911, 0.3051468752100604, -0.3656637777815, 0.41417233048413, 0.4461889666271213, -0.4524300745050963, -0.31622776601683567]]\n",
      "----- N 10 segNum 36 -----\n",
      "detuning [-0.07566233277722774, -0.06552320798008959, -0.05096413684713515, -0.03266125272548781, -0.011480987793480744, 0.011480987793480512, 0.034823894277761225, 0.0566863753034384, 0.07429894613005919, 0.0827273457947136]\n",
      "tau 539.9999999999999\n",
      "mode [[-0.04681987  0.16116683 -0.29400233  0.40603911 -0.46960411  0.46960411\n",
      "  -0.40603911  0.29400233 -0.16116683  0.04681987]\n",
      " [ 0.10330985 -0.31558963  0.45283534 -0.39932699  0.15877143  0.15877143\n",
      "  -0.39932699  0.45283534 -0.31558963  0.10330985]\n",
      " [-0.16870564  0.42518803 -0.37535085 -0.01250798  0.38692225 -0.38692225\n",
      "   0.01250798  0.37535085 -0.42518803  0.16870564]\n",
      " [ 0.2377656  -0.44825847  0.08292433  0.40106646 -0.27349792 -0.27349792\n",
      "   0.40106646  0.08292433 -0.44825847  0.2377656 ]\n",
      " [-0.30514688  0.36747022  0.25635679 -0.34147481 -0.29921091  0.29921091\n",
      "   0.34147481 -0.25635679 -0.36747022  0.30514688]\n",
      " [-0.36566378  0.19515505  0.43328658  0.09876445 -0.3615423  -0.3615423\n",
      "   0.09876445  0.43328658  0.19515505 -0.36566378]\n",
      " [-0.41417233 -0.02879842  0.33429891  0.42441105  0.18908047 -0.18908047\n",
      "  -0.42441105 -0.33429891  0.02879842  0.41417233]\n",
      " [ 0.44618897  0.24775399 -0.0180679  -0.26444136 -0.4114337  -0.4114337\n",
      "  -0.26444136 -0.0180679   0.24775399  0.44618897]\n",
      " [ 0.45243007  0.39670729  0.30854465  0.19556585  0.06696679 -0.06696679\n",
      "  -0.19556585 -0.30854465 -0.39670729 -0.45243007]\n",
      " [-0.31622777 -0.31622777 -0.31622777 -0.31622777 -0.31622777 -0.31622777\n",
      "  -0.31622777 -0.31622777 -0.31622777 -0.31622777]]\n"
     ]
    },
    {
     "name": "stderr",
     "output_type": "stream",
     "text": [
      "2022-04-28 14:18:25.046324: I tensorflow/core/platform/cpu_feature_guard.cc:151] This TensorFlow binary is optimized with oneAPI Deep Neural Network Library (oneDNN) to use the following CPU instructions in performance-critical operations:  AVX2 FMA\n",
      "To enable them in other operations, rebuild TensorFlow with the appropriate compiler flags.\n"
     ]
    }
   ],
   "source": [
    "import optimize_pulse\n",
    "optimize_pulse.optimize_pulse()\n"
   ]
  },
  {
   "cell_type": "code",
   "execution_count": null,
   "metadata": {},
   "outputs": [],
   "source": [
    "import simu_heating\n",
    "simu_heating.num_heating_error()\n",
    "simu_heating.bound_eq26()"
   ]
  }
 ],
 "metadata": {
  "interpreter": {
   "hash": "654d61ce0e3d19450285a7adc75acb17b8bbd5f73dcd7a6500957e93c9dcc42d"
  },
  "kernelspec": {
   "display_name": "Python 3.10.4 ('alg1_alg2')",
   "language": "python",
   "name": "python3"
  },
  "language_info": {
   "codemirror_mode": {
    "name": "ipython",
    "version": 3
   },
   "file_extension": ".py",
   "mimetype": "text/x-python",
   "name": "python",
   "nbconvert_exporter": "python",
   "pygments_lexer": "ipython3",
   "version": "3.8.8"
  },
  "orig_nbformat": 4
 },
 "nbformat": 4,
 "nbformat_minor": 2
}
