[shined]
shined = [2, 7]

[amplitude]
pulse_type = AM
shape = rectangular
mu = 2097272.6542052864
delta_t = 1.4999999999999999e-05
segnum = 38
amp_list0 = [0.3128005780158445, -0.7182299535342764, 0.5070268173527864, 0.4195324522304525, -0.658629955432585, -0.3178669947211533, 0.7534020326366903, 0.2989627165934318, -0.8315978860126392, -0.33767578273723625, 0.8861219802017856, 0.4076729203757578, -0.9196824600411728, -0.4977633115867415, 0.9253029692129427, 0.6124761286376007, -0.8742947263285658, -0.6856537505018101, 0.8532907494965033, 0.811241867866722, -0.7314734144156605, -0.8456202444046225, 0.6593679885858986, 0.8900176166780748, -0.5503127232640377, -0.8967984252671636, 0.45168608264371835, 0.8676562486054501, -0.38216445909564145, -0.8144421409379253, 0.34096723126373724, 0.7423245384268707, -0.3474515367760797, -0.6391576333302733, 0.4495419277799669, 0.4916932386864355, -0.7224491281775529, 0.3284488257177719]
amp_list1 = [0.3128005780158445, -0.7182299535342764, 0.5070268173527864, 0.4195324522304525, -0.658629955432585, -0.3178669947211533, 0.7534020326366903, 0.2989627165934318, -0.8315978860126392, -0.33767578273723625, 0.8861219802017856, 0.4076729203757578, -0.9196824600411728, -0.4977633115867415, 0.9253029692129427, 0.6124761286376007, -0.8742947263285658, -0.6856537505018101, 0.8532907494965033, 0.811241867866722, -0.7314734144156605, -0.8456202444046225, 0.6593679885858986, 0.8900176166780748, -0.5503127232640377, -0.8967984252671636, 0.45168608264371835, 0.8676562486054501, -0.38216445909564145, -0.8144421409379253, 0.34096723126373724, 0.7423245384268707, -0.3474515367760797, -0.6391576333302733, 0.4495419277799669, 0.4916932386864355, -0.7224491281775529, 0.3284488257177719]

