[phonon]
partialpos = [0.0e+00 5.0e-06 1.0e-05 1.5e-05 2.0e-05 2.5e-05 3.0e-05 3.5e-05 4.0e-05
	 4.5e-05]
z_freqcal = [2021610.3214280587, 2031749.4462251968, 2046308.5173581513, 2064611.4014797986, 2085791.6664118057, 2108753.641998767, 2132096.5484830476, 2153959.029508725, 2171571.6003353456, 2180000.0]
z_modes = [[-0.04681986573204303, 0.10330985234828216, -0.16870564029404372, 0.2377656032452239, -0.3051468752100612, -0.3656637777814978, -0.41417233048413493, 0.44618896662711277, 0.45243007450509876, -0.3162277660168387], [0.16116683117679326, -0.3155896291910604, 0.42518803429475227, -0.44825846709583805, 0.36747022079785396, 0.1951550509434193, -0.02879841996816453, 0.24775398829324227, 0.3967072924148363, -0.31622776601684094], [-0.2940023335642033, 0.45283534325762065, -0.3753508533904672, 0.08292432694065356, 0.25635678803525663, 0.4332865782092737, 0.33429891348008256, -0.01806790087100625, 0.308544645703244, -0.316227766016839], [0.4060391075782066, -0.39932699211597583, -0.01250797923516153, 0.40106646097861226, -0.3414748133611321, 0.09876444629480138, 0.42441105421166536, -0.26444135719243084, 0.19556585201787138, -0.3162277660168367], [-0.46960411377795125, 0.1587714257011334, 0.38692225283645626, -0.2734979240686521, -0.29921091297701596, -0.36154229766600443, 0.18908047275608186, -0.4114336968569238, 0.06696678998268087, -0.3162277660168351], [0.4696041137779426, 0.15877142570113692, -0.3869222528364637, -0.27349792406864476, 0.2992109129770143, -0.36154229766600077, -0.18908047275608011, -0.4114336968569274, -0.0669667899826884, -0.3162277660168397], [-0.406039107578192, -0.39932699211598044, 0.012507979235181528, 0.40106646097861676, 0.34147481336113006, 0.09876444629480804, -0.42441105421166186, -0.26444135719243317, -0.19556585201787594, -0.31622776601683855], [0.29400233356419186, 0.4528353432576347, 0.37535085339046076, 0.0829243269406398, -0.2563567880352644, 0.43328657820927685, -0.33429891348007423, -0.01806790087100148, -0.30854464570324663, -0.3162277660168385], [-0.1611668311767904, -0.3155896291910784, -0.4251880342947583, -0.448258467095828, -0.3674702207978498, 0.19515505094341762, 0.028798419968165193, 0.24775398829324635, -0.39670729241483255, -0.3162277660168366], [0.046819865732041534, 0.10330985234828696, 0.16870564029404542, 0.23776560324521911, 0.3051468752100604, -0.3656637777815, 0.41417233048413, 0.4461889666271213, -0.4524300745050963, -0.31622776601683567]]

