[result]
infid = 0.0374954807010075
tracedist = 0.07441637106958969
infid_ideal = -3.594886952140719e-05
bound_eq26 = 0.157063245987192

