[shined]
shined = [0, 1]

[amplitude]
pulse_type = AM
shape = rectangular
mu = 2102637.7932052407
delta_t = 1.4999999999999999e-05
segnum = 48
amp_list0 = [0.04002584028902896, -0.1996748959476857, 0.02651062675072282, 0.19893980404289713, 0.09411778867049006, -0.19974581195027746, -0.09424469674057527, 0.19906796589470732, 0.11498211921702257, -0.1995733386530391, -0.19952905889583322, 0.18622379781701764, 0.19916170843415149, 0.00010954934176018086, -0.19977675436749273, -0.19901243228645807, 0.18492658438505058, 0.1947175185065192, -0.16507582970244233, -0.19679595458756888, 0.19111850168167885, 0.19969423413511686, 0.02894881750123566, -0.19951933473267647, -0.19963088815219202, 0.03516509710678948, 0.19975656882616724, 0.191482108559026, -0.19785868851892285, -0.1820240990014452, 0.1935350733772699, 0.17259542382148346, -0.1989144466901268, -0.19941713489768984, 0.001179312433960594, 0.19926656647171598, 0.18422892689129058, -0.19959942611853188, -0.19979582314677613, 0.11033405048979981, 0.19842995173024536, -0.08866451896765147, -0.19836845631291977, 0.08431474028607015, 0.19902100718001947, 0.014885672223841774, -0.19961879307546485, 0.02712721427510175]
amp_list1 = [0.04002584028902896, -0.1996748959476857, 0.02651062675072282, 0.19893980404289713, 0.09411778867049006, -0.19974581195027746, -0.09424469674057527, 0.19906796589470732, 0.11498211921702257, -0.1995733386530391, -0.19952905889583322, 0.18622379781701764, 0.19916170843415149, 0.00010954934176018086, -0.19977675436749273, -0.19901243228645807, 0.18492658438505058, 0.1947175185065192, -0.16507582970244233, -0.19679595458756888, 0.19111850168167885, 0.19969423413511686, 0.02894881750123566, -0.19951933473267647, -0.19963088815219202, 0.03516509710678948, 0.19975656882616724, 0.191482108559026, -0.19785868851892285, -0.1820240990014452, 0.1935350733772699, 0.17259542382148346, -0.1989144466901268, -0.19941713489768984, 0.001179312433960594, 0.19926656647171598, 0.18422892689129058, -0.19959942611853188, -0.19979582314677613, 0.11033405048979981, 0.19842995173024536, -0.08866451896765147, -0.19836845631291977, 0.08431474028607015, 0.19902100718001947, 0.014885672223841774, -0.19961879307546485, 0.02712721427510175]

