[phonon]
partialpos = [0.0e+00 5.0e-06 1.0e-05 1.5e-05 2.0e-05 2.5e-05 3.0e-05 3.5e-05 4.0e-05
	 4.5e-05 5.0e-05 5.5e-05 6.0e-05 6.5e-05 7.0e-05 7.5e-05 8.0e-05 8.5e-05
	 9.0e-05 9.5e-05 1.0e-04]
z_freqcal = [2017397.5585127985, 2019834.4514336276, 2023455.3803896853, 2028217.8379843358, 2034070.1945220213, 2040950.5992842333, 2048786.4780978695, 2057494.0845386202, 2066977.9545811452, 2077130.14087855, 2087829.1337644828, 2098938.268508086, 2110303.465759533, 2121749.820691686, 2133076.680239074, 2144049.73993837, 2154388.9474094776, 2163746.0623573363, 2171665.012910963, 2177472.774502908, 2179999.9999999995]
z_modes = [[0.010937799537230996, -0.02442405938621846, 0.040772949787004964, -0.05943917775964427, 0.07995297193891854, -0.10187198885186337, 0.12476202217522511, 0.14818738147899477, 0.1717124942254279, 0.19489969670919063, 0.21731850077218925, -0.23854155792720733, 0.25816077362776413, -0.2757728390725696, 0.29100849899754705, -0.30348401660421565, -0.3128693765611338, -0.31867639415198296, 0.32048112864746, -0.31454288960071275, -0.21821789023598953], [-0.039371078345129984, 0.08558604372510752, -0.13714962015268672, 0.1891012261591868, -0.236748050713505, 0.2758040775944111, -0.30260121297578996, -0.31431562105453703, -0.3091558208429393, -0.28650240145352807, -0.2469611323173116, 0.19235248892794554, -0.12559323853010837, 0.05053937561513737, 0.02828890166823038, -0.10593717498806994, -0.1774062092612495, -0.23772621393783533, 0.2824707234542294, -0.3044335463895649, -0.2182178902359893], [0.07790857061383144, -0.16125672160341223, 0.23921108533390878, -0.2952246816233455, 0.31674818763500956, -0.2970442936661118, 0.23628160692729777, 0.14159971255476583, 0.02607233886420019, -0.09332479123127396, -0.19840719240301796, 0.27274665003079357, -0.3043702362970747, 0.2878279007084945, -0.225164354958149, 0.1258105841559059, 0.005123653613171732, -0.11764721823405021, 0.222529079790295, -0.28799052566261857, -0.21821789023598864], [-0.12171788135859346, 0.23388325604576188, -0.3063171069963612, 0.3095318782583642, -0.23531855112888503, 0.09926838655806047, 0.06350365031109591, 0.20844443468770862, 0.2946559106170465, 0.29715063308117806, 0.2146371040895867, -0.07039227167524509, -0.09408763749958465, 0.23098181254719777, -0.29999490942862655, 0.28032737203513747, 0.17686557428862693, 0.01940996079505113, 0.14596558805543422, -0.2657423441817834, -0.21821789023599078], [0.16731116071150107, -0.28976606893203594, 0.312661670819973, -0.2116382351003541, 0.022202093402458517, 0.17599138378351842, -0.29564400633255034, -0.28259736342796227, -0.141924592021647, 0.06310512099023911, 0.23921024486734335, -0.3056581663397312, 0.23165752929398342, -0.05100138243294438, -0.15294077505961579, 0.2854988660637819, 0.284284721437828, 0.14878915484070868, 0.05911235558804594, -0.23822787133215015, -0.21821789023598936], [-0.21159711107249754, 0.3184137380643948, -0.25001508980524095, 0.03237477037142918, 0.20353906145679534, -0.30794731042673557, 0.21272387481843671, -0.020941767985060394, -0.2405007862502521, -0.3016321711742903, -0.1637538803783243, -0.08229090241382968, 0.27369301293638976, -0.28336992887625345, 0.1047502994367623, 0.1433162644216801, 0.29482593228289644, 0.2474874867532939, -0.031011142275319915, -0.20604023481800882, -0.21821789023599017], [0.2518689959011612, -0.313602199921529, 0.12947336512501817, 0.1595349272734808, -0.30801381938667727, 0.18645460673779787, 0.09882969551201537, 0.2960089039509349, 0.23017135524731683, -0.040312018026855814, -0.27454174855398805, 0.26346764720554366, -0.016872042974894225, -0.24465858085234127, 0.28686754289938726, -0.0718071159848564, 0.20706667375706653, 0.2981890978561977, -0.11719002730686356, -0.16983696446818977, -0.21821789023598737], [-0.28578235859285955, 0.27387461797269586, 0.021838233853666147, -0.2871476688803707, 0.22742718709935766, 0.08942169163730768, -0.3033619282851742, -0.17059257407309622, 0.1569982450413798, 0.30429978314174116, 0.10251166868650415, 0.21671406034179733, -0.2866510930672122, 0.02696033478918239, 0.2635877873132689, -0.2504094488303917, 0.05097627865633218, 0.29233172088922077, -0.1925561205193188, -0.1303376994550151, -0.21821789023598917], [0.3114325268125999, -0.20265595661917774, -0.1678190291735349, 0.2981183152071674, -0.009439230309739727, -0.29082239916080044, 0.17893342441177823, -0.1860179573424112, -0.28647282370008215, 0.01981602123675705, 0.2975840098256394, -0.1521423458738135, -0.20944434823564143, 0.27274126694142625, 0.05222273146969424, -0.30249164167332243, -0.12183795759924677, 0.23161821707326277, -0.2511168640418484, -0.0883160603538265, -0.21821789023598856], [-0.3274032153967611, 0.1076968918334827, 0.2728460967354691, -0.18740741494415725, -0.21422533886435577, 0.24964162988667965, 0.1398384525978569, 0.2900362458726414, -0.05450643598570499, -0.30551947939115703, -0.03485873713293518, -0.2950024616476787, 0.12090724716737583, 0.25947153496597064, -0.19622767202590388, -0.20211760586406052, -0.2547824532078974, 0.12768769785919784, -0.28822172458238876, -0.044588295694369576, -0.21821789023598775], [0.33282518237902814, 5.58142224858759e-14, -0.31100511105442197, -4.4526847981157874e-14, 0.30775097774123844, 1.0633871021981183e-14, -0.30653115832037175, 2.2319611848661574e-15, 0.3059002296105018, -5.038063232389894e-15, -0.30547767491137806, -1.0654256471716345e-14, 0.3052000671579845, 5.8016011087029494e-15, -0.3047961006251773, 6.527600560614138e-15, -0.3044936748128026, 5.362975335542233e-15, -0.30092599361945277, -5.401655960451756e-15, -0.2182178902359894], [-0.32740321539671413, -0.10769689183358717, 0.2728460967354603, 0.18740741494422608, -0.21422533886433562, -0.24964162988668862, 0.1398384525978324, -0.29003624587263893, -0.05450643598568855, 0.3055194793911547, -0.03485873713293394, 0.29500246164767185, 0.12090724716739673, -0.2594715349659634, -0.19622767202590893, 0.20211760586406965, -0.25478245320789467, -0.12768769785918938, -0.2882217245823922, 0.04458829569436288, -0.2182178902359927], [0.31143252681251316, 0.20265595661926414, -0.16781902917351865, -0.2981183152071888, -0.009439230309770242, 0.2908223991607901, 0.17893342441180354, 0.186017957342408, -0.2864728237000925, -0.01981602123675096, 0.2975840098256467, 0.15214234587382802, -0.20944434823562927, -0.2727412669414297, 0.05222273146968838, 0.3024916416733236, -0.12183795759924157, -0.23161821707325908, -0.25111686404185124, 0.08831606035382254, -0.21821789023599425], [-0.28578235859275636, -0.27387461797277596, 0.02183823385364616, 0.2871476688803546, 0.22742718709939255, -0.08942169163729421, -0.303361928285187, 0.17059257407309633, 0.15699824504137727, -0.3042997831417434, 0.10251166868649862, -0.21671406034178745, -0.28665109306722414, -0.026960334789190778, 0.26358778731327037, 0.2504094488303841, 0.05097627865634159, -0.2923317208892236, -0.19255612051932405, 0.1303376994550098, -0.21821789023599414], [0.2518689959010603, 0.31360219992160654, 0.1294733651250308, -0.1595349272734531, -0.3080138193867012, -0.18645460673778808, 0.09882969551201651, -0.29600890395092844, 0.23017135524731447, 0.0403120180268573, -0.2745417485539912, -0.2634676472055415, -0.0168720429749098, 0.24465858085233008, 0.286867542899385, 0.0718071159848423, 0.20706667375707105, -0.2981890978562036, -0.11719002730687157, 0.1698369644681852, -0.21821789023599525], [-0.2115971110724095, -0.31841373806446804, -0.2500150898052439, -0.03237477037145522, 0.2035390614567964, 0.3079473104267123, 0.21272387481844782, 0.02094176798505589, -0.24050078625024726, 0.3016321711742942, -0.16375388037832372, 0.08229090241381985, 0.2736930129363938, 0.28336992887625406, 0.10475029943675922, -0.14331626442169162, 0.29482593228288817, -0.24748748675329155, -0.03101114227532264, 0.20604023481800343, -0.2182178902359951], [0.16731116071142618, 0.28976606893209156, 0.31266167081995755, 0.21163823510036361, 0.02220209340248441, -0.17599138378349374, -0.29564400633255933, 0.28259736342796066, -0.14192459202164695, -0.0631051209902421, 0.2392102448673446, 0.3056581663397218, 0.23165752929400224, 0.05100138243295689, -0.1529407750596177, -0.28549886606378894, 0.28428472143781736, -0.14878915484070773, 0.059112355588043265, 0.23822787133214648, -0.21821789023599644], [-0.12171788135853788, -0.23388325604580268, -0.30631710699633635, -0.30953187825835504, -0.23531855112892358, -0.09926838655806962, 0.06350365031108991, -0.20844443468770313, 0.29465591061704405, -0.297150633081183, 0.21463710408958733, 0.07039227167524945, -0.0940876374995765, -0.2309818125471906, -0.2999949094286328, -0.2803273720351402, 0.17686557428861685, -0.019409960795049738, 0.1459655880554324, 0.2657423441817793, -0.21821789023599708], [0.07790857061379296, 0.16125672160343418, 0.2392110853338805, 0.2952246816233252, 0.3167481876350444, 0.29704429366610086, 0.23628160692731223, -0.14159971255476847, 0.02607233886420251, 0.0933247912312739, -0.19840719240301516, -0.27274665003077664, -0.3043702362970821, -0.28782790070849656, -0.2251643549581569, -0.1258105841559068, 0.005123653613169653, 0.11764721823404921, 0.2225290797902947, 0.28799052566261774, -0.21821789023599802], [-0.03937107834510898, -0.08558604372511587, -0.13714962015266569, -0.18910122615916833, -0.23674805071352548, -0.27580407759439624, -0.3026012129758053, 0.31431562105453736, -0.30915582084293763, 0.286502401453532, -0.24696113231731143, -0.19235248892793946, -0.1255932385301164, -0.050539375615140644, 0.028288901668232457, 0.10593717498807537, -0.17740620926124512, 0.23772621393783264, 0.28247072345422924, 0.3044335463895642, -0.21821789023599894], [0.010937799537225231, 0.024424059386220623, 0.04077294978699825, 0.05943917775963771, 0.07995297193892405, 0.10187198885185592, 0.12476202217523058, -0.1481873814789966, 0.1717124942254304, -0.19489969670919496, 0.21731850077218529, 0.23854155792718956, 0.2581607736277681, 0.2757728390725716, 0.29100849899756137, 0.30348401660422664, -0.31286937656112396, 0.3186763941519781, 0.3204811286474584, 0.3145428896007111, -0.21821789023599827]]

