[shined]
shined = [0, 1]

[amplitude]
pulse_type = AM
shape = rectangular
mu = 2116870.9727079733
delta_t = 1.4999999999999999e-05
segnum = 17
amp_list0 = [0.46943592337903417, -0.11787867360550494, -0.46914389172912885, 0.33453704826579767, 0.4914862820120028, -0.19083136804617984, -0.4796485430954546, 0.3623736131925679, 0.4085322376859023, 0.36926555138527106, -0.47809444377790017, -0.19970442556455853, 0.49489977767459603, 0.3362078892231704, -0.46614230469338147, -0.12483565621925205, 0.472909493357531]
amp_list1 = [0.46943592337903417, -0.11787867360550494, -0.46914389172912885, 0.33453704826579767, 0.4914862820120028, -0.19083136804617984, -0.4796485430954546, 0.3623736131925679, 0.4085322376859023, 0.36926555138527106, -0.47809444377790017, -0.19970442556455853, 0.49489977767459603, 0.3362078892231704, -0.46614230469338147, -0.12483565621925205, 0.472909493357531]

