[result]
bound_eq26 = 0.0224726686425861
infid = 0.006373594550402983
tracedist = 0.01278205691871331
infid_ideal = -6.240830392911789e-06

