[shined]
shined = [1, 2]

[amplitude]
pulse_type = AM
shape = rectangular
mu = 2120715.9640812515
delta_t = 1.4999999999999999e-05
segnum = 12
amp_list0 = [0.2223854605536045, -0.6622662326696607, 0.6765919291870788, 0.15761794047137725, -0.9348923927562574, 0.4970428525498707, 0.6406634069440722, -0.8751226058727823, 0.004995781616779588, 0.721531492770269, -0.6000388598651792, 0.17436432454160686]
amp_list1 = [0.2223854605536045, -0.6622662326696607, 0.6765919291870788, 0.15761794047137725, -0.9348923927562574, 0.4970428525498707, 0.6406634069440722, -0.8751226058727823, 0.004995781616779588, 0.721531492770269, -0.6000388598651792, 0.17436432454160686]

