[result]
infid = 0.0029872755416360253
tracedist = 0.006155116144524561
infid_ideal = -5.641189205762842e-06
bound_eq26 = 0.0120758151660462

