[shined]
shined = [4, 12]

[amplitude]
pulse_type = AM
shape = rectangular
mu = 2083254.8402371262
delta_t = 1.4999999999999999e-05
segnum = 60
amp_list0 = [-0.21419601826079013, 0.5591490672204699, -0.5375856795515981, -0.20641131926223463, 0.5970613628972261, -0.005241159921744681, -0.6610739130992922, 0.059062896515654585, 0.6131643040079414, -0.18952388507301104, -0.6455317720870615, 0.17467108697621844, 0.5984238420528253, -0.3590992177034253, -0.5877665226015184, 0.2695614782424087, 0.6284498808799539, -0.4867852463359732, -0.5817513479560652, 0.38635347891202654, 0.6122914159410947, -0.5273176866483713, -0.6218392641965709, 0.4871615472236024, 0.599156275797481, -0.5442712512037331, -0.6126692443352352, 0.536966284488184, 0.5790104784188492, -0.572170622229724, -0.5783119607283792, 0.5730089766779919, 0.5436966201486948, -0.6076609376793479, -0.5503027221795866, 0.5894090417578915, 0.4997070988638555, -0.6283708500437738, -0.5159482337428437, 0.5749654496230049, 0.4315359654486843, -0.6221025696381602, -0.44422567702557236, 0.5623272044095101, 0.32592150086611904, -0.6365741458125707, -0.3148509767386117, 0.5772290154262895, 0.19191021713456521, -0.6481498902876981, -0.20161085925560718, 0.6196032663321054, 0.06484926166645961, -0.6641619657989828, -0.015137592586432064, 0.6120723821087213, -0.21518664510231375, -0.5361468221042193, 0.5600217334475973, -0.2145954637754849]
amp_list1 = [-0.21419601826079013, 0.5591490672204699, -0.5375856795515981, -0.20641131926223463, 0.5970613628972261, -0.005241159921744681, -0.6610739130992922, 0.059062896515654585, 0.6131643040079414, -0.18952388507301104, -0.6455317720870615, 0.17467108697621844, 0.5984238420528253, -0.3590992177034253, -0.5877665226015184, 0.2695614782424087, 0.6284498808799539, -0.4867852463359732, -0.5817513479560652, 0.38635347891202654, 0.6122914159410947, -0.5273176866483713, -0.6218392641965709, 0.4871615472236024, 0.599156275797481, -0.5442712512037331, -0.6126692443352352, 0.536966284488184, 0.5790104784188492, -0.572170622229724, -0.5783119607283792, 0.5730089766779919, 0.5436966201486948, -0.6076609376793479, -0.5503027221795866, 0.5894090417578915, 0.4997070988638555, -0.6283708500437738, -0.5159482337428437, 0.5749654496230049, 0.4315359654486843, -0.6221025696381602, -0.44422567702557236, 0.5623272044095101, 0.32592150086611904, -0.6365741458125707, -0.3148509767386117, 0.5772290154262895, 0.19191021713456521, -0.6481498902876981, -0.20161085925560718, 0.6196032663321054, 0.06484926166645961, -0.6641619657989828, -0.015137592586432064, 0.6120723821087213, -0.21518664510231375, -0.5361468221042193, 0.5600217334475973, -0.2145954637754849]

