[result]
infid = 0.05432231844401436
tracedist = 0.12093053788010968
infid_ideal = 0.00024395731830995082
bound_eq26 = 0.264074438637205

