[shined]
shined = [0, 1]

[amplitude]
pulse_type = AM
shape = rectangular
mu = 2100981.301078972
delta_t = 1.4999999999999999e-05
segnum = 48
amp_list0 = [-0.15338445056176864, 0.19935837963704822, 0.15522485263415114, -0.19633995427702816, -0.09899832682354014, 0.19968932235015655, 0.15781583669689953, -0.19999160374187894, -0.19988416470372738, 0.1999235418022268, 0.19979984892875718, -0.0272720257388533, -0.1998367784486026, -0.02955565875120419, 0.2, 0.19013593960663588, -0.1999447233732163, -0.199906181689836, 0.06588482079369579, 0.1997503731279164, -0.11525201719188818, -0.19947218472395004, -0.13944204676005417, 0.19987547929148197, 0.19987658697441368, -0.10508160475441602, -0.19992791590136327, -0.11542337726740025, 0.19830941655749332, 0.06811791139408514, -0.19984208386793667, -0.19999521934229744, 0.15769570062351101, 0.1999384382434096, -0.01234714709190964, -0.19978082414272919, -0.04028995478352107, 0.19986791307154114, 0.2, -0.17099287006728128, -0.19995603959821356, 0.1326709428254552, 0.1999499985786238, -0.08816186404538634, -0.19948116348059086, 0.13539451763901997, 0.1997191538630016, -0.13350593247684572]
amp_list1 = [-0.15338445056176864, 0.19935837963704822, 0.15522485263415114, -0.19633995427702816, -0.09899832682354014, 0.19968932235015655, 0.15781583669689953, -0.19999160374187894, -0.19988416470372738, 0.1999235418022268, 0.19979984892875718, -0.0272720257388533, -0.1998367784486026, -0.02955565875120419, 0.2, 0.19013593960663588, -0.1999447233732163, -0.199906181689836, 0.06588482079369579, 0.1997503731279164, -0.11525201719188818, -0.19947218472395004, -0.13944204676005417, 0.19987547929148197, 0.19987658697441368, -0.10508160475441602, -0.19992791590136327, -0.11542337726740025, 0.19830941655749332, 0.06811791139408514, -0.19984208386793667, -0.19999521934229744, 0.15769570062351101, 0.1999384382434096, -0.01234714709190964, -0.19978082414272919, -0.04028995478352107, 0.19986791307154114, 0.2, -0.17099287006728128, -0.19995603959821356, 0.1326709428254552, 0.1999499985786238, -0.08816186404538634, -0.19948116348059086, 0.13539451763901997, 0.1997191538630016, -0.13350593247684572]

