[phonon]
partialpos = [0.0e+00 5.0e-06 1.0e-05 1.5e-05 2.0e-05 2.5e-05 3.0e-05 3.5e-05 4.0e-05]
z_freqcal = [2022846.157442732, 2035171.405445444, 2052697.2911583385, 2074423.533443256, 2099050.7395851845, 2124891.2364956797, 2149685.9184309044, 2170065.4277092107, 2180000.0]
z_modes = [[0.05737412403207038, -0.12600513526227652, 0.20415395454673824, 0.2843440510702072, -0.3591257435220323, 0.4210752472526342, 0.46362372886115033, 0.4753596561127733, -0.3333333333333294], [-0.1948759990298963, 0.3690847595329068, -0.4687008085767291, -0.444839484302088, 0.2907634510540391, -0.04602591733760304, 0.21607499036597141, 0.40469233797988224, -0.33333333333332954], [0.3467996405891189, -0.48259532147804823, 0.30183638704806787, -0.09001974423072887, 0.4097449074669409, -0.4154531341765518, -0.09809589407729093, 0.2939334867602137, -0.3333333333333294], [-0.460601857410886, 0.3391178288671636, 0.19620478468777644, 0.4616955051497345, -0.11082697212018304, -0.3846764151689635, -0.3549026381344903, 0.15446816591684828, -0.33333333333333054], [0.5026081836391878, -9.150666335777657e-15, -0.4669886354117042, -2.7911700728466826e-15, -0.46111128575752497, -5.125457350207974e-15, -0.45340037403068223, 3.9343528435153985e-15, -0.33333333333333326], [-0.4606018574108953, -0.33911782886714986, 0.19620478468777808, -0.4616955051497344, -0.11082697212018287, 0.38467641516895973, -0.3549026381344921, -0.15446816591684298, -0.3333333333333359], [0.3467996405891309, 0.48259532147804124, 0.30183638704806176, 0.09001974423073371, 0.409744907466936, 0.4154531341765548, -0.09809589407729352, -0.29393348676020825, -0.3333333333333376], [-0.19487599902990524, -0.3690847595329069, -0.4687008085767283, 0.44483948430208964, 0.2907634510540336, 0.04602591733760334, 0.21607499036597183, -0.40469233797987453, -0.3333333333333367], [0.05737412403207392, 0.12600513526227752, 0.20415395454673813, -0.2843440510702089, -0.3591257435220263, -0.42107524725263584, 0.4636237288611538, -0.4753596561127658, -0.33333333333333753]]

