[result]
bound_eq26 = 0.0137610481105090
infid = 0.00349736892025998
tracedist = 0.007258258392761979
infid_ideal = -7.05923797128527e-06

