[phonon]
partialpos = [0.00e+00 5.00e-06 1.00e-05 1.50e-05 2.00e-05 2.50e-05 3.00e-05 3.50e-05
	 4.00e-05 4.50e-05 5.00e-05 5.50e-05 6.00e-05 6.50e-05 7.00e-05 7.50e-05
	 8.00e-05 8.50e-05 9.00e-05 9.50e-05 1.00e-04 1.05e-04 1.10e-04 1.15e-04
	 1.20e-04]
z_freqcal = [2017022.235983649, 2018752.1767843557, 2021331.2230923877, 2024737.226802042, 2028943.6238959562, 2033918.7689114788, 2039625.6894295842, 2046021.9181918458, 2053059.3266124385, 2060683.9202556126, 2068835.5713988277, 2077447.6503694323, 2086446.5286010741, 2095750.8851991263, 2105270.7743040673, 2114906.307200598, 2124545.8642808083, 2134063.47546013, 2143315.1513355956, 2152133.082991961, 2160316.932798346, 2167617.7583761527, 2173709.976497307, 2178113.9467559024, 2180000.0]
z_modes = [[-0.007748477821189458, 0.01730826968360106, -0.028924164279175546, 0.04224838391505384, -0.05699840226061212, 0.07292014165037185, -0.08977109521751649, 0.10731178625692323, 0.12530335116739877, -0.14350535025579564, 0.16167775049495234, -0.17957983880307116, 0.19697465501166683, -0.213626745014649, 0.2293092597089324, -0.24379793687259518, 0.25688294152319324, 0.26835318567923383, 0.2780194782726733, -0.2856693193671245, 0.2911246839690977, 0.2940544923935656, 0.2941701084925973, -0.28823145261229965, -0.20000000000000845], [0.028000778822859045, -0.06137274040354633, 0.09965407894778819, -0.14000433483723318, 0.17973390549083051, -0.21629548944397445, 0.24734023334805025, -0.27080266509124135, -0.284988199222747, 0.2886550880728885, -0.2810761396061788, 0.2620831361288715, -0.23207914424721396, 0.19203199032154816, -0.1434288673304652, 0.08822093255709441, -0.028723719798323867, 0.03246873449722923, 0.09262720305889711, -0.1489598495510222, 0.1987966500881803, 0.23949794121333884, 0.26874514893578333, -0.28150183495434605, -0.20000000000001], [-0.05579979667128491, 0.11817332157912261, -0.1819226877438936, 0.2371889653581598, -0.27549466708629283, 0.2904948118001261, -0.2786377457512002, 0.23957956623711615, 0.17626363400010053, -0.09462649845221068, 0.0029575486676734404, 0.08903209466108558, -0.17131459849955685, 0.23471615711972008, -0.2719922297130408, 0.2787141344211644, -0.2538143254293813, -0.19979021661503982, -0.12244541848161966, 0.03034439407954787, 0.06618031886293424, 0.15591245469535536, 0.22815281298221887, -0.27053857187763836, -0.20000000000000742], [0.0880834223664135, -0.17719357538232955, 0.25102855662318035, -0.2889629822490413, 0.2785415699058759, -0.21793561505271536, 0.11639014203980891, 0.007585968515716683, 0.13000869089572115, -0.22643214231320738, 0.277155006237012, -0.27150309246808485, 0.21027482332412817, -0.1057790091303088, -0.020549934144809254, 0.14252504250734127, -0.23460961067744196, -0.2772982660229985, -0.26122301376396334, 0.18929141639213823, -0.07611949148163641, 0.05460230505711019, 0.17511606294297993, -0.25564495168688406, -0.20000000000000545], [-0.12276333962364466, 0.2301589157964826, -0.28876101224121414, 0.2703434562612759, -0.1735212855323684, 0.024353472249646946, 0.1320400683127233, -0.24634689618637462, -0.28159494866629503, 0.22584450122725558, -0.0966989542753682, -0.06400078289713805, 0.2036844627154637, -0.27632544241771956, 0.2577729076334423, -0.1539447072017241, -0.0008728723409960685, -0.1552399668761138, -0.25749952451535973, 0.27305444559885994, -0.19590892081515793, -0.05124897392945771, 0.11284642954259286, -0.23710800789976003, -0.20000000000000423], [0.15800635294458837, -0.27006564168677316, 0.2839092324202402, -0.17981720256251427, -0.002638211604291109, 0.18303325349026944, -0.27851260569758113, 0.24404597238031056, 0.09509650094405192, 0.0985730757896784, -0.24539869626589325, 0.2755023276714478, -0.1742893443402776, -0.010145190576701423, 0.18968683368674796, -0.27825336821024077, 0.23320059860601985, 0.07602859256003172, -0.11756898747825749, 0.2539619088113448, -0.2664643658004211, -0.14806398890824884, 0.04498143160260219, -0.2152317956627771, -0.20000000000000007], [-0.19218269636442478, 0.29160015150340396, -0.23400869853427853, 0.039500069975358244, 0.17749968150290543, -0.28210434780791305, 0.20755167154355592, -0.0006579505565616024, 0.20635177143735517, -0.280280871468242, 0.17320147125288593, 0.045862613660408634, -0.23505309111511402, 0.2715255325967654, -0.13142928015743766, -0.09418379287895487, 0.25836126015995664, 0.25392135540105293, 0.0836801217506186, 0.14103509410428913, -0.27250994367356385, -0.22353752264747856, -0.0245747728506932, -0.19034803833817443, -0.1999999999999999], [0.22381357744079858, -0.2914078566256483, 0.14546843377309196, 0.11195855784038475, -0.2762124668207867, 0.21276133404372694, 0.0265363526285728, -0.2432175394391286, -0.2565961685026402, 0.055314889590141525, 0.19213268994158178, -0.2781102616108352, 0.13029926632315306, 0.12704231933668328, -0.27723254372359285, 0.19364890810137533, 0.05329232828117661, 0.25514077579443445, 0.2413384021334995, -0.0234815366080863, -0.2136252787126657, -0.26818231783616403, -0.09185047549921156, -0.16281869333371427, -0.19999999999999876], [-0.25159584049449984, 0.26835681081012286, -0.032351576640118694, -0.23114023437960365, 0.25545813719757976, -0.015643070782583167, -0.2395843470881138, 0.24441032917556854, -0.006189966288142146, 0.24996703851779326, -0.23144058828729622, -0.029947010600529254, 0.2596954706228638, -0.2163379479282629, -0.05451294135422091, 0.2678275367940845, -0.1989707245091047, 0.07949989710539906, 0.2740453082305768, -0.1793783674179903, -0.10426785363691113, -0.27652946662217887, -0.15301948895884132, -0.13303488360429788, -0.19999999999999651], [0.2744154496385288, -0.22357773581447316, -0.08629660264134315, 0.2832025090190438, -0.12363169217313391, -0.1908589505074891, 0.2627389327661663, -0.0012359400302891874, 0.26135423489797427, -0.19118813551768965, -0.12226184861881093, 0.2796715770270682, -0.08047850694683528, -0.2212108352062143, 0.24051399265417467, 0.0471399301744341, -0.2744033721988074, -0.1510440095471458, 0.16527382143723782, -0.27007718177005335, 0.02960585135875655, -0.24781931804844695, -0.2046108394995495, -0.10141388601587753, -0.19999999999999687], [-0.2913768875041485, 0.16033512800755487, 0.1899707991903158, -0.25259485368456197, -0.06213242895881947, 0.2819361160047565, -0.07730968443412685, -0.2431338790737838, -0.19666189406315182, -0.1462601308704718, 0.2681271471071362, 0.014816999532244385, -0.2751473068559752, 0.11971357879724247, 0.21649319894258243, -0.22535712076828196, -0.10635846127417077, -0.2770549454071939, -0.028642092326637936, -0.2628515411937893, 0.15654811410075814, -0.1860898793738796, -0.24370096805513594, -0.06839494924938808, -0.1999999999999965], [0.3018217622655747, -0.08368879084146982, -0.2605220501266375, 0.1480109314586424, 0.2207018114794417, -0.20226570699557236, -0.16955540472793915, 0.243806742398034, -0.10884641410293698, 0.27035314309029035, 0.04195129069186402, -0.2804353410826714, 0.027221916453579742, 0.2735219045588172, -0.09451994192143884, -0.2501013513735367, 0.15597901076980916, -0.21160164551115435, -0.20772041481478692, -0.16045280734544762, 0.24687814734749675, -0.0996493909952964, -0.2680765065772682, -0.03443435723156938, -0.1999999999999977], [-0.30534860999913616, -4.850063466003661e-14, 0.2855113825040829, 3.066250869921408e-14, -0.28261190228064664, -1.5510894776879545e-14, 0.28154696455518774, 3.509356978284505e-14, 0.28099881500661805, 1.5336348407163755e-14, -0.28065335467910674, -4.914798753104566e-15, 0.28042279510822987, 6.37364983974623e-15, -0.2802209085617332, -2.93331128010417e-15, 0.28007389377613545, -1.3411298308295533e-14, -0.2797697670057352, -7.824114258399519e-15, 0.2795241767862105, -1.0352542076863284e-15, -0.27635788611628903, 1.8028209885556942e-14, -0.20000000000000065], [0.30182176226555885, 0.08368879084156398, -0.2605220501265941, -0.14801093145869776, 0.22070181147940127, 0.20226570699559654, -0.16955540472792763, -0.2438067423980693, -0.10884641410290305, -0.2703531430902983, 0.04195129069184438, 0.2804353410826701, 0.02722191645359524, -0.273521904558812, -0.09451994192145396, 0.2501013513735327, 0.15597901076982135, 0.2116016455111378, -0.2077204148147968, 0.16045280734543585, 0.2468781473475043, 0.09964939099529378, -0.26807650657726984, 0.03443435723160098, -0.20000000000000043], [-0.2913768875041198, -0.16033512800764013, 0.18997079919024204, 0.25259485368460166, -0.06213242895876405, -0.28193611600476853, -0.07730968443413767, 0.24313387907375558, -0.19666189406318102, 0.1462601308704474, 0.26812714710714797, -0.014816999532231857, -0.27514730685597644, -0.11971357879725594, 0.21649319894257368, 0.22535712076828335, -0.10635846127415799, 0.27705494540719494, -0.02864209232665334, 0.26285154119378185, 0.15654811410077107, 0.18608987937387525, -0.24370096805513644, 0.06839494924941768, -0.19999999999999937], [0.2744154496384849, 0.22357773581453474, -0.08629660264125923, -0.28320250901905525, -0.12363169217317042, 0.1908589505074889, 0.2627389327661633, 0.0012359400303457086, 0.26135423489796233, 0.19118813551770647, -0.12226184861879555, -0.27967157702706646, -0.08047850694685055, 0.22121083520620458, 0.24051399265418433, -0.04713993017442702, -0.2744033721988025, 0.15104400954716538, 0.16527382143722297, 0.27007718177005485, 0.029605851358773173, 0.24781931804844132, -0.20461083949954606, 0.10141388601590805, -0.2000000000000009], [-0.2515958404944471, -0.26835681081015145, -0.03235157664019131, 0.23114023437958248, 0.2554581371975774, 0.015643070782593298, -0.2395843470880996, -0.24441032917559816, -0.006189966288102979, -0.24996703851778196, -0.23144058828731717, 0.029947010600517854, 0.259695470622867, 0.2163379479282739, -0.05451294135420881, -0.2678275367940864, -0.19897072450911663, -0.07949989710537729, 0.27404530823057416, 0.17937836741799745, -0.10426785363689772, 0.2765294666221733, -0.15301948895883577, 0.13303488360432533, -0.19999999999999893], [0.2238135774407443, 0.29140785662564855, 0.14546843377314045, -0.11195855784035028, -0.27621246682076184, -0.2127613340437454, 0.026536352628570726, 0.24321753943912264, -0.2565961685026675, -0.0553148895901512, 0.19213268994159038, 0.27811026161083774, 0.13029926632316285, -0.1270423193366731, -0.27723254372359596, -0.19364890810138252, 0.05329232828116395, -0.25514077579442945, 0.24133840213350985, 0.023481536608093618, -0.2136252787126638, 0.2681823178361643, -0.0918504754992087, 0.16281869333373647, -0.19999999999999726], [-0.19218269636437776, -0.2916001515033933, -0.23400869853430678, -0.039500069975387235, 0.17749968150289389, 0.2821043478079469, 0.2075516715435389, 0.0006579505565744673, 0.20635177143735525, 0.2802808714682345, 0.17320147125288965, -0.04586261366041089, -0.23505309111511788, -0.27152553259676454, -0.13142928015744462, 0.09418379287895093, 0.2583612601599493, -0.2539213554010638, 0.08368012175063543, -0.14103509410427967, -0.2725099436735657, 0.22353752264747814, -0.02457477285068803, 0.1903480383381924, -0.19999999999999638], [0.15800635294454818, 0.270065641686751, 0.2839092324202439, 0.17981720256252956, -0.0026382116043034485, -0.18303325349030972, -0.27851260569756503, -0.24404597238031073, 0.09509650094406377, -0.09857307578967645, -0.24539869626590555, -0.27550232767144556, -0.17428934434028034, 0.01014519057669832, 0.18968683368675, 0.2782533682102424, 0.2332005986060211, -0.07602859256004818, -0.1175689874782435, -0.25396190881133734, -0.26646436580042765, 0.1480639889082497, 0.0449814316026093, 0.2152317956627932, -0.19999999999999707], [-0.12276333962361403, -0.23015891579646094, -0.2887610122412094, -0.2703434562612879, -0.17352128553234414, -0.024353472249621703, 0.1320400683127314, 0.24634689618637684, -0.2815949486663153, -0.2258445012272491, -0.09669895427535996, 0.06400078289714928, 0.20368446271547302, 0.2763254424177216, 0.25777290763345134, 0.15394470720172734, -0.0008728723409912118, 0.15523996687610775, -0.25749952451536, -0.2730544455988597, -0.19590892081516487, 0.0512489739294561, 0.11284642954260446, 0.23710800789977218, -0.19999999999999812], [0.08808342236639352, 0.17719357538231723, 0.25102855662318363, 0.2889629822490666, 0.2785415699058651, 0.21793561505272216, 0.11639014203977073, -0.007585968515738407, 0.13000869089574368, 0.2264321423132132, 0.2771550062370229, 0.27150309246807225, 0.21027482332411787, 0.10577900913029917, -0.020549934144812407, -0.14252504250733947, -0.2346096106774316, 0.2772982660229983, -0.2612230137639699, -0.18929141639214242, -0.0761194914816425, -0.05460230505711086, 0.1751160629429924, 0.25564495168689233, -0.19999999999999804], [-0.05579979667127314, -0.11817332157911857, -0.18192268774390433, -0.23718896535819248, -0.27549466708629894, -0.29049481180015974, -0.2786377457511573, -0.23957956623708954, 0.17626363400009548, 0.09462649845219796, 0.0029575486676634982, -0.08903209466109173, -0.17131459849956354, -0.23471615711972094, -0.27199222971304576, -0.2787141344211613, -0.25381432542937166, 0.199790216615043, -0.12244541848162774, -0.030344394079554023, 0.06618031886293044, -0.15591245469535517, 0.2281528129822306, 0.2705385718776403, -0.19999999999999696], [0.02800077882285483, 0.06137274040354652, 0.0996540789477969, 0.1400043348372559, 0.1797339054908398, 0.21629548944400767, 0.2473402333480243, 0.270802665091229, -0.28498819922276286, -0.2886550880728849, -0.28107613960618566, -0.2620831361288603, -0.23207914424720996, -0.19203199032154444, -0.14342886733046814, -0.08822093255709536, -0.028723719798325588, -0.03246873449722421, 0.0926272030588914, 0.14895984955101574, 0.19879665008817932, -0.23949794121333765, 0.2687451489357938, 0.28150183495434167, -0.19999999999999651], [-0.0077484778211878765, -0.017308269683600608, -0.028924164279177454, -0.04224838391506004, -0.05699840226061495, -0.07292014165038363, -0.08977109521750712, -0.10731178625691659, 0.12530335116740368, 0.1435053502557939, 0.1616777504949587, 0.17957983880306527, 0.1969746550116621, 0.21362674501464007, 0.22930925970892982, 0.2437979368725886, 0.2568829415231819, -0.26835318567923416, 0.2780194782726778, 0.28566931936712614, 0.2911246839691069, -0.2940544923935716, 0.2941701084926144, 0.28823145261230054, -0.19999999999999815]]

