[phonon]
partialpos = [0.00e+00 5.00e-06 1.00e-05 1.50e-05 2.00e-05 2.50e-05 3.00e-05 3.50e-05
	 4.00e-05 4.50e-05 5.00e-05 5.50e-05 6.00e-05 6.50e-05 7.00e-05 7.50e-05
	 8.00e-05 8.50e-05 9.00e-05 9.50e-05 1.00e-04 1.05e-04 1.10e-04 1.15e-04
	 1.20e-04 1.25e-04]
z_freqcal = [2016954.1351959554, 2018555.383836279, 2020944.0473258363, 2024100.9962122, 2028003.3583401304, 2032623.920581179, 2037930.9158817534, 2043887.8857393416, 2050453.548982809, 2057581.648741499, 2065220.752342111, 2073313.9864084006, 2081798.673164904, 2090605.8455106677, 2099659.577274644, 2108876.0918595516, 2118162.512245035, 2127415.177730191, 2136517.1890136525, 2145334.98711494, 2153712.95666962, 2161465.349577201, 2168361.384796919, 2174099.325371962, 2178234.830942117, 2179999.9999999995]
z_modes = [[0.007169770470210371, -0.016016035063977346, 0.026768535879832023, 0.03911163315937297, -0.05279195976833618, 0.06758444079188254, -0.08327546094913087, 0.0996557247204478, -0.1165161169179868, 0.1336474085089133, -0.1508389996017466, 0.16788126577018467, -0.18456450010485195, -0.20068313402121693, -0.21603325969254494, 0.23041925364378882, -0.24364754260256682, 0.2555377711967367, -0.2659071936339379, 0.27459283464907286, -0.2814073045356807, 0.28619467839760365, 0.28864826690600953, 0.2885006672162106, -0.2826106146175473, -0.19611613513816709], [-0.025927967231390625, 0.056912297245431516, -0.09262701305144129, -0.13056236932624887, 0.16834908660488263, -0.20373395231494237, 0.23461817610971997, -0.25912180346315594, 0.2756567494636911, -0.28299366650077606, 0.2803204815642801, -0.2672813811145453, 0.2440014803690103, 0.21108425098742906, 0.16959574327486931, -0.12101681022056462, 0.06719141025021724, -0.010237862666238995, -0.047521825942507034, 0.10368387081687565, -0.1558137748254348, 0.20160366542595887, 0.23876359940887304, 0.26528420451869367, -0.27647101221965287, -0.1961161351381657], [0.05173490910303844, -0.11001334603349126, 0.1704714265465554, 0.22437574695205542, -0.2640839868887355, 0.2836418595469048, -0.2793414024044891, 0.2501128089047576, -0.19766477680239794, 0.1263413709657961, -0.042692653612446625, -0.04519499807275064, 0.1285515320755907, 0.19885593750324687, 0.2487668496339773, -0.2729258163970121, 0.26857734538804207, -0.23589188884981033, 0.17801805760160072, -0.10076648147848949, 0.012098997140073302, 0.07873480564299623, 0.16189977642463027, 0.2281380636990117, -0.2664665260782926, -0.19611613513816703], [-0.08181938855519504, 0.16593636151898744, -0.23828505484812265, -0.2801726484488698, 0.27942809565660914, -0.2325844330248079, 0.1455825318120852, -0.03271800584014688, -0.0860465851710148, 0.18893032805400237, -0.25660460558499204, 0.2760589526152474, -0.24328004861244576, -0.16421079701814736, -0.05375460145161392, -0.06697800051300078, 0.17469880039042027, -0.24841705959034016, 0.27356437483337104, -0.24484839241445416, 0.16744205221907776, -0.05600737192179991, 0.06776136907011258, 0.17940969057751743, -0.2528660246036212, -0.19611613513817042], [0.1143168637886361, -0.21732216687896597, 0.2795216338455143, 0.2738568980507388, -0.1952824159175677, 0.06237697767001185, 0.08815758892367753, -0.21266310892200088, 0.274045640264112, -0.2534865205653604, 0.1566709095709096, -0.012493103520506692, -0.1354599599353598, -0.24211594108222434, -0.2747469356804526, 0.22316366249171868, -0.10302681985539554, -0.048760814522619836, 0.18531508764260965, -0.26412570720340767, 0.2602984737133542, -0.17427994583644277, -0.03226017783290419, 0.12185361211633254, -0.235919563284964, -0.19611613513817572], [-0.147597653343554, 0.25785587652138614, -0.28328622149708843, -0.2006883665869345, 0.03728000486606143, 0.14099749646799128, -0.2586322307161856, 0.2644772276131498, -0.15532388647207865, -0.0216486407000905, 0.18898911978882768, -0.27293841089718446, 0.23620305789441026, 0.09481058715218646, -0.08865203156921168, 0.23265615872044632, -0.27297816643575484, 0.19149185998577614, -0.02447457551098628, -0.15327353603755683, 0.26177679073690635, -0.2515292630909245, -0.1262480403117582, 0.05859722832255155, -0.21588935938070383, -0.19611613513817852], [0.18021245801384142, -0.2825943519387829, 0.2458895531228833, 0.07631596225018276, 0.13510189997385247, -0.26700296453863986, 0.24156692620779996, -0.07310564490060399, -0.13864580004592117, 0.2672975833833254, -0.23558400003689492, 0.06231073442739893, 0.14838194610633085, 0.2694565046479952, 0.22769270146985826, -0.04819676797622883, -0.16044625949378052, 0.27177330260027305, -0.21811529118487719, 0.032000306361389626, 0.17329081326759346, -0.27207704325334453, -0.2031055618839939, -0.006980127575154255, -0.1930600672990853, -0.19611613513818296], [-0.21083836381938315, 0.28818196223873355, -0.17117100542278066, 0.06798932975047421, -0.2538187113353907, 0.24515938427961773, -0.04803816489914463, -0.1857762869734021, 0.2750722564611672, -0.1502427916519911, -0.09161286703142615, 0.26174105991243696, -0.22706636757959242, -0.014633195379624164, 0.2091524194414213, -0.26873482994829134, 0.11726997098225402, 0.12631974230562992, -0.27047773090591604, 0.20170601183604261, 0.025878817411829257, -0.2323720178235039, -0.2538446270226672, -0.07140414148101216, -0.16774169827514185, -0.19611613513818502], [0.23829640313940073, -0.27309542877860415, 0.06980395397946629, -0.19415649623487707, 0.2708408917091987, -0.08667353663639908, -0.18070566278603162, 0.2719809462666764, -0.0982938972555471, -0.17104927987734878, 0.27299958682215164, -0.10782730048057088, -0.16280520923724867, -0.2737513775854947, -0.11621013494928105, -0.1552573387550863, 0.2741467486080821, -0.12363451494817186, -0.14834742878945822, 0.27432155052551244, -0.13023576578124327, -0.14168277088364808, -0.272638757464662, -0.13127685030537134, -0.1402692576835275, -0.1961161351381878], [-0.26156040926433555, 0.23771473994483547, 0.04259942765120068, 0.26816310049861997, -0.17871841589583998, -0.120293381476517, 0.27624098239639977, -0.10483283967231996, -0.1905819789075162, 0.2592826358590015, -0.01970311292643384, -0.2430950897744666, 0.216292777972831, -0.06813625812889545, -0.2712066013147611, 0.15084514528989204, 0.1493523569623441, -0.2711546951406096, 0.06921107154730236, 0.21530818742249005, -0.2423836251340774, -0.020073803092640667, -0.2575063793202499, -0.18344845674802884, -0.11100064284368838, -0.19611613513818943], [0.27978086952168923, -0.18427127335226215, -0.148165543145502, -0.2697052703833383, 0.014294644704710658, 0.2596920264697085, -0.16778412748511382, -0.16008835912980104, 0.26169479248644417, 0.006059955261049191, -0.26495282310361934, 0.14933006628979262, 0.1772383052386196, 0.25300028898712, -0.0290847653588715, 0.26988324470074243, -0.12868827551324416, -0.19452351168292067, 0.24215099664588802, 0.053196358436079734, -0.27293882567959354, 0.10590784184516654, -0.2105389397702576, -0.22517853200510415, -0.08031349893918639, -0.19611613513819212], [-0.292301075016592, 0.11662459874029754, 0.2298419805430814, 0.19809070985016097, 0.15591131778927658, -0.2529972377326396, -0.06473074212430079, 0.2754676099766002, -0.03359887823392205, -0.26309864768085633, 0.1271031006779988, 0.2177010574746756, -0.20426445563447226, 0.14509637139601592, 0.2555599004126867, 0.054502569883375124, -0.27471703270902076, 0.042758127971373926, 0.2594119983411802, -0.13430258769608142, -0.2117621118404138, 0.20891809700739322, -0.1376448437511869, -0.25427716954472634, -0.04860140133866872, -0.19611613513819262], [0.2986743822173671, -0.03991323416357432, -0.274319389351306, -0.0726182295313362, -0.2627583723418284, 0.10383332049780832, 0.24932665455567232, -0.1333882685801871, -0.23292019107168738, 0.16096026494431667, 0.21347565204199717, -0.18619285262970334, -0.19116860429725288, -0.20877323745837648, 0.16626499135735756, -0.22836047091977493, -0.13909776490399334, 0.24473954334090833, 0.11002341837241535, -0.25749241521747723, -0.07947953327529719, 0.26666312758319044, -0.04783883922764662, -0.26921818879074433, -0.01626958947807122, -0.1961161351381904], [-0.29867438221737014, -0.039913234163622, 0.2743193893512999, -0.07261822953134224, 0.26275837234181476, 0.10383332049787546, -0.24932665455565312, -0.13338826858022074, 0.23292019107167394, 0.16096026494435914, -0.2134756520419792, -0.18619285262972052, 0.19116860429723279, -0.20877323745838808, -0.16626499135734008, -0.228360470919782, 0.13909776490397327, 0.2447395433409104, -0.110023418372394, -0.2574924152174775, 0.07947953327528856, 0.26666312758319166, 0.047838839227639686, -0.26921818879074677, 0.01626958947804252, -0.19611613513818862], [0.2923010750165943, 0.11662459874034022, -0.22984198054305963, 0.19809070985016156, -0.15591131778923767, -0.25299723773266397, 0.06473074212425348, 0.27546760997659625, 0.03359887823395295, -0.26309864768083474, -0.12710310067803243, 0.21770105747465332, 0.20426445563450057, 0.145096371395989, -0.2555599004127035, 0.054502569883350616, 0.2747170327090273, 0.04275812797138565, -0.25941199834117945, -0.1343025876960864, 0.21176211184041432, 0.20891809700740174, 0.1376448437511834, -0.2542771695447356, 0.04860140133863983, -0.1961161351381862], [-0.2797808695216897, -0.18427127335229232, 0.14816554314546862, -0.2697052703833327, -0.014294644704757197, 0.25969202646968387, 0.16778412748515273, -0.1600883591297764, -0.2616947924864613, 0.006059955261005124, 0.2649528231036233, 0.1493300662898069, -0.17723830523860504, 0.2530002889871197, 0.029084765358851558, 0.2698832447007298, 0.12868827551326545, -0.19452351168290943, -0.24215099664590098, 0.053196358436072365, 0.27293882567959593, 0.10590784184517982, 0.21053893977025173, -0.22517853200511803, 0.08031349893915972, -0.19611613513818568], [0.2615604092643337, 0.23771473994484502, -0.04259942765116805, 0.2681631004986098, 0.17871841589586918, -0.12029338147646068, -0.2762409823963995, -0.10483283967233972, 0.19058197890750223, 0.25928263585901135, 0.0197031129264659, -0.24309508977445196, -0.21629277797286167, -0.06813625812886966, 0.2712066013147687, 0.15084514528990878, -0.14935235696232885, -0.2711546951406075, -0.06921107154732062, 0.2153081874224839, 0.24238362513407882, -0.02007380309262835, 0.2575063793202456, -0.18344845674804863, 0.11100064284366168, -0.19611613513818432], [-0.23829640313939282, -0.2730954287785907, -0.06980395397949414, -0.19415649623486786, -0.2708408917092033, -0.0866735366364544, 0.18070566278599862, 0.27198094626667596, 0.09829389725557287, -0.17104927987731738, -0.27299958682217224, -0.10782730048058536, 0.16280520923723985, -0.27375137758548995, 0.11621013494930107, -0.15525733875506725, -0.2741467486080924, -0.1236345149481849, 0.14834742878944526, 0.2743215505255169, 0.13023576578125046, -0.14168277088364153, 0.27263875746466537, -0.13127685030539843, 0.14026925768350462, -0.19611613513818488], [0.2108383638193706, 0.2881819622387034, 0.17117100542280106, 0.06798932975047536, 0.25381871133537937, 0.24515938427964493, 0.04803816489917809, -0.18577628697339268, -0.2750722564611755, -0.15024279165201018, 0.09161286703141183, 0.2617410599124213, 0.22706636757961282, -0.01463319537964434, -0.20915241944141455, -0.2687348299482861, -0.11726997098227447, 0.1263197423056144, 0.27047773090591565, 0.20170601183605436, -0.025878817411817488, -0.23237201782350209, 0.25384462702267485, -0.07140414148104234, 0.16774169827512334, -0.19611613513818543], [-0.18021245801382685, -0.28259435193874566, -0.24588955312290559, 0.0763159622501792, -0.13510189997383615, -0.267002964538639, -0.24156692620782216, -0.07310564490061446, 0.13864580004591276, 0.2672975833833162, 0.23558400003692326, 0.062310734427411606, -0.14838194610632477, 0.2694565046479871, -0.22769270146987525, -0.0481967679762415, 0.16044625949377478, 0.27177330260026694, 0.2181152911848867, 0.03200030636139983, -0.17329081326758353, -0.2720770432533499, 0.2031055618840062, -0.006980127575185822, 0.19306006729907263, -0.19611613513818593], [0.1475976533435439, 0.2578558765213561, 0.2832862214971203, -0.20068836658693417, -0.0372800048660715, 0.14099749646797677, 0.25863223071619396, 0.2644772276131522, 0.1553238864720806, -0.02164864070008097, -0.18898911978883043, -0.2729384108971662, -0.23620305789442192, 0.09481058715219838, 0.08865203156919815, 0.23265615872043005, 0.2729781664357655, 0.1914918599857814, 0.024474575510998228, -0.15327353603755067, -0.261776790736899, -0.2515292630909343, 0.12624804031177442, 0.058597228322519776, 0.215889359380699, -0.19611613513818732], [-0.11431686378863334, -0.21732216687894867, -0.279521633845554, 0.27385689805074015, 0.1952824159175618, 0.062376977670028484, -0.08815758892366525, -0.21266310892199064, -0.2740456402641021, -0.253486520565352, -0.15667090957093088, -0.012493103520519366, 0.13545995993535215, -0.24211594108221043, 0.27474693568046077, 0.2231636624917195, 0.10302681985541244, -0.048760814522606735, -0.1853150876426023, -0.2641257072034071, -0.26029847371335046, -0.1742799458364531, 0.03226017783291996, 0.12185361211630337, 0.2359195632849662, -0.19611613513818854], [0.08181938855519516, 0.16593636151897662, 0.2382850548481553, -0.2801726484488644, -0.27942809565658594, -0.23258443302481596, -0.1455825318121094, -0.032718005840165, 0.08604658517099519, 0.18893032805397875, 0.2566046055849994, 0.27605895261523067, 0.24328004861245797, -0.164210797018154, 0.053754601451628796, -0.0669780005129857, -0.17469880039041508, -0.24841705959033103, -0.27356437483337365, -0.24484839241446088, -0.16744205221908065, -0.056007371921811225, -0.06776136907009687, 0.1794096905774922, 0.2528660246036328, -0.19611613513818985], [-0.05173490910303723, -0.11001334603348174, -0.1704714265465746, 0.22437574695204401, 0.26408398688870194, 0.28364185954689936, 0.27934140240450894, 0.2501128089047694, 0.19766477680240793, 0.12634137096580503, 0.0426926536124647, -0.0451949980727341, -0.12855153207558268, 0.19885593750323308, -0.24876684963398046, -0.2729258163970012, -0.2685773453880499, -0.23589188884980786, -0.17801805760160616, -0.10076648147849493, -0.012098997140077925, 0.07873480564298904, -0.16189977642461703, 0.22813806369899078, 0.2664665260783113, -0.196116135138191], [0.025927967231389154, 0.05691229724542417, 0.09262701305144654, -0.13056236932623513, -0.16834908660485398, -0.2037339523149314, -0.23461817610972824, -0.25912180346315683, -0.27565674946368746, -0.2829936665007644, -0.28032048156430106, -0.267281381114535, -0.2440014803690219, 0.2110842509874291, -0.1695957432748805, -0.12101681022056565, -0.06719141025022263, -0.010237862666240292, 0.047521825942506334, 0.10368387081687688, 0.15581377482543113, 0.20160366542595648, -0.23876359940886183, 0.26528420451867474, 0.27647101221967507, -0.19611613513819182], [-0.007169770470209563, -0.016016035063974598, -0.0267685358798327, 0.039111633159367255, 0.05279195976832451, 0.0675844407918768, 0.08327546094913371, 0.09965572472044934, 0.11651611691798551, 0.13364740850890636, 0.15083899960175526, 0.16788126577017617, 0.18456450010485936, -0.20068313402121377, 0.2160332596925528, 0.23041925364378235, 0.2436475426025752, 0.2555377711967345, 0.2659071936339424, 0.2745928346490777, 0.2814073045356744, 0.2861946783976008, -0.28864826690599493, 0.2885006672161879, 0.28261061461756737, -0.19611613513819096]]

