[shined]
shined = [0, 1]

[amplitude]
pulse_type = AM
shape = rectangular
mu = 2100981.301078972
delta_t = 1.4999999999999999e-05
segnum = 32
amp_list0 = [-0.06601563745771065, 0.20336526192158552, -0.23709631528387454, 0.02365025383049198, 0.16039762355230183, 0.014088270503385807, -0.21624913909081525, -0.08761582873955472, 0.49307384904280854, -0.18808066661017436, -0.41940531377765466, 0.22791456062495696, 0.4464123755245482, -0.3009494506514688, -0.4516792625286516, 0.3932525529972581, 0.40143816828153267, -0.4422874382253865, -0.30806372442091107, 0.43570129175462485, 0.23426190242671463, -0.407064836575747, -0.1944060446014207, 0.4800183961912027, -0.087033440752528, -0.17958224586414662, -0.03146327466518359, 0.1724014272174237, 0.04657147580433348, -0.2650104911416089, 0.21727836093564604, -0.06890860209543122]
amp_list1 = [-0.06601563745771065, 0.20336526192158552, -0.23709631528387454, 0.02365025383049198, 0.16039762355230183, 0.014088270503385807, -0.21624913909081525, -0.08761582873955472, 0.49307384904280854, -0.18808066661017436, -0.41940531377765466, 0.22791456062495696, 0.4464123755245482, -0.3009494506514688, -0.4516792625286516, 0.3932525529972581, 0.40143816828153267, -0.4422874382253865, -0.30806372442091107, 0.43570129175462485, 0.23426190242671463, -0.407064836575747, -0.1944060446014207, 0.4800183961912027, -0.087033440752528, -0.17958224586414662, -0.03146327466518359, 0.1724014272174237, 0.04657147580433348, -0.2650104911416089, 0.21727836093564604, -0.06890860209543122]

