[shined]
shined = [0, 1]

[amplitude]
pulse_type = AM
shape = rectangular
mu = 2100981.301078972
delta_t = 1.4999999999999999e-05
segnum = 2
amp_list0 = [4.5075054799781356e-14, -4.5075054799781356e-14]
amp_list1 = [4.5075054799781356e-14, -4.5075054799781356e-14]

