[shined]
shined = [0, 1]

[amplitude]
pulse_type = AM
shape = rectangular
mu = 21791394.52389972
delta_t = 1.4999999999999999e-05
segnum = 41
amp_list0 = [0.420259545381543, -0.49999999999996775, -0.5, 0.46312820213151773, 0.40683481964116397, -0.10336947287793331, -0.4284377282277522, -0.33511216466859695, 0.253159371413845, 0.49999999999999833, 0.4318130855478833, 0.19229351861598398, -0.0649947672176167, -0.24759207626361018, -0.43384828301723916, -0.4988570976393261, -0.48900863895160235, -0.17238395390902062, 0.29913542878869026, 0.30189074404174665, 0.29055236376792304, 0.4746453276812128, 0.444477025780561, 0.41357850047303474, 0.0014829214018644195, -0.4098211258076875, -0.48878350713957563, -0.45609867965403283, -0.3497523143339106, -0.20158031461955828, -0.07220945036961116, 0.25188504162960884, 0.4999999999999985, 0.4999999999999788, 0.03865268518820525, -0.31591676127499724, 0.459359576587491, -0.49999999999999806, -0.014387927327676634, -0.49999999999996514, 0.43903461713425485]
amp_list1 = [0.420259545381543, -0.49999999999996775, -0.5, 0.46312820213151773, 0.40683481964116397, -0.10336947287793331, -0.4284377282277522, -0.33511216466859695, 0.253159371413845, 0.49999999999999833, 0.4318130855478833, 0.19229351861598398, -0.0649947672176167, -0.24759207626361018, -0.43384828301723916, -0.4988570976393261, -0.48900863895160235, -0.17238395390902062, 0.29913542878869026, 0.30189074404174665, 0.29055236376792304, 0.4746453276812128, 0.444477025780561, 0.41357850047303474, 0.0014829214018644195, -0.4098211258076875, -0.48878350713957563, -0.45609867965403283, -0.3497523143339106, -0.20158031461955828, -0.07220945036961116, 0.25188504162960884, 0.4999999999999985, 0.4999999999999788, 0.03865268518820525, -0.31591676127499724, 0.459359576587491, -0.49999999999999806, -0.014387927327676634, -0.49999999999996514, 0.43903461713425485]

