[phonon]
partialpos = [0.0e+00 5.0e-06 1.0e-05 1.5e-05 2.0e-05 2.5e-05 3.0e-05 3.5e-05]
z_freqcal = [nan, nan, nan, nan, nan, nan, nan, 217999.99999999988]
z_modes = [[0.07189136103769804, 0.15682750273502166, -0.2511711415168598, 0.3439925148275444, -0.42419843068525914, 0.48174088899378176, 0.5017971515278138, -0.3535533905932733], [-0.2397211622342241, -0.4328800228192149, 0.5031876814112269, -0.39971340483197404, 0.14622342942289918, 0.16686545430874938, 0.40982268158421137, -0.3535533905932737], [0.41199369908504385, 0.49152132599600157, -0.16178175966710248, -0.3040626898865815, 0.4821622122906915, -0.20236765233126405, 0.2675956935232434, -0.3535533905932738], [-0.5173263848862172, -0.21546880591180959, -0.39691545344585366, 0.35978357989101106, 0.2572819487078636, -0.44623869097126506, 0.0929383300125026, -0.3535533905932735], [0.5173263848862162, -0.21546880591180503, 0.3969154534458606, 0.3597835798910111, -0.2572819487078617, -0.4462386909712658, -0.09293833001250038, -0.35355339059327356], [-0.4119936990850434, 0.49152132599600284, 0.1617817596670912, -0.3040626898865837, -0.4821622122906936, -0.20236765233126583, -0.2675956935232423, -0.3535533905932739], [0.23972116223422602, -0.4328800228192236, -0.5031876814112236, -0.39971340483196816, -0.1462234294228989, 0.16686545430874805, -0.40982268158421126, -0.35355339059327434], [-0.07189136103770012, 0.1568275027350271, 0.25117114151686093, 0.3439925148275411, 0.42419843068525853, 0.48174088899378076, -0.5017971515278147, -0.35355339059327445]]

