[phonon]
partialpos = [0.00e+00 5.00e-06 1.00e-05 1.50e-05 2.00e-05 2.50e-05 3.00e-05 3.50e-05
	 4.00e-05 4.50e-05 5.00e-05 5.50e-05 6.00e-05 6.50e-05 7.00e-05 7.50e-05
	 8.00e-05 8.50e-05 9.00e-05 9.50e-05 1.00e-04 1.05e-04 1.10e-04 1.15e-04
	 1.20e-04 1.25e-04 1.30e-04 1.35e-04 1.40e-04]
z_freqcal = [2016790.0902807259, 2018080.790394103, 2020009.1060472224, 2022562.310091811, 2025725.3270273714, 2029480.2838748796, 2033806.3640393873, 2038679.7236489053, 2044073.422403001, 2049957.350131236, 2056298.1389453884, 2063059.0496920217, 2070199.8249477556, 2077676.4929364754, 2085441.1129318024, 2093441.4348486515, 2101620.459064051, 2109915.843198721, 2118259.131436574, 2126574.6914584627, 2134778.3068945697, 2142775.143972568, 2150456.950243811, 2157697.654853666, 2164346.8361549336, 2170217.677502787, 2175066.1377202137, 2178533.218000052, 2180000.0]
z_modes = [[0.005775586877820534, 0.012901777909326268, 0.021569402627955845, 0.03153539014340107, -0.04261119531533583, 0.054634197914832074, -0.06745389113488377, 0.08092478083235609, 0.09490333352750929, -0.10924590793999957, 0.12380874443120299, -0.13844719402343209, 0.15301705802140045, -0.1673739166574186, 0.18137546824098616, -0.19488020657022792, 0.20775096096381596, -0.2198519580157848, 0.23105436890153663, -0.2412298301923121, 0.2502601233287778, -0.2580221267622234, 0.2644076710707385, -0.26928237914455705, 0.2725367776714949, -0.273918242201776, 0.27320679129536324, -0.26751522440879116, -0.18569533817702227], [-0.020922019397526498, -0.04608258849155963, -0.07541593140704904, -0.10713568188030219, 0.13957711422357108, -0.1711498971655229, 0.2003418960118485, -0.22574803770430235, -0.2461080356381896, 0.2603471006597303, -0.26761276875168183, 0.26730778914188136, -0.2591130623415917, 0.2430040170532148, -0.21925319098675639, 0.18842659527851077, -0.15136357454297633, 0.1091541463342032, -0.06309712237324905, 0.014664190573669076, 0.03456061921536921, -0.08291788141602949, 0.12875005887703475, -0.17041145171542194, 0.2063728386761863, -0.23508614638239103, 0.2551922029914716, -0.262761632485453, -0.18569533817702205], [0.041874424631592064, 0.08991672679273896, 0.14150654759625678, 0.19044337754882484, -0.23110977825034362, 0.2587604985197201, -0.2698504216285874, 0.26231677429905315, 0.235762388820631, -0.19150699433759677, 0.1324960734830849, -0.06306635157424849, -0.011410815120946898, 0.08498512474756346, -0.15163624052236852, 0.2058016455246185, -0.24286472271584691, 0.25957620970012213, -0.25434968346815706, 0.2274332718709049, -0.18090225837992802, 0.11852803199475036, -0.045455797206545814, -0.03215787669329191, 0.10770215731221208, -0.17444313041465043, 0.22622372855993, -0.25501177082778037, -0.18569533817702538], [-0.06652265278678743, -0.13754907966947263, -0.20389928425380027, -0.25166725680274565, 0.27038349433479925, -0.25444284586877297, 0.2039479897008837, -0.12473628205814058, -0.027522785163635967, -0.07373690348648346, 0.1640267646381436, -0.22965283157686192, 0.26045567277768883, -0.2514899525678775, 0.20390270912578876, -0.1248481437268529, 0.026454055928258124, 0.07602545215561472, -0.1665608554739157, 0.2308673997958459, -0.2586491153385572, 0.24527629242133114, -0.1925320804881343, 0.10845442747078006, -0.006072759810946271, -0.09833020928726467, 0.18786193594594702, -0.244459512504407, -0.1856953381770262], [0.09350016933125758, 0.1836894843127821, 0.25018818259846437, 0.2704921696688461, -0.23444389060886137, 0.14665816423897898, -0.02546726104149856, -0.10153083456106686, -0.20431284346255646, 0.25799433990085674, -0.24921919906697876, 0.1797453090910716, -0.06627177251482358, -0.06349556547527029, 0.1776069796794531, -0.2477778475966013, 0.25647925788317283, -0.2013951724433518, 0.09612594781422323, 0.033111214182723205, -0.1539364549406687, 0.2358979157963481, -0.25807083630157235, 0.21443685133845322, -0.11542439983439529, -0.014276547413588775, 0.14190345721466177, -0.23127656638141936, -0.18569533817702838], [-0.12163028264950652, -0.22367720404934316, -0.27106504482297733, -0.23765641711059168, 0.1280400869967819, 0.023980709543712307, -0.16740244806571422, 0.2524569205532898, 0.2488953556331236, -0.1574447812010765, 0.010148398502200145, 0.14070389087487709, -0.2411656140339361, 0.2550688586962668, -0.17722014539347478, 0.03549762611268255, 0.11903973884729621, -0.23051388761287295, 0.25847860756576035, -0.19266534655337575, 0.056884205325676715, 0.09948980109068863, -0.2192943850440722, 0.2584145564195325, -0.2018193750730806, 0.06956484168358795, 0.0903932633037773, -0.21563756079206436, -0.18569533817702819], [0.14987082403194418, 0.2536262946728812, 0.26133941615151496, 0.15676737426013726, 0.01822290695604189, -0.18386359902956087, 0.26174063963805466, -0.21399823659788664, -0.06303978008902246, -0.1183536070704238, 0.24201259740891684, -0.24745268433879258, 0.13179250734906522, 0.048449020505434724, -0.20482562516469205, 0.2603812457822336, -0.1876358064482033, 0.02234142615104866, 0.1539736305328887, -0.2541518642372821, 0.22854935493756118, -0.08973291703876315, -0.09343950289949902, 0.22979003212307156, -0.25080730543865815, 0.14514133459780001, 0.03557259914955956, -0.1977289684818314, -0.18569533817702855], [-0.17726014801298337, -0.2705246800967592, -0.2203952932399333, -0.043165489943311756, -0.15860195235297683, 0.2613929565428885, -0.20064022058653194, 0.0138501685488511, -0.18141926943145018, 0.26145146922269563, -0.17519840741737014, -0.022620649559977744, 0.20590179574345924, -0.257505033980414, 0.14430963916212947, 0.06128734384976183, -0.22750558348044722, 0.24764313852331837, -0.1086755142437392, -0.10014118427010209, 0.2444949540604406, -0.2313630735877747, 0.06914982754571432, 0.13745648357820733, -0.25445234691552093, 0.20524875850412122, -0.020199700883232623, -0.1777523474976975, -0.1856953381770294], [0.2029222074540454, 0.2724066893895284, 0.15223851866037974, -0.07958630883141392, 0.24774399103426492, -0.22089095999883532, 0.019650996893339177, 0.19674994089087475, 0.25607606339457056, -0.11081361539412425, -0.12298963514701093, 0.2580430348689859, -0.1859294689493867, -0.0355179390661396, 0.22831355473558468, -0.23731137857337314, 0.055215240180671296, 0.1712994745434823, -0.25959998614503377, 0.13841146665979356, 0.09450643995634396, -0.25101175105806556, 0.20457048594979965, 0.00730350160690866, -0.21266018294801126, 0.2442111006190731, -0.0745384369751411, -0.15592509074331742, -0.18569533817702918], [-0.2260656883733501, -0.2584423887904665, -0.0648828379244411, 0.18514999930180226, -0.25627073797537225, 0.0801171418986279, 0.17308237073631771, -0.2573480347374998, -0.09051744583536238, -0.16453693941125627, 0.25835898864026424, -0.09904534628314177, -0.15726255632422897, 0.2591217620231415, -0.1065171424566871, -0.15066469322759046, 0.2596703615251704, -0.11330406015554285, -0.1444524213467943, 0.2599290393235659, -0.1193949670806654, -0.1387143240484052, 0.26001895416582044, -0.12482007459964567, -0.13316212170657493, 0.25841898030921756, -0.12512798549943904, -0.1324798852668168, -0.18569533817703365], [0.24599734463124473, 0.22898149330943474, -0.03076299624403878, -0.2504433544856595, 0.1809723771410283, 0.09714808453330291, -0.2616117166038032, 0.1213788584438534, -0.160059205490267, 0.25434125837255983, -0.05141138644920937, -0.21145179798541414, 0.22675406509774274, 0.023376332895494612, -0.24599374103025035, 0.18030385580145364, 0.09668194265825468, -0.26021560643614333, 0.11853872504463357, 0.16212343428928053, -0.25238844255947157, 0.04632741036707465, 0.21407031653305258, -0.2227935327999775, -0.030155454408424893, 0.24667181559851492, -0.16981720342768525, -0.107663414276338, -0.18569533817703707], [-0.2621304730423266, -0.18550834698371232, 0.12242345549190228, 0.26097837699464044, -0.04627264680867272, -0.23000137086114855, 0.19236321351085556, 0.10742469808779974, 0.2600319901465392, -0.05712207176623296, -0.22367275542987372, 0.19819026269976614, 0.09856297125726879, -0.2601621020378551, 0.06530829558664042, 0.21893128149348792, -0.20298767240371274, -0.09121228026590363, 0.2602467272524785, -0.07232891537466896, -0.21467892084615547, 0.20699880617091915, 0.08478667853414991, -0.2599557066816434, 0.07816683628271276, 0.2102891800989283, -0.20670847025539382, -0.08173457278613949, -0.18569533817703884], [0.2739970528547722, 0.13052890488083493, -0.1981540941405905, -0.21424161284349738, -0.10364660658804051, 0.25756399031576477, -0.006963512873259425, -0.2539502263290652, -0.11516671878636474, -0.20458625122436777, 0.2019964110645019, 0.11862140157779277, -0.25217115802657186, -0.011616827164403829, 0.2569548865443654, -0.09722774390533719, -0.21566618969966933, 0.18844878602224452, 0.13587582030899922, -0.24582370252753008, -0.031894646089797175, 0.2591466233035766, -0.0774367425371741, -0.2262634620163921, 0.17277149098932942, 0.1529798329941445, -0.23423668027764744, -0.054962352591902186, -0.18569533817704423], [-0.28125545304601474, -0.06738260238411438, 0.24800278877444798, 0.1203784137784383, 0.21939244112906045, -0.16709190493514248, -0.18263725449779322, 0.20588232786951446, -0.13817959424895815, 0.23515584316752378, 0.08776246433244818, -0.25367731132505356, -0.03356474471223253, 0.26066464647837756, -0.02199842361897821, -0.2558458740956456, 0.07646264184908687, 0.23946142225170594, -0.12735135676109605, -0.21228319220412048, 0.17243081675741442, 0.1755353744665044, -0.20949394570891727, -0.13095411989138625, 0.2370814445105264, 0.08048064021938464, -0.25123461210482434, -0.027623497261728802, -0.18569533817704886], [0.28369821499163056, -6.658411226684126e-14, -0.2653856597361814, 1.9656371545985922e-14, -0.262751207831874, 3.256323768073763e-15, 0.2617992398815408, 1.594603944553218e-14, 0.26131309324686114, 1.2066767875970987e-14, -0.26101258047727816, 5.247768316694993e-15, 0.2608102435541767, 4.454565566851082e-15, -0.2606540478034931, 1.917889690718519e-15, 0.2605386989102622, 1.264776351499703e-14, -0.26041377521706927, -7.792016308039574e-15, 0.26031658330731544, 3.929813970882983e-15, -0.26006140498073305, -8.60103276530879e-15, 0.2598448013862545, 2.058651954659911e-14, -0.2569817780745373, -1.7720870347484378e-14, -0.18569533817705383], [-0.28125545304599125, 0.06738260238424212, 0.24800278877442855, -0.12037841377847297, 0.21939244112903747, 0.16709190493513681, -0.18263725449777216, -0.20588232786953775, -0.1381795942489497, -0.23515584316753999, 0.08776246433244597, 0.2536773113250571, -0.033564744712212206, -0.2606646464783821, -0.02199842361896612, 0.25584587409564824, 0.07646264184908078, -0.2394614222516976, -0.1273513567611039, 0.21228319220411176, 0.17243081675742603, -0.17553537446649695, -0.20949394570892804, 0.13095411989136943, 0.23708144451053714, -0.0804806402193428, -0.25123461210483367, 0.027623497261693292, -0.18569533817705836], [0.2739970528547252, -0.13052890488094993, -0.1981540941405587, 0.2142416128435241, -0.1036466065880099, -0.2575639903157661, -0.0069635128732793376, 0.253950226329068, -0.11516671878636808, 0.20458625122436017, 0.20199641106449917, -0.11862140157780604, -0.25217115802657497, 0.011616827164395112, 0.2569548865443649, 0.09722774390533341, -0.21566618969967002, -0.18844878602225926, 0.13587582030898993, 0.24582370252753058, -0.031894646089780807, -0.25914662330357013, -0.07743674253719275, 0.22626346201637715, 0.17277149098934674, -0.15297983299410567, -0.23423668027766262, 0.05496235259186593, -0.18569533817706182], [-0.26213047304226234, 0.1855083469838105, 0.12242345549186509, -0.2609783769946532, -0.046272646808698914, 0.23000137086115569, 0.19236321351086183, -0.10742469808778063, 0.260031990146537, 0.05712207176625823, -0.22367275542986934, -0.19819026269976436, 0.09856297125724942, 0.2601621020378628, 0.06530829558663032, -0.21893128149349542, -0.20298767240370916, 0.09121228026589025, 0.2602467272524834, 0.07232891537467655, -0.21467892084615078, -0.20699880617091856, 0.08478667853413423, 0.25995570668163764, 0.07816683628273452, -0.21028918009889686, -0.20670847025541655, 0.08173457278610116, -0.18569533817706313], [0.24599734463116213, -0.22898149330950798, -0.030762996243999956, 0.25044335448565197, 0.18097237714103848, -0.09714808453331385, -0.26161171660378985, -0.12137885844387654, -0.16005920549026126, -0.2543412583725731, -0.05141138644921129, 0.21145179798542224, 0.22675406509774615, -0.023376332895483205, -0.24599374103024302, -0.18030385580145272, 0.09668194265824577, 0.26021560643613906, 0.11853872504465174, -0.16212343428926695, -0.252388442559483, -0.04632741036708375, 0.21407031653304548, 0.22279353279998554, -0.030155454408404614, -0.2466718155984979, -0.1698172034277117, 0.10766341427630201, -0.18569533817706585], [-0.22606568837325836, 0.2584423887905205, -0.06488283792448113, -0.18514999930178105, -0.2562707379753746, -0.0801171418986233, 0.1730823707363012, 0.25734803473752166, -0.09051744583536725, 0.16453693941125405, 0.2583589886402716, 0.09904534628313584, -0.1572625563242194, -0.25912176202315607, -0.10651714245667487, 0.15066469322760465, 0.2596703615251681, 0.11330406015555308, -0.14445242134678749, -0.2599290393235603, -0.11939496708067938, 0.138714324048398, 0.26001895416582405, 0.12482007459965772, -0.13316212170656117, -0.2584189803092134, -0.12512798549946885, 0.13247988526678117, -0.18569533817706788], [0.2029222074539565, -0.27240668938957346, 0.1522385186604189, 0.07958630883139511, 0.2477439910342703, 0.22089095999883748, 0.019650996893334795, -0.19674994089089096, 0.25607606339456757, 0.11081361539412671, -0.12298963514702145, -0.2580430348689863, -0.18592946894938314, 0.035517939066134055, 0.22831355473557827, 0.23731137857336976, 0.0552152401806701, -0.17129947454346967, -0.25959998614503765, -0.13841146665979526, 0.09450643995633724, 0.2510117510580595, 0.20457048594980876, -0.007303501606894448, -0.2126601829479998, -0.24421110061907644, -0.07453843697517114, 0.1559250907432831, -0.18569533817707043], [-0.17726014801290052, 0.27052468009679137, -0.22039529323996357, 0.043165489943322866, -0.15860195235298316, -0.26139295654289496, -0.20064022058650857, -0.0138501685488544, -0.18141926943143916, -0.2614514692226949, -0.1751984074173735, 0.02262064955997954, 0.205901795743446, 0.2575050339804298, 0.14430963916211872, -0.06128734384977532, -0.22750558348044528, -0.24764313852332173, -0.10867551424375413, 0.10014118427009099, 0.24449495406044308, 0.2313630735877722, 0.06914982754572264, -0.13745648357819892, -0.2544523469155178, -0.20524875850413205, -0.02019970088325761, 0.17775234749766375, -0.18569533817707234], [0.14987082403186663, -0.2536262946728989, 0.26133941615153433, -0.1567673742601396, 0.018222906956048925, 0.1838635990295743, 0.2617406396380307, 0.2139982365979048, -0.06303978008902422, 0.11835360707042553, 0.24201259740893097, 0.24745268433879228, 0.13179250734906295, -0.048449020505434134, -0.20482562516469083, -0.2603812457822358, -0.1876358064481968, -0.022341426151053622, 0.15397363053288604, 0.2541518642372724, 0.22854935493756856, 0.08973291703876389, -0.09343950289949375, -0.2297900321230669, -0.25080730543866, -0.14514133459781497, 0.035572599149539266, 0.1977289684817979, -0.18569533817707432], [-0.12163028264943786, 0.2236772040493486, -0.27106504482298516, 0.23765641711058536, 0.12804008699677605, -0.023980709543727993, -0.1674024480657061, -0.2524569205533125, 0.24889535563311707, 0.1574447812010735, 0.010148398502192414, -0.14070389087487756, -0.241165614033921, -0.25506885869628376, -0.1772201453934664, -0.03549762611266986, 0.11903973884730082, 0.23051388761287478, 0.2584786075657745, 0.1926653465533758, 0.056884205325683126, -0.0994898010906855, -0.21929438504407178, -0.2584145564195334, -0.2018193750730875, -0.0695648416836052, 0.09039326330376347, 0.21563756079203125, -0.18569533817707612], [0.09350016933120481, -0.18368948431278667, 0.25018818259847264, -0.2704921696688438, -0.23444389060886703, -0.14665816423897157, -0.0254672610414834, 0.10153083456108596, -0.20431284346256023, -0.257994339900866, -0.2492191990669887, -0.1797453090910647, -0.0662717725148161, 0.06349556547527989, 0.1776069796794599, 0.24777784759660798, 0.256479257883162, 0.201395172443347, 0.09612594781422819, -0.03311121418272123, -0.1539364549406702, -0.2358979157963424, -0.2580708363015714, -0.2144368513384536, -0.11542439983440221, 0.014276547413572427, 0.14190345721465394, 0.2312765663813849, -0.1856953381770768], [-0.06652265278675089, 0.1375490796694763, -0.20389928425380716, 0.2516672568027475, 0.2703834943348159, 0.25444284586877897, 0.20394798970085473, 0.1247362820581374, -0.02752278516362381, 0.0737369034864929, 0.16402676463815427, 0.22965283157685587, 0.2604556727776696, 0.2514899525678938, 0.20390270912578448, 0.12484814372684841, 0.026454055928253867, -0.0760254521556133, -0.16656085547392047, -0.23086739979584195, -0.25864911533856577, -0.24527629242132895, -0.1925320804881375, -0.10845442747078524, -0.0060727598109558455, 0.09833020928724966, 0.18786193594594788, 0.244459512504376, -0.18569533817707892], [0.04187442463156996, -0.08991672679274239, 0.14150654759626305, -0.1904433775488302, -0.2311097782503649, -0.2587604985197352, -0.26985042162855893, -0.26231677429906564, 0.23576238882061837, 0.1915069943375942, 0.1324960734830849, 0.06306635157424235, -0.011410815120950537, -0.08498512474757526, -0.15163624052237415, -0.20580164552462296, -0.24286472271583456, -0.25957620970011197, -0.2543496834681625, -0.22743327187089943, -0.18090225837993493, -0.1185280319947512, -0.04545579720655126, 0.03215787669328306, 0.10770215731220104, 0.17444313041463705, 0.22622372855993728, 0.2550117708277497, -0.18569533817707992], [-0.020922019397517172, 0.04608258849156291, -0.07541593140705274, 0.10713568188030542, 0.1395771142235856, 0.17114989716553625, 0.20034189601183022, 0.22574803770431373, -0.24610803563817613, -0.26034710065972866, -0.2676127687516893, -0.2673077891418729, -0.2591130623415755, -0.24300401705323696, -0.2192531909867599, -0.18842659527851296, -0.15136357454296817, -0.10915414633419891, -0.06309712237325076, -0.01466419057366939, 0.03456061921536848, 0.08291788141602725, 0.12875005887703103, 0.17041145171541258, 0.2063728386761763, 0.2350861463823812, 0.25519220299148615, 0.26276163248542483, -0.18569533817708003], [0.005775586877817818, -0.012901777909326555, 0.02156940262795627, -0.03153539014340256, -0.04261119531534218, -0.05463419791483836, -0.06745389113487821, -0.08092478083235925, 0.09490333352750291, 0.10924590793999857, 0.12380874443120761, 0.13844719402343003, 0.15301705802139354, 0.16737391665743565, 0.18137546824099016, 0.19488020657023064, 0.20775096096380447, 0.21985195801577515, 0.2310543689015395, 0.24122983019230315, 0.25026012332878234, 0.2580221267622198, 0.2644076710707371, 0.26928237914454867, 0.2725367776714867, 0.273918242201769, 0.2732067912953823, 0.2675152244087656, -0.18569533817708173]]

