[shined]
shined = [1, 4]

[amplitude]
pulse_type = AM
shape = rectangular
mu = 2108471.6722580604
delta_t = 1.4999999999999999e-05
segnum = 26
amp_list0 = [0.499889584204314, -0.033676640228783694, -0.4896466955141138, 0.4437202046164463, 0.14124987863599867, -0.2973710375256493, -0.4986538176010479, -0.09429947633669228, 0.18178237768196853, -0.059140677229614434, -0.2814007173141812, -0.06978394627489154, 0.4383890070967985, 0.4362555295920159, -0.07282792336136462, -0.28310295395029134, -0.05979408270462283, 0.18067958771751205, -0.09511585645314703, -0.49917370629805524, -0.2956848557607042, 0.14922121190050622, 0.4424408742665642, -0.4897679457990548, -0.02673702924488002, 0.4998132000244547]
amp_list1 = [0.499889584204314, -0.033676640228783694, -0.4896466955141138, 0.4437202046164463, 0.14124987863599867, -0.2973710375256493, -0.4986538176010479, -0.09429947633669228, 0.18178237768196853, -0.059140677229614434, -0.2814007173141812, -0.06978394627489154, 0.4383890070967985, 0.4362555295920159, -0.07282792336136462, -0.28310295395029134, -0.05979408270462283, 0.18067958771751205, -0.09511585645314703, -0.49917370629805524, -0.2956848557607042, 0.14922121190050622, 0.4424408742665642, -0.4897679457990548, -0.02673702924488002, 0.4998132000244547]

