[phonon]
partialpos = [0.0e+00 5.0e-06 1.0e-05 1.5e-05 2.0e-05 2.5e-05]
z_freqcal = [2030581.9716293686, 2055906.2870109752, 2089671.4984764825, 2127271.8460396384, 2161668.968494218, 2180000.0]
z_modes = [[0.12350251246970244, 0.26231938146549677, -0.4016526769640513, 0.5143169017647523, 0.5687022564587594, -0.4082482904638591], [-0.38498355983286997, -0.5765711932567338, 0.44185271856709846, -0.029983202628233358, 0.3956688435463069, -0.4082482904638592], [0.5801161849768298, 0.3142518117912379, 0.3787364547841608, -0.4843336991365167, 0.14150586470337065, -0.4082482904638662], [-0.5801161849768394, 0.3142518117912234, -0.3787364547841611, -0.4843336991365115, -0.14150586470337048, -0.40824829046386757], [0.38498355983288235, -0.5765711932567249, -0.4418527185670981, -0.029983202628230714, -0.3956688435463037, -0.4082482904638637], [-0.12350251246970649, 0.262319381465494, 0.4016526769640545, 0.5143169017647551, -0.5687022564587525, -0.40824829046386246]]

