[result]
infid = 0.012898078570745763
tracedist = 0.02606405263025258
infid_ideal = -1.0432159562645538e-05
bound_eq26 = 0.0524658013502629

