[shined]
shined = [1, 3]

[amplitude]
pulse_type = AM
shape = rectangular
mu = 2092083.5355928694
delta_t = 1.4999999999999999e-05
segnum = 21
amp_list0 = [-0.49884194602619647, -0.07993866500785377, 0.4978092625930498, 0.2486138307343861, -0.49913399775439626, 0.24670411999360323, 0.4985769612974956, 0.3008860335387197, -0.4995409943272371, -0.2089658152927204, 0.34729312816631863, -0.21526950939729442, -0.4995173278665292, 0.25852437936664585, 0.49832923462854156, 0.26898098374888124, -0.49903861443009473, 0.2531397128014878, 0.49696138671979684, -0.026929690623197663, -0.4978395988489941]
amp_list1 = [-0.49884194602619647, -0.07993866500785377, 0.4978092625930498, 0.2486138307343861, -0.49913399775439626, 0.24670411999360323, 0.4985769612974956, 0.3008860335387197, -0.4995409943272371, -0.2089658152927204, 0.34729312816631863, -0.21526950939729442, -0.4995173278665292, 0.25852437936664585, 0.49832923462854156, 0.26898098374888124, -0.49903861443009473, 0.2531397128014878, 0.49696138671979684, -0.026929690623197663, -0.4978395988489941]

