[phonon]
partialpos = [0.0e+00 5.0e-06 1.0e-05 1.5e-05 2.0e-05]
z_freqcal = [2036298.23661394, 2070494.8175102186, 2113672.25367552, 2156148.0460827844, 2180000.0]
z_modes = [[-0.17230893891831756, -0.3557281850836529, 0.5199130980931763, 0.611111657831111, -0.4472135954999583], [0.5023929691884956, 0.6111116578311125, -0.21817723187804444, 0.3557281850836525, -0.4472135954999592], [-0.6601680605403586, -2.261639967052279e-15, -0.6034717324302619, -2.1241612726540853e-16, -0.44721359549995776], [0.5023929691884984, -0.6111116578311121, -0.2181772318780434, -0.35572818508365306, -0.44721359549995726], [-0.17230893891831875, 0.3557281850836527, 0.5199130980931738, -0.6111116578311134, -0.44721359549995743]]

