[result]
infid = 0.020303356964164077
tracedist = 0.04200582048213081
infid_ideal = -3.1130227906572827e-06
bound_eq26 = 0.0835666006371316

