[shined]
shined = [0, 1]

[amplitude]
pulse_type = AM
shape = rectangular
mu = 2098544.850871268
delta_t = 1.4999999999999999e-05
segnum = 57
amp_list0 = [-0.12171665363983075, 0.1915867613677814, 0.17312866006790256, -0.18834543473887547, -0.0215205048604831, 0.18128086649433942, 0.09321153721272751, -0.19326319468870465, -0.182388347853614, 0.16428121570356172, 0.19164669498769243, -0.04174857146511971, -0.18175797717492906, 0.07602847692017659, 0.16891264562133834, 0.15061977333872026, -0.18734088419124872, -0.16514384271610996, 0.17486598250079996, 0.19129975179234596, -0.08708881924929716, -0.18380248404935082, -0.11797184568383501, 0.11569794848831787, 0.03364465499493955, -0.18184861309454511, -0.15064271887754566, 0.1178612926441179, 0.1861034394970883, 0.11846226726056064, -0.15136141788335025, -0.18045272071491383, 0.021182637827414884, 0.14126177971735135, -0.14767939368978064, -0.16649295487881915, -0.08917084843082086, 0.1906098419153923, 0.16955775641639614, -0.1589549077133049, -0.18678480840994618, 0.14640747052465838, 0.16813850830488428, 0.08182849790325408, -0.1863047911364004, -0.04256873396314915, 0.19216010078841397, 0.1672920910237146, -0.18763745992466208, -0.19059053743536264, 0.09397457451079266, 0.18060096575138931, -0.02092221403423439, -0.18785757988849303, 0.17312789581732893, 0.19197023138655425, -0.12206358689469095]
amp_list1 = [-0.12171665363983075, 0.1915867613677814, 0.17312866006790256, -0.18834543473887547, -0.0215205048604831, 0.18128086649433942, 0.09321153721272751, -0.19326319468870465, -0.182388347853614, 0.16428121570356172, 0.19164669498769243, -0.04174857146511971, -0.18175797717492906, 0.07602847692017659, 0.16891264562133834, 0.15061977333872026, -0.18734088419124872, -0.16514384271610996, 0.17486598250079996, 0.19129975179234596, -0.08708881924929716, -0.18380248404935082, -0.11797184568383501, 0.11569794848831787, 0.03364465499493955, -0.18184861309454511, -0.15064271887754566, 0.1178612926441179, 0.1861034394970883, 0.11846226726056064, -0.15136141788335025, -0.18045272071491383, 0.021182637827414884, 0.14126177971735135, -0.14767939368978064, -0.16649295487881915, -0.08917084843082086, 0.1906098419153923, 0.16955775641639614, -0.1589549077133049, -0.18678480840994618, 0.14640747052465838, 0.16813850830488428, 0.08182849790325408, -0.1863047911364004, -0.04256873396314915, 0.19216010078841397, 0.1672920910237146, -0.18763745992466208, -0.19059053743536264, 0.09397457451079266, 0.18060096575138931, -0.02092221403423439, -0.18785757988849303, 0.17312789581732893, 0.19197023138655425, -0.12206358689469095]

