[shined]
shined = [0, 2]

[amplitude]
pulse_type = AM
shape = rectangular
mu = 2111322.6706592506
delta_t = 1.4999999999999999e-05
segnum = 75
amp_list0 = [-0.49929457414006145, -0.09977706914500142, 0.4998004177853897, 0.49976730458752383, -0.20712889650952268, -0.49955614358522027, -0.49968533750450855, 0.4944965633314779, 0.49957918922567646, -0.017669855122250392, -0.49971866130674153, 0.20369768141845573, -0.4985365762603068, 0.45321611412634316, 0.4976574733916917, -0.4385854950647468, -0.49806170907281005, 0.28590327671869425, 0.49733683067744683, 0.11172532587684243, -0.49729067145154954, -0.43598898716537604, 0.4219822757763357, 0.49705886663788856, -0.1898986863135899, -0.497243780836444, -0.09491001866916976, 0.49100747103879955, 0.31470531201525126, -0.3368965115299134, -0.4925984037209651, 0.021942590394191996, 0.47672367221756473, 0.22613054676223768, -0.33263417994885736, -0.3824438786861107, 0.14111405062880134, 0.4774693325893463, 0.1409228681908684, -0.38327129975539653, -0.33440461875115146, 0.22454861516213204, 0.47830408709580846, 0.029861632041359103, -0.4903563521048055, -0.32520681640429744, 0.3200943929991353, 0.49081132512725506, -0.09699109762246078, -0.49733430239888576, -0.18950001690026522, 0.49681025221935476, 0.4277182711649356, -0.4231178335487506, -0.4970802471432752, 0.1163099604488353, 0.4977600516259259, 0.2689958353832413, -0.497648232644937, -0.43742787563088953, 0.4974202738458124, 0.4643112327950272, -0.4977271528323609, 0.18163891641386393, -0.49957774977992586, 0.006735075554899161, 0.4995219305405572, 0.495061434778064, -0.49980702741132316, -0.4995852122379059, -0.1714979655152506, 0.49979415650930265, 0.49980088342618745, -0.15620837484671377, -0.49931549508287515]
amp_list1 = [-0.49929457414006145, -0.09977706914500142, 0.4998004177853897, 0.49976730458752383, -0.20712889650952268, -0.49955614358522027, -0.49968533750450855, 0.4944965633314779, 0.49957918922567646, -0.017669855122250392, -0.49971866130674153, 0.20369768141845573, -0.4985365762603068, 0.45321611412634316, 0.4976574733916917, -0.4385854950647468, -0.49806170907281005, 0.28590327671869425, 0.49733683067744683, 0.11172532587684243, -0.49729067145154954, -0.43598898716537604, 0.4219822757763357, 0.49705886663788856, -0.1898986863135899, -0.497243780836444, -0.09491001866916976, 0.49100747103879955, 0.31470531201525126, -0.3368965115299134, -0.4925984037209651, 0.021942590394191996, 0.47672367221756473, 0.22613054676223768, -0.33263417994885736, -0.3824438786861107, 0.14111405062880134, 0.4774693325893463, 0.1409228681908684, -0.38327129975539653, -0.33440461875115146, 0.22454861516213204, 0.47830408709580846, 0.029861632041359103, -0.4903563521048055, -0.32520681640429744, 0.3200943929991353, 0.49081132512725506, -0.09699109762246078, -0.49733430239888576, -0.18950001690026522, 0.49681025221935476, 0.4277182711649356, -0.4231178335487506, -0.4970802471432752, 0.1163099604488353, 0.4977600516259259, 0.2689958353832413, -0.497648232644937, -0.43742787563088953, 0.4974202738458124, 0.4643112327950272, -0.4977271528323609, 0.18163891641386393, -0.49957774977992586, 0.006735075554899161, 0.4995219305405572, 0.495061434778064, -0.49980702741132316, -0.4995852122379059, -0.1714979655152506, 0.49979415650930265, 0.49980088342618745, -0.15620837484671377, -0.49931549508287515]

