[result]
infid = 0.08570469867116381
tracedist = 0.26675033627103095
infid_ideal = 0.1429913589334162
bound_eq26 = 1.21469042316919

