[phonon]
partialpos = [0.00e+00 5.00e-06 1.00e-05 1.50e-05 2.00e-05 2.50e-05 3.00e-05 3.50e-05
	 4.00e-05 4.50e-05 5.00e-05 5.50e-05 6.00e-05 6.50e-05 7.00e-05 7.50e-05
	 8.00e-05 8.50e-05 9.00e-05 9.50e-05 1.00e-04 1.05e-04 1.10e-04 1.15e-04
	 1.20e-04]
z_freqcal = [2017022.236265611, 2018752.177063201, 2021331.223366591, 2024737.2270701253, 2028943.6241564958, 2033918.769163118, 2039625.689671043, 2046021.9184219306, 2053059.3268300516, 2060683.920459765, 2068835.5715886476, 2077447.650544174, 2086446.5287601303, 2095750.8853420382, 2105270.7744305385, 2114906.3073105067, 2124545.864374225, 2134063.4755373388, 2143315.1513971197, 2152133.0830386, 2160316.9328312255, 2167617.7583968015, 2173709.9765077815, 2178113.9467590395, 2179999.9999999995]
z_modes = [[0.007748477821185722, -0.017308269683603873, -0.02892416427918067, 0.0422483839150583, -0.056998402260614346, 0.072920141650377, -0.08977109521750745, -0.1073117862569233, 0.12530335116740432, -0.14350535025579492, -0.1616777504949542, -0.17957983880306352, 0.19697465501166544, -0.21362674501465145, 0.22930925970893043, -0.24379793687259538, -0.25688294152318725, -0.2683531856792355, 0.2780194782726723, -0.285669319367125, 0.29112468396909624, 0.29405449239357695, 0.29417010849260894, -0.28823145261228084, -0.20000000000001664], [-0.02800077882284543, 0.06137274040355583, 0.0996540789478055, -0.14000433483724728, 0.17973390549083737, -0.21629548944398944, 0.24734023334802377, 0.27080266509123974, -0.2849881992227587, 0.28865508807288615, 0.2810761396061812, 0.2620831361288604, -0.23207914424721038, 0.1920319903215506, -0.14342886733046425, 0.08822093255709447, 0.028723719798324384, -0.032468734497228015, 0.09262720305889473, -0.1489598495510211, 0.19879665008817812, 0.2394979412133461, 0.2687451489357924, -0.2815018349543248, -0.2000000000000169], [0.055799796671256625, -0.11817332157913765, -0.18192268774392148, 0.237188965358178, -0.2754946670862988, 0.2904948118001406, -0.2786377457511606, -0.23957956623710405, 0.17626363400009992, -0.09462649845220215, -0.0029575486676666, 0.089032094661086, -0.17131459849956124, 0.23471615711972507, -0.27199222971303977, 0.2787141344211647, 0.2538143254293756, 0.19979021661504107, -0.1224454184816199, 0.0303443940795474, 0.06618031886293496, 0.15591245469536041, 0.22815281298222753, -0.2705385718776197, -0.20000000000001492], [-0.08808342236636568, 0.1771935753823435, 0.25102855662320867, -0.2889629822490491, 0.27854156990587003, -0.2179356150527133, 0.11639014203977238, -0.0075859685157376976, 0.13000869089573797, -0.22643214231321251, -0.27715500623701655, -0.2715030924680718, 0.21027482332411945, -0.10577900913030547, -0.02054993414481365, 0.142525042507346, 0.23460961067743868, 0.2772982660230013, -0.261223013763963, 0.18929141639213745, -0.07611949148163295, 0.054602305057113415, 0.17511606294298976, -0.25564495168687046, -0.2000000000000153], [0.12276333962357394, -0.2301589157964885, -0.2887610122412333, 0.27034345626126277, -0.17352128553234733, 0.024353472249623608, 0.13204006831273582, 0.2463468961863869, -0.2815949486663077, 0.22584450122724586, 0.09669895427535664, -0.06400078289714585, 0.2036844627154743, -0.2763254424177271, 0.2577729076334397, -0.1539447072017188, 0.0008728723410008447, 0.15523996687611935, -0.25749952451536157, 0.2730544455988609, -0.19590892081515418, -0.051248973929456265, 0.11284642954260424, -0.2371080078997519, -0.2000000000000169], [-0.15800635294450097, 0.2700656416867799, 0.28390923242026117, -0.17981720256249337, -0.0026382116043129748, 0.18303325349030417, -0.2785126056975697, -0.24404597238031375, 0.09509650094405672, 0.09857307578968422, 0.24539869626590466, 0.27550232767144517, -0.17428934434027732, -0.010145190576698224, 0.18968683368674685, -0.27825336821024366, -0.2332005986060184, -0.07602859256003545, -0.11756898747825452, 0.25396190881134617, -0.26646436580042, -0.14806398890825323, 0.04498143160261136, -0.21523179566277498, -0.200000000000018], [0.19218269636433039, -0.29160015150342405, -0.23400869853431677, 0.039500069975349224, 0.17749968150291345, -0.2821043478079448, 0.20755167154354048, 0.0006579505565658035, 0.20635177143735195, -0.28028087146823205, -0.17320147125288352, 0.04586261366040435, -0.23505309111511422, 0.2715255325967673, -0.13142928015743563, -0.09418379287895733, -0.25836126015995053, -0.2539213554010559, 0.08368012175062244, 0.14103509410428772, -0.2725099436735587, -0.223537522647482, -0.024574772850684327, -0.19034803833817351, -0.20000000000001697], [-0.22381357744070093, 0.29140785662567903, 0.1454684337731405, 0.11195855784038404, -0.2762124668207838, 0.2127613340437406, 0.026536352628583372, 0.24321753943913127, -0.2565961685026462, 0.05531488959013231, -0.1921326899415938, -0.2781102616108345, 0.13029926632315464, 0.12704231933667767, -0.27723254372359, 0.19364890810137772, -0.05329232828116864, -0.25514077579443256, 0.24133840213350222, -0.023481536608091266, -0.21362527871265719, -0.2681823178361668, -0.09185047549920523, -0.16281869333371427, -0.20000000000001616], [0.2515958404944125, -0.2683568108101737, -0.032351576640174635, -0.23114023437960024, 0.25545813719757987, -0.015643070782576703, -0.23958434708811457, -0.24441032917558048, -0.006189966288130853, 0.24996703851779098, 0.23144058828730227, -0.029947010600522107, 0.25969547062286635, -0.21633794792826994, -0.05451294135421866, 0.26782753679408866, 0.19897072450910835, -0.07949989710539129, 0.2740453082305747, -0.1793783674179969, -0.10426785363690019, -0.2765294666221793, -0.1530194889588331, -0.133034883604298, -0.2000000000000112], [-0.2744154496384662, 0.2235777358145518, -0.08629660264128715, 0.2832025090190508, -0.12363169217315274, -0.19085895050750853, 0.262738932766165, 0.001235940030310782, 0.26135423489796766, -0.19118813551768996, 0.12226184861880877, 0.2796715770270678, -0.08047850694684439, -0.22121083520620596, 0.2405139926541759, 0.047139930174429336, 0.2744033721988008, 0.15104400954715766, 0.1652738214372268, -0.2700771817700586, 0.029605851358770672, -0.24781931804844287, -0.2046108394995437, -0.10141388601587603, -0.20000000000000948], [0.29137688750411855, -0.16033512800765795, 0.18997079919026744, -0.25259485368457657, -0.06213242895878582, 0.2819361160047733, -0.07730968443412055, 0.24313387907376804, -0.19666189406315102, -0.14626013087046688, -0.26812714710713237, 0.014816999532238395, -0.2751473068559734, 0.11971357879724888, 0.21649319894258012, -0.22535712076828485, 0.10635846127416163, 0.27705494540719755, -0.02864209232664906, -0.2628515411937898, 0.15654811410076944, -0.18608987937387061, -0.24370096805513167, -0.06839494924938525, -0.200000000000006], [-0.3018217622655761, 0.08368879084158307, -0.2605220501266072, 0.14801093145865568, 0.22070181147941248, -0.2022657069955781, -0.1695554047279525, -0.24380674239804084, -0.10884641410293618, 0.2703531430902932, -0.041951290691864165, -0.2804353410826749, 0.027221916453589193, 0.27352190455881076, -0.09451994192144426, -0.2501013513735316, -0.15597901076981333, 0.21160164551114374, -0.20772041481479014, -0.1604528073454399, 0.24687814734749933, -0.09964939099528129, -0.26807650657726484, -0.03443435723156342, -0.200000000000006], [0.305348609999164, -6.531396847853483e-14, 0.2855113825040694, 2.1750215664144118e-14, -0.2826119022806306, -2.3235215083024225e-14, 0.28154696455519185, -1.789947329382865e-14, 0.2809988150066135, 1.5741318534019844e-14, 0.28065335467910174, -5.394124131193247e-15, 0.28042279510823176, 4.033027726533466e-15, -0.28022090856173737, -1.6062748512787385e-15, -0.2800738937761344, -6.19473984375133e-16, -0.2797697670057343, -3.250837910414043e-16, 0.27952417678620856, 1.0576953979933641e-14, -0.27635788611628687, 2.2158925773899456e-14, -0.2000000000000027], [-0.30182176226560664, -0.08368879084145467, -0.26052205012659546, -0.14801093145868835, 0.22070181147940449, 0.2022657069956063, -0.1695554047279145, 0.2438067423980557, -0.10884641410289918, -0.2703531430903011, -0.04195129069184194, 0.28043534108267526, 0.027221916453588395, -0.2735219045588096, -0.0945199419214521, 0.25010135137353023, -0.15597901076981535, -0.21160164551114571, -0.20772041481479014, 0.16045280734544023, 0.2468781473474961, 0.09964939099530054, -0.26807650657726645, 0.03443435723160367, -0.19999999999999682], [0.29137688750417484, 0.16033512800753474, 0.18997079919024998, 0.2525948536845833, -0.06213242895878128, -0.28193611600476715, -0.07730968443416228, -0.2431338790737504, -0.1966618940631804, 0.14626013087044484, -0.2681271471071441, -0.014816999532229914, -0.2751473068559797, -0.11971357879725501, 0.21649319894258187, 0.22535712076828596, 0.10635846127416435, -0.27705494540719505, -0.028642092326642582, 0.26285154119378623, 0.15654811410076022, 0.18608987937388083, -0.2437009680551362, 0.0683949492494195, -0.1999999999999932], [-0.2744154496385454, -0.2235777358144482, -0.08629660264126973, -0.28320250901904215, -0.12363169217315308, 0.19085895050748453, 0.262738932766187, -0.0012359400303380273, 0.26135423489796356, 0.19118813551770864, 0.1222618486187992, -0.27967157702707174, -0.08047850694684018, 0.22121083520620452, 0.2405139926541837, -0.04713993017442845, 0.27440337219880645, -0.15104400954715264, 0.16527382143723732, 0.27007718177005524, 0.029605851358755996, 0.24781931804844584, -0.20461083949954828, 0.10141388601590699, -0.19999999999998985], [0.2515958404945149, 0.2683568108100925, -0.03235157664018038, 0.23114023437958361, 0.255458137197575, 0.015643070782595345, -0.2395843470881111, 0.24441032917559075, -0.006189966288109782, -0.2499670385177853, 0.2314405882873069, 0.029947010600524356, 0.2596954706228686, 0.2163379479282658, -0.05451294135421479, -0.26782753679408206, 0.1989707245091109, 0.07949989710539267, 0.274045308230583, 0.17937836741799468, -0.10426785363691549, 0.27652946662217637, -0.1530194889588381, 0.13303488360432641, -0.19999999999998744], [-0.2238135774408105, -0.29140785662561375, 0.14546843377312818, -0.111958557840366, -0.27621246682077455, -0.21276133404373743, 0.026536352628563537, -0.24321753943911814, -0.2565961685026575, -0.05531488959015084, -0.1921326899415863, 0.27811026161083796, 0.1302992663231514, -0.12704231933667812, -0.2772325437235968, -0.1936489081013768, -0.05329232828116947, 0.2551407757944304, 0.24133840213350535, 0.023481536608089795, -0.21362527871267503, 0.2681823178361616, -0.09185047549920715, 0.1628186933337416, -0.1999999999999855], [0.19218269636443808, 0.29160015150337104, -0.23400869853428755, -0.039500069975367605, 0.17749968150290635, 0.28210434780792865, 0.2075516715435615, -0.0006579505565819598, 0.20635177143734554, 0.28028087146823716, -0.1732014712528894, -0.0458626136604091, -0.235053091115121, -0.27152553259676393, -0.13142928015744024, 0.09418379287895594, -0.2583612601599538, 0.2539213554010518, 0.08368012175062191, -0.14103509410428397, -0.27250994367357195, 0.2235375226474741, -0.02457477285068643, 0.19034803833819958, -0.19999999999998344], [-0.15800635294459886, -0.27006564168674035, 0.2839092324202234, 0.17981720256251363, -0.0026382116043062926, -0.18303325349028798, -0.27851260569758357, 0.24404597238032022, 0.09509650094406837, -0.09857307578967554, 0.24539869626590305, -0.2755023276714489, -0.1742893443402742, 0.010145190576700873, 0.18968683368675207, 0.278253368210241, -0.23320059860602002, 0.07602859256003315, -0.11756898747825585, -0.2539619088113393, -0.2664643658004301, 0.14806398890824776, 0.044981431602609374, 0.21523179566280248, -0.19999999999998358], [0.12276333962365486, 0.23015891579645992, -0.2887610122411956, -0.27034345626128725, -0.17352128553235494, -0.024353472249628076, 0.13204006831273518, -0.24634689618637803, -0.2815949486663078, -0.22584450122725208, 0.0966989542753611, 0.06400078289714753, 0.203684462715474, 0.2763254424177196, 0.2577729076334474, 0.15394470720172024, 0.000872872340999246, -0.15523996687611616, -0.25749952451536295, -0.2730544455988551, -0.1959089208151622, 0.05124897392945668, 0.11284642954260175, 0.23710800789978181, -0.19999999999998302], [-0.08808342236642404, -0.17719357538232167, 0.2510285566231756, 0.28896298224907485, 0.27854156990588047, 0.21793561505270556, 0.11639014203978454, 0.007585968515726392, 0.13000869089572756, 0.22643214231320777, -0.27715500623701755, 0.2715030924680766, 0.210274823324117, 0.10577900913030232, -0.020549934144811075, -0.14252504250734113, 0.23460961067744013, -0.27729826602299656, -0.2612230137639639, -0.1892914163921335, -0.0761194914816359, -0.054602305057107677, 0.17511606294298748, 0.255644951686903, -0.19999999999998205], [0.05579979667129237, 0.1181733215791212, -0.18192268774389597, -0.23718896535819728, -0.2754946670863041, -0.29049481180011955, -0.27863774575116934, 0.23957956623710128, 0.1762636340001063, 0.09462649845221122, -0.00295754866767238, -0.08903209466108583, -0.17131459849955907, -0.2347161571197176, -0.2719922297130448, -0.2787141344211627, 0.25381432542938115, -0.1997902166150403, -0.12244541848162122, -0.030344394079547633, 0.06618031886293806, -0.15591245469535056, 0.22815281298222684, 0.27053857187765534, -0.1999999999999826], [-0.028000778822862345, -0.06137274040354681, 0.09965407894779187, 0.14000433483725855, 0.17973390549083954, 0.21629548944397042, 0.24734023334802677, -0.27080266509122947, -0.28498819922276, -0.2886550880728932, 0.2810761396061901, -0.26208313612887013, -0.23207914424721024, -0.19203199032154447, -0.14342886733046678, -0.08822093255709389, 0.028723719798325567, 0.032468734497227515, 0.09262720305889711, 0.14895984955101857, 0.19879665008818687, -0.23949794121333126, 0.2687451489357897, 0.2815018349543587, -0.1999999999999824], [0.007748477821189811, 0.01730826968360068, -0.02892416427917664, -0.042248383915062096, -0.056998402260615, -0.0729201416503697, -0.08977109521750702, 0.1073117862569168, 0.12530335116740204, 0.14350535025579636, -0.16167775049495872, 0.17957983880307013, 0.19697465501166372, 0.21362674501464346, 0.22930925970893395, 0.24379793687259216, -0.25688294152319063, 0.2683531856792333, 0.2780194782726779, 0.28566931936712103, 0.2911246839691095, -0.29405449239356013, 0.2941701084926073, 0.2882314526123165, -0.199999999999983]]

