[phonon]
partialpos = [0.00e+00 5.00e-06 1.00e-05 1.50e-05 2.00e-05 2.50e-05 3.00e-05 3.50e-05
	 4.00e-05 4.50e-05 5.00e-05 5.50e-05 6.00e-05 6.50e-05 7.00e-05 7.50e-05
	 8.00e-05 8.50e-05 9.00e-05 9.50e-05 1.00e-04 1.05e-04 1.10e-04 1.15e-04
	 1.20e-04 1.25e-04]
z_freqcal = [2016954.1354780404, 2018555.3841154778, 2020944.0476007354, 2024100.9964814251, 2028003.358602355, 2032623.9208351318, 2037930.916126232, 2043887.8859732163, 2050453.549205035, 2057581.648951122, 2065220.752538279, 2073313.9865903715, 2081798.6733320523, 2090605.845662498, 2099659.577410797, 2108876.0919798166, 2118162.5123493643, 2127415.177818714, 2136517.1890866947, 2145334.9871730497, 2153712.9567135987, 2161465.349608154, 2168361.3848163243, 2174099.325381788, 2178234.830945054, 2180000.0]
z_modes = [[-0.007169770470208769, 0.01601603506397418, 0.02676853587983271, -0.039111633159368574, -0.052791959768328095, 0.06758444079188045, -0.08327546094913042, 0.09965572472044375, -0.1165161169179903, 0.13364740850891269, -0.15083899960175529, 0.16788126577017598, -0.18456450010485587, 0.20068313402122015, -0.21603325969255296, 0.23041925364378602, -0.2436475426025692, 0.2555377711967347, -0.26590719363394416, 0.27459283464907686, -0.2814073045356727, 0.2861946783976008, 0.288648266905999, 0.28850066721619555, -0.2826106146175514, -0.19611613513819373], [0.025927967231384963, -0.05691229724542054, -0.09262701305144405, 0.13056236932623483, 0.16834908660485753, -0.20373395231493674, 0.23461817610972022, -0.2591218034631475, 0.2756567494636994, -0.2829936665007762, 0.2803204815642984, -0.2672813811145315, 0.24400148036901706, -0.21108425098743255, 0.16959574327487625, -0.12101681022056418, 0.06719141025021688, -0.010237862666237442, -0.04752182594250924, 0.10368387081687887, -0.15581377482543207, 0.20160366542595853, 0.2387635994088668, 0.2652842045186824, -0.2764710122196599, -0.19611613513819456], [-0.05173490910302869, 0.11001334603347315, 0.17047142654656525, -0.22437574695203882, -0.2640839868887048, 0.28364185954690707, -0.27934140240450367, 0.2501128089047649, -0.19766477680241396, 0.12634137096580997, -0.042692653612463806, -0.04519499807273962, 0.12855153207558345, -0.19885593750324362, 0.24876684963398177, -0.2729258163970059, 0.2685773453880433, -0.23589188884980786, 0.17801805760160586, -0.10076648147849222, 0.012098997140075195, 0.0787348056429928, 0.16189977642462272, 0.2281380636989988, -0.2664665260782978, -0.19611613513819412], [0.08181938855518237, -0.16593636151896565, -0.23828505484814502, 0.28017264844886197, 0.2794280956565917, -0.2325844330248263, 0.14558253181211697, -0.03271800584017531, -0.08604658517100153, 0.1889303280539863, -0.2566046055849982, 0.2760589526152299, -0.24328004861245464, 0.16421079701815505, -0.053754601451624605, -0.06697800051298947, 0.17469880039041608, -0.24841705959033414, 0.2735643748333758, -0.2448483924144586, 0.167442052219077, -0.05600737192180611, 0.0677613690701034, 0.17940969057750097, -0.252866024603622, -0.1961161351381938], [-0.11431686378862035, 0.21732216687894143, 0.27952163384554685, -0.27385689805074304, -0.19528241591757053, 0.06237697767003831, 0.08815758892364733, -0.2126631089219744, 0.274045640264114, -0.25348652056536375, 0.15667090957093202, -0.01249310352051447, -0.13545995993534918, 0.24211594108222054, -0.2747469356804594, 0.2231636624917191, -0.10302681985539962, -0.048760814522614965, 0.18531508764260837, -0.26412570720340844, 0.26029847371334763, -0.17427994583644726, -0.03226017783291274, 0.12185361211631274, -0.23591956328495817, -0.19611613513819287], [0.14759765334353425, -0.257855876521358, -0.28328622149712335, 0.20068836658694736, 0.037280004866080844, 0.14099749646797277, -0.25863223071617997, 0.26447722761315107, -0.15532388647209042, -0.021648640700073326, 0.18898911978882574, -0.27293841089716875, 0.2362030578944233, -0.09481058715219655, -0.08865203156920501, 0.2326561587204377, -0.27297816643575923, 0.1914918599857797, -0.02447457551099468, -0.15327353603755503, 0.26177679073690013, -0.2515292630909314, -0.12624804031176912, 0.05859722832252918, -0.21588935938069614, -0.19611613513819406], [-0.1802124580138191, 0.2825943519387546, 0.24588955312291685, -0.07631596225020261, 0.1351018999738227, -0.2670029645386376, 0.24156692620782413, -0.07310564490063495, -0.13864580004591173, 0.2672975833833136, -0.235584000036914, 0.062310734427401086, 0.14838194610631786, -0.2694565046479898, 0.22769270146986392, -0.048196767976234095, -0.16044625949378064, 0.2717733026002691, -0.21811529118488251, 0.03200030636138968, 0.1732908132675896, -0.27207704325334825, -0.20310556188400028, -0.006980127575174866, -0.19306006729907338, -0.1961161351381946], [0.2108383638193638, -0.2881819622387131, -0.17117100542280916, -0.06798932975045721, -0.2538187113353716, 0.24515938427963935, -0.04803816489918237, -0.18577628697337722, 0.2750722564611801, -0.15024279165200846, -0.09161286703141598, 0.2617410599124293, -0.22706636757961554, 0.014633195379639391, 0.20915241944141927, -0.26873482994829195, 0.11726997098226315, 0.1263197423056205, -0.2704777309059162, 0.20170601183604453, 0.025878817411826464, -0.2323720178235034, -0.2538446270226709, -0.0714041414810319, -0.16774169827512708, -0.19611613513819454], [-0.23829640313939363, 0.2730954287786067, 0.06980395397949768, 0.1941564962348647, 0.2708408917092062, -0.0866735366364453, -0.18070566278599812, 0.2719809462666838, -0.09829389725557577, -0.17104927987731489, 0.27299958682216563, -0.10782730048057658, -0.16280520923723002, 0.2737513775854913, -0.11621013494928961, -0.15525733875507708, 0.2741467486080889, -0.12363451494817855, -0.14834742878945292, 0.2743215505255147, -0.1302357657812429, -0.1416827708836442, -0.27263875746466226, -0.13127685030538871, -0.14026925768351065, -0.19611613513819207], [0.2615604092643366, -0.23771473994485828, 0.042599427651169294, -0.2681631004986119, -0.17871841589586912, -0.12029338147646858, 0.2762409823963914, -0.10483283967235461, -0.1905819789075006, 0.2592826358589927, -0.01970311292645245, -0.243095089774455, 0.21629277797285354, 0.06813625812888063, -0.27120660131476215, 0.15084514528989784, 0.14935235696234342, -0.2711546951406068, 0.06921107154730935, 0.2153081874224914, -0.24238362513407524, -0.02007380309263264, -0.2575063793202479, -0.18344845674804555, -0.11100064284366926, -0.19611613513819198], [-0.2797808695216924, 0.18427127335230042, -0.14816554314547326, 0.26970527038333375, 0.014294644704745715, 0.2596920264696851, -0.1677841274851347, -0.1600883591297736, 0.2616947924864587, 0.006059955261020443, -0.2649528231036278, 0.14933006628979867, 0.1772383052386007, -0.25300028898712446, -0.02908476535886074, 0.2698832447007381, -0.12868827551325346, -0.194523511682912, 0.24215099664589318, 0.05319635843608073, -0.27293882567959166, 0.10590784184517532, -0.21053893977025417, -0.22517853200511614, -0.08031349893916818, -0.19611613513818912], [0.2923010750165928, -0.11662459874034262, 0.22984198054306135, -0.19809070985015895, 0.15591131778925418, -0.252997237732654, -0.06473074212426756, 0.27546760997660713, -0.03359887823394714, -0.2630986476808287, 0.127103100678022, 0.2177010574746616, -0.2042644556344956, -0.14509637139600068, 0.255559900412692, 0.05450256988336465, -0.2747170327090275, 0.042758127971379706, 0.2594119983411798, -0.13430258769607964, -0.21176211184041285, 0.20891809700740072, -0.1376448437511832, -0.25427716954473484, -0.04860140133864992, -0.19611613513818815], [-0.29867438221736964, 0.039913234163622614, -0.27431938935129757, 0.07261822953133601, -0.26275837234182714, 0.10383332049785124, 0.24932665455565262, -0.13338826858022582, -0.2329201910716796, 0.16096026494433185, 0.2134756520419921, -0.1861928526297091, -0.19116860429723, 0.2087732374583875, 0.16626499135734316, -0.2283604709197799, -0.13909776490398493, 0.24473954334090608, 0.1100234183724029, -0.2574924152174761, -0.07947953327529253, 0.2666631275831955, -0.04783883922764059, -0.2692181887907499, -0.016269589478050833, -0.19611613513818527], [0.29867438221736936, 0.039913234163579, 0.2743193893513003, 0.07261822953134511, 0.26275837234183175, 0.10383332049783284, -0.24932665455565983, -0.13338826858018973, 0.23292019107168496, 0.1609602649443251, -0.213475652041996, -0.18619285262971072, 0.19116860429725183, 0.2087732374583826, -0.16626499135734607, -0.2283604709197801, 0.13909776490398107, 0.24473954334090617, -0.11002341837240509, -0.25749241521747895, 0.0794795332752914, 0.26666312758319294, 0.04783883922764495, -0.26921818879074816, 0.01626958947806262, -0.19611613513818238], [-0.29230107501659713, -0.11662459874030541, -0.2298419805430705, -0.19809070985016758, -0.1559113177892659, -0.25299723773264937, 0.06473074212428347, 0.2754676099766084, 0.03359887823393583, -0.26309864768083585, -0.12710310067801434, 0.21770105747466545, 0.20426445563447362, -0.14509637139601048, -0.2555599004126894, 0.05450256988336638, 0.27471703270902764, 0.042758127971379664, -0.2594119983411808, -0.13430258769608736, 0.21176211184041221, 0.20891809700739536, 0.13764484375118657, -0.2542771695447287, 0.048601401338663086, -0.19611613513818094], [0.2797808695216977, 0.18427127335227178, 0.14816554314548722, 0.269705270383338, -0.014294644704730824, 0.2596920264696917, 0.16778412748511898, -0.1600883591298051, -0.2616947924864486, 0.006059955261026427, 0.26495282310362095, 0.14933006628980167, -0.17723830523861703, -0.25300028898712135, 0.02908476535885865, 0.26988324470073655, 0.1286882755132611, -0.19452351168290996, -0.24215099664589337, 0.05319635843607154, 0.2729388256795929, 0.1059078418451691, 0.2105389397702583, -0.22517853200511198, 0.0803134989391797, -0.1961161351381788], [-0.2615604092643461, -0.23771473994484374, -0.04259942765118443, -0.26816310049861347, 0.17871841589586324, -0.12029338147647961, -0.27624098239639167, -0.10483283967232844, 0.19058197890750395, 0.2592826358590041, 0.019703112926451143, -0.24309508977446356, -0.21629277797283847, 0.06813625812889043, 0.27120660131476315, 0.1508451452898999, -0.14935235696233617, -0.271154695140608, -0.0692110715473112, 0.21530818742248548, 0.24238362513407888, -0.02007380309263743, 0.25750637932025205, -0.18344845674804164, 0.11100064284367926, -0.19611613513817636], [0.23829640313940792, 0.27309542877860726, -0.0698039539794822, 0.19415649623486383, -0.2708408917092086, -0.08667353663643178, 0.1807056627860133, 0.2719809462666805, 0.09829389725555845, -0.1710492798773254, -0.2729995868221505, -0.10782730048057512, 0.16280520923724318, 0.2737513775854867, 0.1162101349492922, -0.15525733875507175, -0.2741467486080875, -0.12363451494818306, 0.1483474287894468, 0.27432155052551455, 0.13023576578125265, -0.14168277088364234, 0.27263875746466376, -0.13127685030538563, 0.1402692576835222, -0.19611613513817702], [-0.21083836381938467, -0.2881819622387272, 0.17117100542279357, -0.06798932975045133, 0.2538187113353753, 0.24515938427962827, 0.04803816489916831, -0.18577628697339085, -0.2750722564611645, -0.15024279165201762, 0.09161286703140266, 0.2617410599124343, 0.2270663675796043, 0.014633195379630658, -0.20915241944142013, -0.2687348299482909, -0.11726997098226781, 0.12631974230561915, 0.27047773090591304, 0.20170601183604803, -0.02587881741182094, -0.2323720178235015, 0.25384462702267163, -0.07140414148102942, 0.16774169827513763, -0.1961161351381759], [0.18021245801383717, 0.2825943519387716, -0.24588955312289718, -0.07631596225021318, -0.13510189997381902, -0.2670029645386293, -0.24156692620782183, -0.07310564490062149, 0.13864580004590998, 0.2672975833833247, 0.23558400003690394, 0.0623107344274035, -0.1483819461063255, -0.2694565046479842, -0.22769270146986834, -0.048196767976243955, 0.16044625949377167, 0.2717733026002721, 0.21811529118488437, 0.03200030636139682, -0.17329081326758922, -0.2720770432533457, 0.2031055618840004, -0.006980127575172661, 0.19306006729908337, -0.19611613513817472], [-0.14759765334354713, -0.257855876521372, 0.2832862214970994, 0.20068836658696054, -0.037280004866094514, 0.1409974964679672, 0.25863223071618946, 0.2644772276131537, 0.1553238864720826, -0.021648640700066436, -0.1889891197888083, -0.2729384108971792, -0.2362030578944179, -0.09481058715218876, 0.08865203156920483, 0.2326561587204338, 0.272978166435759, 0.1914918599857864, 0.024474575510999876, -0.15327353603754956, -0.26177679073690674, -0.25152926309092893, 0.1262480403117676, 0.05859722832253213, 0.21588935938070603, -0.19611613513817422], [0.11431686378863004, 0.21732216687895192, -0.2795216338455183, -0.2738568980507489, 0.1952824159175838, 0.06237697767003825, -0.08815758892365598, -0.21266310892198173, -0.2740456402640984, -0.25348652056537685, -0.15667090957093094, -0.012493103520519138, 0.13545995993535107, 0.24211594108221252, 0.27474693568046005, 0.2231636624917227, 0.10302681985540718, -0.04876081452260821, -0.18531508764259919, -0.2641257072034049, -0.2602984737133586, -0.17427994583644835, 0.03226017783291305, 0.12185361211631467, 0.23591956328496935, -0.19611613513817347], [-0.0818193885551889, -0.16593636151897237, 0.23828505484811813, 0.28017264844886314, -0.27942809565660376, -0.23258443302482562, -0.14558253181212197, -0.032718005840175826, 0.08604658517099356, 0.18893032805399096, 0.2566046055849855, 0.2760589526152466, 0.24328004861245464, 0.16421079701814797, 0.05375460145162505, -0.06697800051298683, -0.17469880039041405, -0.24841705959033772, -0.2735643748333702, -0.24484839241445797, -0.16744205221908567, -0.0560073719218072, -0.06776136907010367, 0.1794096905775022, 0.2528660246036324, -0.19611613513817303], [0.05173490910303282, 0.11001334603347698, -0.17047142654654518, -0.22437574695203974, 0.26408398688871704, 0.28364185954690874, 0.2793414024045163, 0.25011280890476767, 0.19766477680240124, 0.1263413709658174, 0.042692653612466304, -0.04519499807273854, -0.12855153207558223, -0.1988559375032326, -0.2487668496339768, -0.27292581639700253, -0.26857734538804373, -0.23589188884981452, -0.17801805760160533, -0.10076648147849435, -0.012098997140078867, 0.07873480564299074, -0.16189977642462278, 0.22813806369899925, 0.26646652607830795, -0.19611613513817294], [-0.025927967231387333, -0.05691229724542231, 0.09262701305143194, 0.1305623693262327, -0.16834908660486128, -0.20373395231493435, -0.23461817610972863, -0.25912180346314706, -0.27565674946367574, -0.28299366650078317, -0.28032048156428696, -0.26728138111455363, -0.24400148036902497, -0.21108425098742858, -0.16959574327487803, -0.12101681022056708, -0.06719141025022154, -0.01023786266624291, 0.04752182594250336, 0.10368387081687512, 0.15581377482543515, 0.20160366542595592, -0.23876359940886666, 0.2652842045186823, 0.27647101221966974, -0.1961161351381729], [0.0071697704702090624, 0.016016035063973706, -0.026768535879827856, -0.039111633159366936, 0.05279195976832855, 0.0675844407918779, 0.08327546094913015, 0.09965572472044033, 0.11651611691797872, 0.13364740850891577, 0.1508389996017484, 0.16788126577018708, 0.18456450010485828, 0.20068313402121232, 0.2160332596925513, 0.23041925364378468, 0.24364754260256924, 0.2555377711967392, 0.26590719363393794, 0.2745928346490756, 0.28140730453568336, 0.28619467839759954, -0.28864826690600026, 0.2885006672161965, 0.2826106146175624, -0.19611613513817275]]

