[shined]
shined = [2, 6]

[amplitude]
pulse_type = AM
shape = rectangular
mu = 2086737.1366728372
delta_t = 1.4999999999999999e-05
segnum = 38
amp_list0 = [0.30395393170636503, 0.23828315347683132, -0.3209374243708404, -0.19699550773413113, 0.3633477498749777, 0.1920467498134538, -0.3942681317328216, -0.4041608557445299, 0.008647092634999048, 0.2588801692578491, -0.40295226928747374, -0.4099565135595875, 0.0926844519045237, 0.09046739009063598, -0.4093963968245664, -0.21702728932047333, 0.41514475736702716, 0.4237247586708256, -0.29800851830235137, -0.28870341154838225, 0.4235265463685661, 0.41350407574106784, -0.20272364050542355, -0.402639741418752, 0.09173632246606862, 0.09663370719989751, -0.40648080780079976, -0.40385340955888244, 0.25514424873838626, 0.008189132620684922, -0.40928720050470146, -0.3957490028504379, 0.17355590905231538, 0.3642642114668407, -0.20313708707563438, -0.32466831364611576, 0.22767242855152361, 0.3023629296475198]
amp_list1 = [0.30395393170636503, 0.23828315347683132, -0.3209374243708404, -0.19699550773413113, 0.3633477498749777, 0.1920467498134538, -0.3942681317328216, -0.4041608557445299, 0.008647092634999048, 0.2588801692578491, -0.40295226928747374, -0.4099565135595875, 0.0926844519045237, 0.09046739009063598, -0.4093963968245664, -0.21702728932047333, 0.41514475736702716, 0.4237247586708256, -0.29800851830235137, -0.28870341154838225, 0.4235265463685661, 0.41350407574106784, -0.20272364050542355, -0.402639741418752, 0.09173632246606862, 0.09663370719989751, -0.40648080780079976, -0.40385340955888244, 0.25514424873838626, 0.008189132620684922, -0.40928720050470146, -0.3957490028504379, 0.17355590905231538, 0.3642642114668407, -0.20313708707563438, -0.32466831364611576, 0.22767242855152361, 0.3023629296475198]

