[phonon]
partialpos = [0.0e+00 5.0e-06 1.0e-05 1.5e-05 2.0e-05 2.5e-05 3.0e-05 3.5e-05 4.0e-05]
z_freqcal = [2022846.1577142123, 2035171.4056948468, 2052697.2913765924, 2074423.5336232851, 2099050.7397223893, 2124891.2365885074, 2149685.9184816685, 2170065.427725768, 2180000.0]
z_modes = [[0.0573741240320717, -0.12600513526227605, 0.20415395454673907, -0.2843440510702088, 0.359125743522028, 0.4210752472526365, -0.463623728861152, 0.47535965611276926, -0.333333333333333], [-0.19487599902990013, 0.3690847595329028, -0.46870080857673063, 0.4448394843020916, -0.2907634510540353, -0.046025917337602425, -0.21607499036597147, 0.40469233797987886, -0.33333333333333315], [0.34679964058912555, -0.4825953214780379, 0.3018363870480702, 0.09001974423072688, -0.4097449074669381, -0.41545313417655605, 0.09809589407729358, 0.29393348676021275, -0.33333333333333504], [-0.4606018574108992, 0.3391178288671536, 0.19620478468776756, -0.4616955051497351, 0.11082697212018632, -0.3846764151689594, 0.35490263813448997, 0.15446816591684526, -0.3333333333333318], [0.5026081836391949, 6.4068642319708295e-15, -0.4669886354116977, 9.546688786955757e-16, 0.46111128575752575, 8.351260827413263e-20, 0.45340037403068045, -1.9680193099699886e-17, -0.33333333333333265], [-0.46060185741088744, -0.33911782886716313, 0.1962047846877747, 0.46169550514973456, 0.11082697212018545, 0.38467641516895956, 0.3549026381344914, -0.15446816591684687, -0.3333333333333344], [0.34679964058911333, 0.48259532147804785, 0.30183638704806465, -0.09001974423073482, -0.4097449074669424, 0.4154531341765537, 0.0980958940772937, -0.2939334867602113, -0.33333333333333426], [-0.19487599902989217, -0.36908475953291203, -0.4687008085767334, -0.4448394843020856, -0.29076345105403256, 0.0460259173375998, -0.2160749903659732, -0.4046923379798783, -0.33333333333333315], [0.05737412403207116, 0.12600513526228185, 0.2041539545467426, 0.2843440510702069, 0.35912574352202786, -0.42107524725263445, -0.46362372886115355, -0.4753596561127682, -0.3333333333333327]]

