[result]
infid = 0.038590202094412995
tracedist = 0.07899371754962552
infid_ideal = -1.728304407233594e-05
bound_eq26 = 0.162462267912515

