[shined]
shined = [1, 4]

[amplitude]
pulse_type = AM
shape = rectangular
mu = 2088733.0373354438
delta_t = 1.4999999999999999e-05
segnum = 24
amp_list0 = [0.21363498237040432, -0.6563897511104078, 0.5927570945530961, 0.2691580475268943, -0.8033621547552009, 0.028319603606024247, 0.8759018912182496, -0.3324565873143032, -0.7991114310588677, 0.5746312749840199, 0.6892866824988018, -0.7468134453885643, -0.49121571402924147, 0.8821330835284835, 0.2619082370106777, -0.9241839734154127, -0.010238013636853123, 0.8733323493735258, -0.2567701303792962, -0.7238601945825773, 0.4910615007559468, 0.4537171968147478, -0.7169284842405698, 0.31416148236700203]
amp_list1 = [0.21363498237040432, -0.6563897511104078, 0.5927570945530961, 0.2691580475268943, -0.8033621547552009, 0.028319603606024247, 0.8759018912182496, -0.3324565873143032, -0.7991114310588677, 0.5746312749840199, 0.6892866824988018, -0.7468134453885643, -0.49121571402924147, 0.8821330835284835, 0.2619082370106777, -0.9241839734154127, -0.010238013636853123, 0.8733323493735258, -0.2567701303792962, -0.7238601945825773, 0.4910615007559468, 0.4537171968147478, -0.7169284842405698, 0.31416148236700203]

