[result]
infid = 0.014222210933046653
tracedist = 0.029446712532478193
infid_ideal = -1.5223273529763048e-05
bound_eq26 = 0.0587818118909526

