[shined]
shined = [0, 1]

[amplitude]
pulse_type = AM
shape = rectangular
mu = 2098546.313520689
delta_t = 1.4999999999999999e-05
segnum = 10
amp_list0 = [0.5339523215044071, -0.7730781086857218, 0.023999932747269456, 0.8662270139900585, -0.45146721666963324, -0.5158461574098028, 0.8449663587705635, 0.11151675045487018, -0.7820118018825044, 0.4748821330005298]
amp_list1 = [0.5339523215044071, -0.7730781086857218, 0.023999932747269456, 0.8662270139900585, -0.45146721666963324, -0.5158461574098028, 0.8449663587705635, 0.11151675045487018, -0.7820118018825044, 0.4748821330005298]

