[result]
infid = 0.003882062301410749
tracedist = 0.008325135774360552
infid_ideal = -5.250553744229336e-06
bound_eq26 = 0.0156692964641070

