[shined]
shined = [3, 8]

[amplitude]
pulse_type = AM
shape = rectangular
mu = 2094329.3491198844
delta_t = 1.4999999999999999e-05
segnum = 44
amp_list0 = [-0.1465817934565741, 0.5045165139486946, -0.6724608576321721, 0.1290670840780822, 0.6117705984606895, -0.3824887158324619, -0.5576090185470011, 0.5320924047305472, 0.536662874818509, -0.6431037624466549, -0.5414789197731579, 0.7264412626022096, 0.5625209526004566, -0.7871504953251572, -0.6056147680992852, 0.8311128975999954, 0.64713395933317, -0.8545057785727909, -0.6960683142912393, 0.8484584054289199, 0.7344745608005783, -0.836324989569883, -0.7752359385021262, 0.79577302263996, 0.792805343845598, -0.7575298569268555, -0.7992062430042346, 0.707162193327989, 0.7828204372671635, -0.6588673033645517, -0.747529663213767, 0.6188787936893533, 0.6866441661098864, -0.5902901138578046, -0.6071283853408427, 0.5805946190805783, 0.4910356387627277, -0.588568961369808, -0.34363792968338924, 0.6241867965708584, 0.0922874439118707, -0.6644108418197153, 0.5160921151712294, -0.1560463325196662]
amp_list1 = [-0.1465817934565741, 0.5045165139486946, -0.6724608576321721, 0.1290670840780822, 0.6117705984606895, -0.3824887158324619, -0.5576090185470011, 0.5320924047305472, 0.536662874818509, -0.6431037624466549, -0.5414789197731579, 0.7264412626022096, 0.5625209526004566, -0.7871504953251572, -0.6056147680992852, 0.8311128975999954, 0.64713395933317, -0.8545057785727909, -0.6960683142912393, 0.8484584054289199, 0.7344745608005783, -0.836324989569883, -0.7752359385021262, 0.79577302263996, 0.792805343845598, -0.7575298569268555, -0.7992062430042346, 0.707162193327989, 0.7828204372671635, -0.6588673033645517, -0.747529663213767, 0.6188787936893533, 0.6866441661098864, -0.5902901138578046, -0.6071283853408427, 0.5805946190805783, 0.4910356387627277, -0.588568961369808, -0.34363792968338924, 0.6241867965708584, 0.0922874439118707, -0.6644108418197153, 0.5160921151712294, -0.1560463325196662]

