[shined]
shined = [0, 1]

[amplitude]
pulse_type = AM
shape = rectangular
mu = 2090588.1520530034
delta_t = 1.4999999999999999e-05
segnum = 36
amp_list0 = [-0.020962631234762007, 0.03421986559942064, 0.04684456869293247, -0.12205248215405275, -0.07120643449711962, 0.35656289399289987, -0.17967953132575348, -0.2997593954454658, 0.2530466892071875, 0.2451935563051453, -0.2714410915974583, -0.15539001277750417, 0.2571395859288009, -0.15342444009236034, 0.28146212528892667, -0.18477111655732545, -0.2799198254970113, 0.26290643769917066, 0.2617560241669842, -0.28151506591724984, -0.18420483059139015, 0.28326522557088535, -0.1533803329138154, 0.25540519399034495, -0.15598032871249742, -0.27001038985049197, 0.24620444631320076, 0.2520575036604678, -0.3010462538953864, -0.1791698541706989, 0.35774639271437064, -0.06967108209196322, -0.127995806952998, 0.053082955017277944, 0.03113427425270145, -0.020331557545560236]
amp_list1 = [-0.020962631234762007, 0.03421986559942064, 0.04684456869293247, -0.12205248215405275, -0.07120643449711962, 0.35656289399289987, -0.17967953132575348, -0.2997593954454658, 0.2530466892071875, 0.2451935563051453, -0.2714410915974583, -0.15539001277750417, 0.2571395859288009, -0.15342444009236034, 0.28146212528892667, -0.18477111655732545, -0.2799198254970113, 0.26290643769917066, 0.2617560241669842, -0.28151506591724984, -0.18420483059139015, 0.28326522557088535, -0.1533803329138154, 0.25540519399034495, -0.15598032871249742, -0.27001038985049197, 0.24620444631320076, 0.2520575036604678, -0.3010462538953864, -0.1791698541706989, 0.35774639271437064, -0.06967108209196322, -0.127995806952998, 0.053082955017277944, 0.03113427425270145, -0.020331557545560236]

