[phonon]
partialpos = [0.0e+00 5.0e-06 1.0e-05 1.5e-05 2.0e-05 2.5e-05 3.0e-05 3.5e-05 4.0e-05
	 4.5e-05 5.0e-05 5.5e-05 6.0e-05 6.5e-05 7.0e-05 7.5e-05]
z_freqcal = [2018310.1330611843, 2022450.5869150877, 2028555.4279713875, 2036507.170305625, 2046160.637570099, 2057340.1381170396, 2069837.2696991845, 2083408.0338692465, 2097768.2702367604, 2112586.535806631, 2127472.048822911, 2141955.233922858, 2155450.7898357334, 2167190.3666063854, 2176037.138895511, 2180000.0]
z_modes = [[-0.018696151278583522, -0.04167830189742348, 0.06932474240242213, -0.10045838254187112, 0.13397020789385813, -0.16876577813690827, -0.2037415937841507, 0.237803816478825, -0.2698627205308028, -0.298882336688918, 0.3238389705703064, 0.34382028201220444, -0.35778077228545685, 0.36482249384925913, -0.3601128053372594, -0.2500000000000033], [0.06665573224436105, 0.1418722802747952, -0.2197602998689038, 0.2885084644068764, -0.3376562944828523, 0.35906722462095864, 0.3478297637639987, -0.30284476499116464, 0.22705426578796808, 0.12714496036869574, -0.012935070262973115, 0.1037810507349871, -0.21020675485389137, 0.2942015484949995, -0.3411118156192393, -0.25000000000000394], [-0.12964593078649844, -0.2531844753477627, 0.3406097885526945, -0.359757598092518, 0.29769642022787374, -0.1644350074860088, 0.009393195081297974, -0.18047112681376928, 0.30446918457497923, 0.3481643653194211, -0.2989336785835166, -0.16856509248151802, -0.008949164464533133, 0.18636195179182333, -0.3103588209644011, -0.25000000000000483], [0.19743851444132823, 0.3368624301550149, -0.3521916462479177, 0.21899287224080816, 0.011244613052440223, -0.23515749901859245, -0.347742158892426, 0.29460327130433694, -0.10021225985608524, 0.14214376450945837, -0.3147836478485117, -0.3325340775224376, 0.18528954168465916, 0.05649713043402947, -0.26919244175591467, -0.2500000000000057], [-0.26217864581606054, -0.3662631136741873, 0.2328096915014035, 0.06144632854145001, -0.30800035538910847, 0.325055331897498, 0.09895415017200844, 0.20109025657724863, -0.34854542373029707, -0.23137753496487806, -0.06157963935911409, -0.3064363165603125, 0.31483144329081403, -0.07770868929349319, -0.21911426332730544, -0.2500000000000062], [0.31712282858665714, 0.32866105992551986, -0.021858602177983813, -0.3007524238947872, 0.3030297565372057, 0.017192310497324587, 0.31771398417870733, -0.27600272604403636, -0.06295427837801616, -0.3334270608486586, 0.2429802728470494, -0.1100462641371255, 0.3420416039849967, -0.19817422064784637, -0.16183630925949427, -0.2500000000000056], [-0.35691743484344923, -0.22755692692967575, -0.19773974081796528, 0.3374890622361973, 0.0014078356173912211, -0.3361592587837518, -0.18994300613803058, -0.22732394960059316, 0.31814504454717657, -0.04725841694012215, 0.3442132327859921, 0.14675809724732614, 0.26053082977427294, -0.2887359615113665, -0.09926368805520705, -0.2500000000000043], [0.3777867743899266, 0.08128704749375468, 0.33625340281210186, -0.14546832289616907, -0.3042981695407591, 0.20320267640948383, -0.2639669147022899, 0.2531452230891552, 0.21497224968498363, 0.2934922592450078, 0.15873468855783657, 0.32322232070689055, 0.0969851926338064, -0.337264253117386, -0.03345141362653208, -0.25000000000000255], [-0.37778677438995517, 0.08128704749362102, -0.3362534028121232, -0.1454683228961175, 0.3042981695407713, 0.2032026764094664, 0.26396691470230405, 0.2531452230891476, -0.2149722496849882, 0.29349225924500083, -0.15873468855784417, 0.3232223207068845, -0.09698519263381496, -0.33726425311738617, 0.0334514136265353, -0.2500000000000011], [0.356917434843523, -0.2275569269295605, 0.19773974081801554, 0.3374890622361693, -0.00140783561741545, -0.33615925878375097, 0.18994300613801413, -0.2273239496005969, -0.31814504454717807, -0.0472584169401295, -0.3442132327859965, 0.14675809724731473, -0.2605308297742805, -0.288735961511365, 0.09926368805521249, -0.2500000000000008], [-0.3171228285867546, 0.3286610599254361, 0.021858602177930852, -0.3007524238947924, -0.30302975653719033, 0.01719231049734316, -0.3177139841787175, -0.2760027260440259, 0.06295427837802459, -0.3334270608486593, -0.2429802728470451, -0.11004626413713622, -0.34204160398499933, -0.19817422064784732, 0.16183630925949588, -0.24999999999999659], [0.26217864581616346, -0.3662631136741395, -0.23280969150137068, 0.061446328541473555, 0.30800035538911136, 0.32505533189748875, -0.09895415017199431, 0.20109025657725238, 0.3485454237303029, -0.23137753496487082, 0.06157963935912336, -0.3064363165603161, -0.31483144329081103, -0.07770868929349449, 0.21911426332730594, -0.24999999999999367], [-0.19743851444141433, 0.33686243015499157, 0.35219164624791033, 0.21899287224078576, -0.011244613052451335, -0.2351574990185988, 0.34774215889242854, 0.2946032713043278, 0.10021225985608531, 0.14214376450945876, 0.31478364784851515, -0.33253407752243364, -0.18528954168465536, 0.05649713043402788, 0.2691924417559188, -0.24999999999999328], [0.12964593078655554, -0.25318447534775096, -0.3406097885527015, -0.359757598092506, -0.2976964202278682, -0.164435007486003, -0.009393195081303537, -0.18047112681376729, -0.30446918457498473, 0.3481643653194189, 0.29893367858351905, -0.16856509248151597, 0.008949164464532849, 0.18636195179182058, 0.3103588209644084, -0.24999999999999276], [-0.06665573224439202, 0.1418722802747914, 0.2197602998689114, 0.28850846440687056, 0.3376562944828524, 0.3590672246209613, -0.3478297637640014, -0.30284476499115504, -0.2270542657879698, 0.1271449603686945, 0.01293507026297408, 0.10378105073498452, 0.21020675485388762, 0.2942015484949972, 0.3411118156192507, -0.2499999999999925], [0.018696151278592206, -0.041678301897423206, -0.06932474240242661, -0.10045838254187085, -0.13397020789385794, -0.1687657781369076, 0.20374159378415024, 0.23780381647881696, 0.2698627205308072, -0.298882336688917, -0.32383897057030964, 0.3438202820122002, 0.357780772285453, 0.3648224938492591, 0.360112805337273, -0.24999999999999326]]

