[result]
infid = 0.0005146731634851909
tracedist = 0.0139199451213283
infid_ideal = 0.12335079030539009

