[result]
bound_eq26 = 0.0244830770218247
infid = 0.006666549752144424
tracedist = 0.013375473363715293
infid_ideal = -5.922508039546415e-06

