[shined]
shined = [0, 2]

[amplitude]
pulse_type = AM
shape = rectangular
mu = 2116870.9727079733
delta_t = 1.4999999999999999e-05
segnum = 63
amp_list0 = [0.4999989998262879, 0.4999975079066439, -0.23623033532953777, -0.4999862596463424, -0.49993324629116526, 0.4987894307013976, 0.49986590199691566, 0.13526049051901015, -0.49924901476398414, -0.3061553974149319, -0.012874660519472527, 0.1275608354344662, 0.05697676528514546, -0.010636684741341431, -0.07667420677446442, 0.01718186957624156, 0.11358116029795508, 0.058913782609359734, -0.05545039747349557, -0.07594047974342227, -0.0015376725116440385, 0.047896941268499756, 0.009392874139380256, -0.05147555657798563, -0.04633400923597291, 0.015781599900905177, 0.05168001978876603, 0.019969775187366326, -0.031513550302079966, -0.03569286328622266, 0.00708603282154259, 0.034320123227876295, 0.007393332569750249, -0.03561735192442444, -0.031569346455733255, 0.01992806908420237, 0.05132124912995879, 0.015546787769935832, -0.04586302957238762, -0.0515255680816033, 0.007867569080165272, 0.04633878876300665, -0.0018669365509273578, -0.0753075606969905, -0.05403759254297472, 0.060372689924638276, 0.11369687759144875, 0.01664392569462549, -0.07603352150083693, -0.009302850753604245, 0.057087588519400004, 0.12577293092965716, -0.014948487965021082, -0.30400549927270826, -0.4998214016275106, 0.1478751154436291, 0.4999220221830505, 0.4985960671895884, -0.49993131755411474, -0.49998550177535284, -0.22211012563352442, 0.4999982452437149, 0.49999999999966654]
amp_list1 = [0.4999989998262879, 0.4999975079066439, -0.23623033532953777, -0.4999862596463424, -0.49993324629116526, 0.4987894307013976, 0.49986590199691566, 0.13526049051901015, -0.49924901476398414, -0.3061553974149319, -0.012874660519472527, 0.1275608354344662, 0.05697676528514546, -0.010636684741341431, -0.07667420677446442, 0.01718186957624156, 0.11358116029795508, 0.058913782609359734, -0.05545039747349557, -0.07594047974342227, -0.0015376725116440385, 0.047896941268499756, 0.009392874139380256, -0.05147555657798563, -0.04633400923597291, 0.015781599900905177, 0.05168001978876603, 0.019969775187366326, -0.031513550302079966, -0.03569286328622266, 0.00708603282154259, 0.034320123227876295, 0.007393332569750249, -0.03561735192442444, -0.031569346455733255, 0.01992806908420237, 0.05132124912995879, 0.015546787769935832, -0.04586302957238762, -0.0515255680816033, 0.007867569080165272, 0.04633878876300665, -0.0018669365509273578, -0.0753075606969905, -0.05403759254297472, 0.060372689924638276, 0.11369687759144875, 0.01664392569462549, -0.07603352150083693, -0.009302850753604245, 0.057087588519400004, 0.12577293092965716, -0.014948487965021082, -0.30400549927270826, -0.4998214016275106, 0.1478751154436291, 0.4999220221830505, 0.4985960671895884, -0.49993131755411474, -0.49998550177535284, -0.22211012563352442, 0.4999982452437149, 0.49999999999966654]

