[phonon]
partialpos = [0.0e+00 5.0e-06 1.0e-05 1.5e-05]
z_freqcal = [2046051.9626693907, 2093949.8473722234, 2147482.08079028, 2179999.9999999995]
z_modes = [[0.25490142421265394, 0.49999999999999944, -0.6595644501747806, -0.5000000000000006], [-0.6595644501747815, -0.4999999999999999, -0.25490142421265405, -0.49999999999999867], [0.6595644501747802, -0.5000000000000017, 0.25490142421265266, -0.4999999999999993], [-0.254901424212653, 0.4999999999999988, 0.6595644501747809, -0.5000000000000012]]

