[result]
infid = 0.16045273305405838
tracedist = 0.39050748029476534
infid_ideal = 0.007933012166411846
bound_eq26 = 1.07858144242238

