[result]
infid = 0.015234355269191702
tracedist = 0.030617411885880654
infid_ideal = -4.8675069190817766e-06
bound_eq26 = 0.0619749611850841

