[shined]
shined = [0, 1]

[amplitude]
pulse_type = AM
shape = rectangular
mu = 2104745.3789149793
delta_t = 1.4999999999999999e-05
segnum = 24
amp_list0 = [-0.1387378932807925, 0.42955271866862244, -0.49525359793329055, 0.007068611962430947, 0.49892371592084134, -0.2509653452036371, -0.31681377102152863, 0.1309049318214588, 0.49786889678910523, -0.2963310894650908, -0.4997382303788348, 0.44823844021332465, 0.4048991497301562, -0.4958355452775738, -0.2760786445965098, 0.49446672667879127, 0.11040844093715899, -0.2986691646955158, -0.25205482731273776, 0.4938122491387107, 0.006237833015366657, -0.49002205822305905, 0.4259239274372427, -0.13783695310347227]
amp_list1 = [-0.1387378932807925, 0.42955271866862244, -0.49525359793329055, 0.007068611962430947, 0.49892371592084134, -0.2509653452036371, -0.31681377102152863, 0.1309049318214588, 0.49786889678910523, -0.2963310894650908, -0.4997382303788348, 0.44823844021332465, 0.4048991497301562, -0.4958355452775738, -0.2760786445965098, 0.49446672667879127, 0.11040844093715899, -0.2986691646955158, -0.25205482731273776, 0.4938122491387107, 0.006237833015366657, -0.49002205822305905, 0.4259239274372427, -0.13783695310347227]

