[shined]
shined = [0, 1]

[amplitude]
pulse_type = AM
shape = rectangular
mu = 2111322.6706592506
delta_t = 1.4999999999999999e-05
segnum = 2
amp_list0 = [0.0, 0.0]
amp_list1 = [0.0, 0.0]

