[shined]
shined = [0, 1]

[amplitude]
pulse_type = AM
shape = rectangular
mu = 2111322.6706592506
delta_t = 1.4999999999999999e-05
segnum = 18
amp_list0 = [-0.2594437766162328, 0.4760038624518439, -0.12116102173676924, -0.4943353694540164, 0.2788208420980747, 0.497777883995802, -0.3682248065435376, -0.49371719430503463, 0.4861605904136305, 0.4725812178873719, -0.49053127466361157, -0.3565114770771186, 0.4784665554999589, 0.29177013532911295, -0.4944864013244633, -0.12771593051456429, 0.48089248163305326, -0.26075945892012314]
amp_list1 = [-0.2594437766162328, 0.4760038624518439, -0.12116102173676924, -0.4943353694540164, 0.2788208420980747, 0.497777883995802, -0.3682248065435376, -0.49371719430503463, 0.4861605904136305, 0.4725812178873719, -0.49053127466361157, -0.3565114770771186, 0.4784665554999589, 0.29177013532911295, -0.4944864013244633, -0.12771593051456429, 0.48089248163305326, -0.26075945892012314]

