[result]
bound_eq26 = 0.0129670783431042
infid = 0.0035683402796784502
tracedist = 0.007183255520139934
infid_ideal = -7.687909924225522e-06

