[phonon]
partialpos = [0.0e+00 5.0e-06 1.0e-05 1.5e-05 2.0e-05 2.5e-05 3.0e-05 3.5e-05 4.0e-05
	 4.5e-05 5.0e-05 5.5e-05 6.0e-05 6.5e-05 7.0e-05 7.5e-05 8.0e-05 8.5e-05
	 9.0e-05]
z_freqcal = [2017678.6824421163, 2020642.627677953, 2025036.0293664662, 2030797.0806557222, 2037850.2176309482, 2046104.609202674, 2055453.3420584162, 2065772.5631947042, 2076920.3339705195, 2088734.919967293, 2101032.289853041, 2113602.2432232774, 2126202.68178336, 2138550.2764697443, 2150305.961427623, 2161047.871095803, 2170223.0705557796, 2177014.798886505, 2179999.9999999995]
z_modes = [[0.013327059595281533, -0.029746868686474418, 0.04960982185312984, -0.072198935454062, 0.0968754601965781, -0.12302407711721892, -0.15003430899479178, 0.17729106594966904, -0.2041823991884415, -0.230096563690056, 0.2544415112006745, -0.2766328730017016, 0.29612876493410073, -0.3123812131076174, 0.32491270148474694, 0.3330905329977832, 0.3363674830882021, -0.33065675765671476, -0.22941573387056546], [-0.04783010221548659, 0.10331482135245451, -0.1638790568531931, 0.22267870373655793, -0.27332330927945436, 0.31020185286084523, 0.3288639795545953, -0.32637849413274356, 0.3015836101546298, 0.2552234277800843, -0.1899044704302077, 0.10993872061661542, -0.020984970795994016, -0.07032327756987392, 0.15697624109123834, 0.2318675455119849, 0.28856354167827236, -0.3178972935271876, -0.2294157338705643], [0.09414825593947053, -0.19147667199046117, 0.27593837989957387, -0.32579892860480963, 0.32659163554010395, -0.2738035844690562, -0.17386669440624813, 0.04307491169413947, 0.09543738973112421, 0.21615808633515546, -0.2961870710307257, 0.31986007844133535, -0.2819497877068016, 0.1890005870638647, -0.05819194913973293, 0.08544130819843071, 0.2139012657489741, -0.29717278507990963, -0.229415733870563], [-0.14594521529866522, 0.2706624434921607, -0.3326343206817976, 0.2990618972053445, -0.1724603047799415, -0.00981198991772994, -0.1883593358871985, 0.3026879038029293, -0.3130015628943158, -0.21498473968599446, 0.0421884304476883, 0.14516568364767524, -0.2810051218409478, 0.316803861775195, -0.23882978633532512, -0.07383413419867704, 0.12019833762657338, -0.2692209145901545, -0.22941573387056535], [0.19851861918550143, -0.32294753343833305, 0.3053256237512679, -0.1379161274702377, -0.09942400136893745, 0.2827208506665338, 0.3130420209922632, -0.1729834112349309, -0.061612306778937385, -0.26206104195490143, 0.3176037264329118, -0.19713065578680647, -0.03267785834741442, 0.24379158513563765, -0.3175497804235131, -0.21146337145921096, 0.01675394136210205, -0.23482357814407723, -0.22941573387056358], [-0.24771530194494923, 0.33595087785123884, -0.19415756886158103, -0.08813907940966532, 0.30039127152212225, -0.27866073343690323, -0.03913989005163791, -0.23056376000492432, 0.31772078436846235, 0.15311930938116386, 0.13289028746714862, -0.3129392643089218, 0.24352591835515952, 0.020102256431623704, -0.2667862542576981, -0.2980061525620905, -0.08634487821736242, -0.19485580523695556, -0.22941573387056405], [0.2899794918081724, -0.30443035699731713, 0.027614731440380624, 0.271370144875124, -0.2849595558246072, -0.0009146573850347495, -0.28475227839218004, 0.2659338192362385, 0.03549713921289947, 0.2986380060773512, -0.2428898423572307, -0.0721941861465747, 0.30983649440881705, -0.215675002148564, -0.10906537823580012, -0.3153707674211991, -0.17911588727853153, -0.15029199151791545, -0.22941573387056266], [-0.32237550382806857, 0.23072874250987313, 0.14691117872670584, -0.32176386792962774, 0.06283024590685946, 0.27940829437852943, 0.24151839893473126, 0.12440068940960258, -0.3203022800467872, -0.07957052190061248, -0.2692732730813797, 0.2502721931043395, 0.11046644272456933, -0.31986453551538657, 0.09201319967270241, -0.26069666697744176, -0.25260616430178556, -0.10219599958554994, -0.22941573387056166], [0.3427185675365522, -0.12428998629838779, -0.27802447744668646, 0.2136713612333404, 0.20503017676143004, -0.2791460076556436, 0.1136259497587415, -0.3151036427062813, -0.011680096885719835, -0.31833343754472504, 0.09080624200635719, 0.288729174214924, -0.18326636989480533, -0.22960670777273182, 0.2566256647302846, -0.14693721140415233, -0.29973500335152403, -0.05170349704303598, -0.2294157338705585], [-0.34965174155563133, 3.7683800700941784e-14, 0.3265913763444218, -3.091513016781857e-14, -0.32310323734831164, 4.144044389362155e-15, -0.3217956830165454, 1.3435457140891318e-14, 0.32107944465417976, 3.492844029244764e-15, 0.32064891868951145, 1.2917512555798825e-15, -0.32014702367337866, -5.71147069925042e-16, 0.319790682826205, 8.157618667054032e-15, -0.31596527270982905, -2.4692965887405523e-15, -0.22941573387055716], [0.3427185675366005, 0.12428998629830977, -0.2780244774467258, -0.21367136123328606, 0.20503017676144747, 0.279146007655632, 0.11362594975873382, 0.3151036427062702, -0.011680096885726918, 0.3183334375447217, 0.09080624200637073, -0.2887291742149215, -0.18326636989479936, 0.22960670777273312, 0.2566256647302823, 0.14693721140416519, -0.2997350033515243, 0.051703497043026805, -0.22941573387055447], [-0.32237550382814056, -0.23072874250979225, 0.14691117872675516, 0.32176386792959355, 0.06283024590684994, -0.27940829437851084, 0.24151839893474142, -0.12440068940961276, -0.32030228004678596, 0.07957052190061331, -0.26927327308136934, -0.2502721931043448, 0.11046644272457343, 0.3198645355153914, 0.09201319967269944, 0.26069666697745403, -0.252606164301788, 0.10219599958554214, -0.22941573387055386], [0.289979491808255, 0.3044303569972406, 0.027614731440346436, -0.27137014487512046, -0.2849595558246187, 0.000914657385023886, -0.2847522783921841, -0.26593381923622605, 0.03549713921291166, -0.29863800607735147, -0.24288984235723307, 0.07219418614657386, 0.30983649440881406, 0.215675002148562, -0.10906537823580446, 0.3153707674212032, -0.17911588727853067, 0.15029199151791334, -0.22941573387055791], [-0.24771530194503028, -0.3359508778511739, -0.19415756886157828, 0.0881390794096883, 0.30039127152214373, 0.2786607334368948, -0.03913989005164886, 0.2305637600049239, 0.31772078436845824, -0.1531193093811678, 0.13289028746713197, 0.31293926430892344, 0.24352591835515133, -0.02010225643162936, -0.26678625425770214, 0.29800615256208735, -0.0863448782173593, 0.19485580523695953, -0.22941573387056174], [0.19851861918557145, 0.3229475334382787, 0.30532562375129263, 0.1379161274702035, -0.09942400136894416, -0.28272085066650887, 0.31304202099227774, 0.17298341123492572, -0.06161230677894427, 0.26206104195490076, 0.3176037264329098, 0.19713065578681624, -0.03267785834741222, -0.2437915851356382, -0.317549780423515, 0.21146337145920713, 0.016753941362099675, 0.2348235781440828, -0.22941573387056288], [-0.14594521529872076, -0.270662443492126, -0.3326343206818448, -0.2990618972053089, -0.1724603047799459, 0.009811989917716568, -0.188359335887199, -0.30268790380292976, -0.31300156289431397, 0.2149847396859951, 0.042188430447693916, -0.14516568364767765, -0.2810051218409416, -0.3168038617751899, -0.2388297863353205, 0.07383413419867106, 0.12019833762656616, 0.26922091459015907, -0.22941573387056308], [0.09414825593951014, 0.1914766719904409, 0.2759383798996168, 0.3257989286047725, 0.32659163554010306, 0.27380358446903746, -0.17386669440626457, -0.04307491169414585, 0.09543738973111715, -0.21615808633514685, -0.29618707103072156, -0.3198600784413527, -0.28194978770680307, -0.1890005870638633, -0.058191949139728506, -0.08544130819843498, 0.21390126574896362, 0.29717278507991773, -0.2294157338705637], [-0.047830102215506626, -0.10331482135244369, -0.1638790568532186, -0.22267870373653292, -0.2733233092794542, -0.3102018528608235, 0.32886397955462143, 0.32637849413275194, 0.3015836101546253, -0.2552234277800781, -0.18990447043020636, -0.10993872061662198, -0.020984970795994182, 0.07032327756987862, 0.1569762410912455, -0.2318675455119867, 0.28856354167825676, 0.3178972935271942, -0.22941573387056424], [0.013327059595286628, 0.029746868686470532, 0.049609821853137746, 0.07219893545405526, 0.09687546019657907, 0.12302407711721003, -0.1500343089948031, -0.17729106594967345, -0.20418239918843814, 0.23009656369004863, 0.25444151120066755, 0.27663287300171224, 0.29612876493410023, 0.3123812131076234, 0.3249127014847552, -0.3330905329977828, 0.3363674830881835, 0.33065675765672103, -0.229415733870565]]

