[result]
bound_eq26 = 0.0188365435937544
infid = 0.0046722341018636815
tracedist = 0.009352340235038335
infid_ideal = -3.46237103587832e-06

