[shined]
shined = [0, 5]

[amplitude]
pulse_type = AM
shape = rectangular
mu = 2107516.761817944
delta_t = 1.4999999999999999e-05
segnum = 41
amp_list0 = [0.05824256222985241, 0.10421520738348944, 0.13390600262758753, 0.11730326072465744, 0.09824852431688673, 0.13150006126460684, -0.008146525455755213, -0.07700655197562534, -0.07870423312513096, -0.058562825632866675, -0.02356635744904672, 0.06963189746623634, 0.24112506540740608, 0.3143826998123129, 0.3116121231549175, 0.41450325242291247, 0.28146201707627355, 0.13542598932496616, -0.03454987275677819, -0.14035361514710806, -0.10360386096889324, -0.13959964954450022, -0.034206755567709746, 0.13512930521080113, 0.2813909996904373, 0.41440609115525306, 0.31261860795095453, 0.3148435291847497, 0.23995153474557684, 0.07050522240107976, -0.02308906106064666, -0.05870615588368128, -0.07888590746710145, -0.07673272140874028, -0.007947508358707271, 0.1314868191502461, 0.09870475830365379, 0.11770055758692419, 0.13359390879571945, 0.10423651733759501, 0.05891557402222925]
amp_list1 = [0.05824256222985241, 0.10421520738348944, 0.13390600262758753, 0.11730326072465744, 0.09824852431688673, 0.13150006126460684, -0.008146525455755213, -0.07700655197562534, -0.07870423312513096, -0.058562825632866675, -0.02356635744904672, 0.06963189746623634, 0.24112506540740608, 0.3143826998123129, 0.3116121231549175, 0.41450325242291247, 0.28146201707627355, 0.13542598932496616, -0.03454987275677819, -0.14035361514710806, -0.10360386096889324, -0.13959964954450022, -0.034206755567709746, 0.13512930521080113, 0.2813909996904373, 0.41440609115525306, 0.31261860795095453, 0.3148435291847497, 0.23995153474557684, 0.07050522240107976, -0.02308906106064666, -0.05870615588368128, -0.07888590746710145, -0.07673272140874028, -0.007947508358707271, 0.1314868191502461, 0.09870475830365379, 0.11770055758692419, 0.13359390879571945, 0.10423651733759501, 0.05891557402222925]

