[result]
infid = 0.016949337885346027
tracedist = 0.03366143708137015
infid_ideal = -6.01943393019333e-06
bound_eq26 = 0.0690154097274136

