[shined]
shined = [4, 11]

[amplitude]
pulse_type = AM
shape = rectangular
mu = 2090588.1519011203
delta_t = 1.4999999999999999e-05
segnum = 60
amp_list0 = [-0.11597784543975828, 0.4317724349932278, -0.6627175857973461, 0.2812349585325329, 0.4545794868156754, -0.49178984259846587, -0.31920718403270704, 0.5819845357216671, 0.2558068431642159, -0.6559610632773738, -0.22663385815329323, 0.7136339444743086, 0.22885219562872772, -0.7538874136085429, -0.25682502319202943, 0.799530775631216, 0.3080614697877054, -0.8278168085430216, -0.36800274660424953, 0.8494242533546336, 0.4388050685903378, -0.856227095855742, -0.5077438146154697, 0.8389866870196017, 0.5881737976425258, -0.8044823370389403, -0.6708518936201696, 0.7585374841316725, 0.7408925234288907, -0.6996717134209454, -0.8046757678511269, 0.6189648844816918, 0.85506404261519, -0.5442924617662753, -0.8923429537007688, 0.4589419216086449, 0.9053746127892619, -0.37775580102320255, -0.9070718974970924, 0.2981635223227984, 0.8934319102846211, -0.23498406904612062, -0.8603169998462543, 0.1700340919865461, 0.8310835433812938, -0.1372868413286945, -0.7824128606928573, 0.11366734264503166, 0.7382535095089274, -0.12293943902237213, -0.6819937499077873, 0.16019542514873075, 0.6250435920399321, -0.24870035282677505, -0.5332130267916241, 0.4043832443936395, 0.3444395308408892, -0.6656871189607225, 0.40788851468164616, -0.10186810316071696]
amp_list1 = [-0.11597784543975828, 0.4317724349932278, -0.6627175857973461, 0.2812349585325329, 0.4545794868156754, -0.49178984259846587, -0.31920718403270704, 0.5819845357216671, 0.2558068431642159, -0.6559610632773738, -0.22663385815329323, 0.7136339444743086, 0.22885219562872772, -0.7538874136085429, -0.25682502319202943, 0.799530775631216, 0.3080614697877054, -0.8278168085430216, -0.36800274660424953, 0.8494242533546336, 0.4388050685903378, -0.856227095855742, -0.5077438146154697, 0.8389866870196017, 0.5881737976425258, -0.8044823370389403, -0.6708518936201696, 0.7585374841316725, 0.7408925234288907, -0.6996717134209454, -0.8046757678511269, 0.6189648844816918, 0.85506404261519, -0.5442924617662753, -0.8923429537007688, 0.4589419216086449, 0.9053746127892619, -0.37775580102320255, -0.9070718974970924, 0.2981635223227984, 0.8934319102846211, -0.23498406904612062, -0.8603169998462543, 0.1700340919865461, 0.8310835433812938, -0.1372868413286945, -0.7824128606928573, 0.11366734264503166, 0.7382535095089274, -0.12293943902237213, -0.6819937499077873, 0.16019542514873075, 0.6250435920399321, -0.24870035282677505, -0.5332130267916241, 0.4043832443936395, 0.3444395308408892, -0.6656871189607225, 0.40788851468164616, -0.10186810316071696]

