[result]
infid = 0.057640711204522965
tracedist = 0.11346257082579995
infid_ideal = -1.651040050187902e-05
bound_eq26 = 0.247238611978417

