[shined]
shined = [0, 3]

[amplitude]
pulse_type = AM
shape = rectangular
mu = 2116870.9727079733
delta_t = 1.4999999999999999e-05
segnum = 38
amp_list0 = [0.19297589474398824, 0.16430184082109064, 0.02065029526633933, 0.0932372395564796, 0.21919500866976882, 0.24596404004964773, 0.14701077829799147, 0.05438906054890242, 0.11837145143945121, 0.1093939978205157, 0.10330865359640796, 0.10991663490615261, 0.12328705831979321, 0.17250709390793612, 0.2552100106060133, 0.21390920580098313, 0.07604976009192324, 0.02555432080786833, 0.01753869141873853, 0.01788714744748878, 0.026275910791083927, 0.07693431905837028, 0.2148834091290673, 0.25569732541938306, 0.17246524712127453, 0.12341796854247612, 0.11046956961927813, 0.10419221803468157, 0.11047259891928138, 0.11935226875627276, 0.055334055037938194, 0.14795901852663462, 0.24642522473952636, 0.21916992175088426, 0.09334933938954171, 0.02110703401462133, 0.16484333389553008, 0.19335033270603377]
amp_list1 = [0.19297589474398824, 0.16430184082109064, 0.02065029526633933, 0.0932372395564796, 0.21919500866976882, 0.24596404004964773, 0.14701077829799147, 0.05438906054890242, 0.11837145143945121, 0.1093939978205157, 0.10330865359640796, 0.10991663490615261, 0.12328705831979321, 0.17250709390793612, 0.2552100106060133, 0.21390920580098313, 0.07604976009192324, 0.02555432080786833, 0.01753869141873853, 0.01788714744748878, 0.026275910791083927, 0.07693431905837028, 0.2148834091290673, 0.25569732541938306, 0.17246524712127453, 0.12341796854247612, 0.11046956961927813, 0.10419221803468157, 0.11047259891928138, 0.11935226875627276, 0.055334055037938194, 0.14795901852663462, 0.24642522473952636, 0.21916992175088426, 0.09334933938954171, 0.02110703401462133, 0.16484333389553008, 0.19335033270603377]

