[result]
infid = 0.012648537357444867
tracedist = 0.025158397135258404
infid_ideal = -4.219802297589226e-06
bound_eq26 = 0.0512925964595202

